     0.004 4.64315e-05
     0.012 0.000113083
      0.02 0.000162506
     0.028 0.000198086
     0.036 0.000219892
     0.044 0.000228406
     0.052 0.000225077
      0.06 0.000212103
     0.068 0.000192074
     0.076 0.000167631
     0.084 0.000141206
     0.092 0.000114851
       0.1 9.01426e-05
     0.108 6.81637e-05
     0.116 4.9532e-05
     0.124 3.4462e-05
     0.132 2.28491e-05
      0.14  1.436e-05
     0.148 8.52111e-06
     0.156 4.7985e-06
     0.164 2.66231e-06
     0.172 1.63427e-06
      0.18 1.31683e-06
     0.188 1.40516e-06
     0.196 1.68489e-06
  0.204065 2.02296e-06
  0.212415 2.35103e-06
  0.221217 2.63176e-06
  0.230495 2.84751e-06
  0.240275 2.99859e-06
  0.250584 3.09565e-06
  0.261452 3.15305e-06
  0.272907 3.18434e-06
  0.284982 3.20005e-06
  0.297711 3.20729e-06
  0.311128 3.21036e-06
  0.325272 3.21155e-06
   0.34018 3.21196e-06
  0.355896 3.21209e-06
  0.372462 3.21213e-06
  0.389924 3.21214e-06
  0.408331 3.21214e-06
  0.427734 3.21214e-06
  0.448188 3.21214e-06
  0.469747 3.21214e-06
  0.492474 3.21214e-06
  0.516431 3.21214e-06
  0.541683 3.21214e-06
  0.568302 3.21214e-06
  0.596362 3.21214e-06
   0.62594 3.21213e-06
  0.657119 3.21213e-06
  0.689984 3.21213e-06
  0.724628 3.21213e-06
  0.761147 3.21213e-06
  0.799642 3.21213e-06
   0.84022 3.21213e-06
  0.882994 3.21213e-06
  0.928082 3.21213e-06
   0.97561 3.21213e-06
