     0.004 4.99304e-14
     0.012 3.9268e-14
      0.02 2.93493e-14
     0.028 2.18468e-14
     0.036 1.64915e-14
     0.044 1.2616e-14
     0.052 9.77374e-15
      0.06 7.68612e-15
     0.068 6.15192e-15
     0.076 5.01927e-15
     0.084 4.17539e-15
     0.092 3.53848e-15
       0.1 3.05019e-15
     0.108 2.66929e-15
     0.116 2.3669e-15
     0.124 2.12281e-15
     0.132 1.92279e-15
      0.14 1.75671e-15
     0.148 1.61717e-15
     0.156 1.49866e-15
     0.164 1.39704e-15
     0.172 1.30911e-15
      0.18 1.23239e-15
     0.188 1.16494e-15
     0.196 1.10522e-15
  0.204065 1.05156e-15
  0.212415 1.00186e-15
  0.221217 9.54932e-16
  0.230495 9.10566e-16
  0.240275 8.68547e-16
  0.250584 8.28669e-16
  0.261452 7.90749e-16
  0.272907 7.54621e-16
  0.284982 7.20145e-16
  0.297711 6.87193e-16
  0.311128 6.55663e-16
  0.325272 6.25462e-16
   0.34018 5.96517e-16
  0.355896 5.68763e-16
  0.372462 5.42147e-16
  0.389924 5.16625e-16
  0.408331 4.92165e-16
  0.427734 4.68739e-16
  0.448188 4.4633e-16
  0.469747 4.24929e-16
  0.492474 4.04533e-16
  0.516431 3.85147e-16
  0.541683 3.66781e-16
  0.568302 3.49454e-16
  0.596362 3.33191e-16
   0.62594 3.18021e-16
  0.657119 3.03982e-16
  0.689984 2.91117e-16
  0.724628 2.79479e-16
  0.761147 2.69127e-16
  0.799642 2.60134e-16
   0.84022 2.52604e-16
  0.882994 2.46704e-16
  0.928082 2.42639e-16
   0.97561 2.40569e-16
