     0.004 -6.64528e-05
     0.012 -6.79676e-05
      0.02 -5.87778e-05
     0.028 -5.11519e-05
     0.036 -4.42384e-05
     0.044 -3.79902e-05
     0.052 -3.23817e-05
      0.06 -2.73816e-05
     0.068 -2.29543e-05
     0.076 -1.9062e-05
     0.084 -1.56666e-05
     0.092 -1.27302e-05
       0.1 -1.02151e-05
     0.108 -8.0842e-06
     0.116 -6.30074e-06
     0.124 -4.82865e-06
     0.132 -3.63246e-06
      0.14 -2.6775e-06
     0.148 -1.93019e-06
     0.156 -1.35829e-06
     0.164 -9.31391e-07
     0.172 -6.21359e-07
      0.18 -4.02807e-07
     0.188 -2.53564e-07
     0.196 -1.54957e-07
  0.204065 -9.20575e-08
  0.212415 -5.275e-08
  0.221217 -2.84149e-08
  0.230495 -1.43158e-08
  0.240275 -6.70415e-09
  0.250584 -2.89839e-09
  0.261452 -1.14803e-09
  0.272907 -4.13182e-10
  0.284982 -1.3395e-10
  0.297711 -3.87707e-11
  0.311128 -9.9313e-12
  0.325272 -2.23185e-12
   0.34018 -4.36028e-13
  0.355896 -7.31625e-14
  0.372462 -1.02675e-14
  0.389924 -1.08626e-15
  0.408331 -2.71951e-17
  0.427734 3.50116e-17
  0.448188 1.80039e-17
  0.469747 7.86524e-18
  0.492474 4.23246e-18
  0.516431 3.14056e-18
  0.541683 2.69953e-18
  0.568302 2.36815e-18
  0.596362 2.06989e-18
   0.62594 1.80086e-18
  0.657119 1.56151e-18
  0.689984 1.35085e-18
  0.724628 1.16692e-18
  0.761147 1.00746e-18
  0.799642 8.70991e-19
   0.84022 7.59481e-19
  0.882994 6.92253e-19
  0.928082 7.79733e-19
   0.97561 4.47574e-19
