     0.004 -3.91648e-05
     0.012 -3.26735e-05
      0.02 -2.86261e-05
     0.028 -2.6344e-05
     0.036 -2.44326e-05
     0.044 -2.262e-05
     0.052 -2.08351e-05
      0.06 -1.90664e-05
     0.068 -1.73221e-05
     0.076 -1.56166e-05
     0.084 -1.39647e-05
     0.092 -1.23804e-05
       0.1 -1.08757e-05
     0.108 -9.46054e-06
     0.116 -8.14307e-06
     0.124 -6.92941e-06
     0.132 -5.82391e-06
      0.14 -4.82912e-06
     0.148 -3.94582e-06
     0.156 -3.17299e-06
     0.164 -2.50781e-06
     0.172 -1.94558e-06
      0.18 -1.47982e-06
     0.188 -1.10234e-06
     0.196 -8.03408e-07
  0.204065 -5.70957e-07
  0.212415 -3.91745e-07
  0.221217 -2.56874e-07
  0.230495 -1.60328e-07
  0.240275 -9.48074e-08
  0.250584 -5.28639e-08
  0.261452 -2.76624e-08
  0.272907 -1.35193e-08
  0.284982 -6.14178e-09
  0.297711 -2.58166e-09
  0.311128 -9.99669e-10
  0.325272 -3.55122e-10
   0.34018 -1.15255e-10
  0.355896 -3.39428e-11
  0.372462 -8.85036e-12
  0.389924 -1.7775e-12
  0.408331 5.77729e-14
  0.427734 4.92296e-13
  0.448188 5.67876e-13
  0.469747 5.4805e-13
  0.492474 5.00182e-13
  0.516431 4.44455e-13
  0.541683 3.88663e-13
  0.568302 3.36316e-13
  0.596362 2.88941e-13
   0.62594 2.47016e-13
  0.657119 2.10456e-13
  0.689984 1.78894e-13
  0.724628 1.51845e-13
  0.761147 1.28813e-13
  0.799642 1.09424e-13
   0.84022 9.37538e-14
  0.882994 8.39668e-14
  0.928082 9.29309e-14
   0.97561 5.24143e-14
