     0.004 0.00963654
     0.012  0.0150388
      0.02  0.0180281
     0.028  0.0199041
     0.036   0.020971
     0.044  0.0213731
     0.052  0.0212168
      0.06  0.0205963
     0.068  0.0195997
     0.076  0.0183101
     0.084  0.0168051
     0.092  0.0151559
       0.1   0.013427
     0.108  0.0116759
     0.116 0.00995309
     0.124 0.00830205
     0.132 0.00676005
      0.14  0.0053591
     0.148 0.00412822
     0.156  0.0030979
     0.164 0.00230751
     0.172 0.00180791
      0.18 0.00162286
     0.188  0.0016764
     0.196 0.00183569
  0.204065 0.00201145
  0.212415 0.00216842
  0.221217 0.00229424
  0.230495 0.00238642
  0.240275 0.00244891
  0.250584 0.00248823
  0.261452  0.0025112
  0.272907 0.00252362
  0.284982 0.00252984
  0.297711  0.0025327
  0.311128 0.00253391
  0.325272 0.00253438
   0.34018 0.00253455
  0.355896  0.0025346
  0.372462 0.00253461
  0.389924 0.00253462
  0.408331 0.00253462
  0.427734 0.00253462
  0.448188 0.00253462
  0.469747 0.00253462
  0.492474 0.00253462
  0.516431 0.00253462
  0.541683 0.00253461
  0.568302 0.00253461
  0.596362 0.00253461
   0.62594 0.00253461
  0.657119 0.00253461
  0.689984 0.00253461
  0.724628 0.00253461
  0.761147 0.00253461
  0.799642 0.00253461
   0.84022 0.00253461
  0.882994 0.00253461
  0.928082 0.00253461
   0.97561 0.00253461
