     0.004  0.0090307
     0.012  0.0239502
      0.02  0.0365453
     0.028  0.0480564
     0.036  0.0587297
     0.044  0.0686312
     0.052  0.0777781
      0.06  0.0861765
     0.068   0.093834
     0.076   0.100764
     0.084   0.106985
     0.092   0.112523
       0.1    0.11741
     0.108   0.121682
     0.116   0.125377
     0.124   0.128539
     0.132   0.131212
      0.14   0.133443
     0.148   0.135279
     0.156   0.136766
     0.164   0.137951
     0.172   0.138878
      0.18    0.13959
     0.188   0.140124
     0.196   0.140518
  0.204065   0.140803
  0.212415    0.14101
  0.221217   0.141155
  0.230495   0.141253
  0.240275   0.141315
  0.250584   0.141352
  0.261452   0.141373
  0.272907   0.141384
  0.284982    0.14139
  0.297711   0.141392
  0.311128   0.141393
  0.325272   0.141394
   0.34018   0.141394
  0.355896   0.141394
  0.372462   0.141394
  0.389924   0.141394
  0.408331   0.141394
  0.427734   0.141394
  0.448188   0.141394
  0.469747   0.141394
  0.492474   0.141394
  0.516431   0.141394
  0.541683   0.141394
  0.568302   0.141394
  0.596362   0.141394
   0.62594   0.141394
  0.657119   0.141394
  0.689984   0.141394
  0.724628   0.141394
  0.761147   0.141394
  0.799642   0.141394
   0.84022   0.141394
  0.882994   0.141394
  0.928082   0.141394
   0.97561   0.141394
