     0.004 -1.13207e-11
     0.012 1.36639e-11
      0.02 6.56495e-12
     0.028 -4.14645e-12
     0.036 -5.79315e-13
     0.044 1.1449e-12
     0.052 6.0804e-13
      0.06 2.19503e-13
     0.068 -1.77081e-14
     0.076 6.46556e-14
     0.084 4.41541e-13
     0.092 8.64005e-13
       0.1 9.58178e-13
     0.108 8.21469e-13
     0.116 6.33696e-13
     0.124 4.79337e-13
     0.132 3.12205e-13
      0.14 1.69263e-13
     0.148 7.72562e-14
     0.156 1.16825e-14
     0.164 -2.88075e-15
     0.172 4.79349e-15
      0.18 8.55152e-15
     0.188 1.36287e-14
     0.196 1.86174e-14
  0.204065 2.20196e-14
  0.212415 2.36978e-14
  0.221217 2.71358e-14
  0.230495 2.52004e-14
  0.240275 1.19507e-14
  0.250584 4.11239e-15
  0.261452 1.15463e-14
  0.272907 2.47029e-14
  0.284982 3.10279e-14
  0.297711 2.36744e-14
  0.311128  1.678e-14
  0.325272 1.72636e-14
   0.34018 1.4047e-14
  0.355896 1.04361e-14
  0.372462 9.9915e-15
  0.389924 1.05364e-14
  0.408331 1.07123e-14
  0.427734 1.00098e-14
  0.448188 6.18015e-15
  0.469747 5.28969e-15
  0.492474 5.10841e-15
  0.516431 3.86188e-15
  0.541683 4.72726e-15
  0.568302 4.25933e-15
  0.596362 2.48158e-15
   0.62594 3.15941e-15
  0.657119 4.09731e-15
  0.689984 4.54635e-15
  0.724628 7.22454e-15
  0.761147 6.6069e-15
  0.799642 3.74285e-15
   0.84022 8.9532e-16
  0.882994 4.98355e-15
  0.928082 8.9962e-15
   0.97561 9.10677e-16
