     0.004 7.91424e-07
     0.012 1.78091e-06
      0.02 1.49433e-06
     0.028 1.18509e-06
     0.036 1.00881e-06
     0.044 8.87846e-07
     0.052 7.87012e-07
      0.06 6.97107e-07
     0.068 6.15905e-07
     0.076 5.43551e-07
     0.084 4.80173e-07
     0.092 4.25241e-07
       0.1 3.77953e-07
     0.108 3.37498e-07
     0.116 3.02919e-07
     0.124 2.73367e-07
     0.132 2.48043e-07
      0.14 2.26387e-07
     0.148 2.0793e-07
     0.156 1.92274e-07
     0.164 1.78996e-07
     0.172 1.67649e-07
      0.18 1.57776e-07
     0.188 1.48974e-07
     0.196 1.40849e-07
  0.204065 1.33234e-07
  0.212415 1.25768e-07
  0.221217 1.18382e-07
  0.230495 1.11101e-07
  0.240275 1.04192e-07
  0.250584 9.76712e-08
  0.261452 9.1692e-08
  0.272907 8.62022e-08
  0.284982 8.12121e-08
  0.297711 7.6635e-08
  0.311128 7.24213e-08
  0.325272 6.85027e-08
   0.34018 6.48308e-08
  0.355896 6.13655e-08
  0.372462 5.80694e-08
  0.389924 5.49165e-08
  0.408331 5.18805e-08
  0.427734 4.89453e-08
  0.448188 4.60919e-08
  0.469747 4.33108e-08
  0.492474 4.05882e-08
  0.516431 3.79168e-08
  0.541683 3.5285e-08
  0.568302 3.26856e-08
  0.596362 3.01096e-08
   0.62594 2.75488e-08
  0.657119 2.4988e-08
  0.689984 2.24177e-08
  0.724628 1.98395e-08
  0.761147 1.72771e-08
  0.799642 1.48815e-08
   0.84022 1.28469e-08
  0.882994 1.08211e-08
  0.928082 7.82664e-09
   0.97561 3.01603e-09
