     0.004 8.48367e-07
     0.012 8.55295e-07
      0.02 7.22275e-07
     0.028 6.18356e-07
     0.036 5.40764e-07
     0.044 4.78135e-07
     0.052 4.24654e-07
      0.06 3.75899e-07
     0.068 3.30294e-07
     0.076 2.88574e-07
     0.084 2.51743e-07
     0.092 2.20104e-07
       0.1 1.93226e-07
     0.108 1.70412e-07
     0.116 1.50959e-07
     0.124 1.34301e-07
     0.132 1.19978e-07
      0.14 1.07631e-07
     0.148 9.69481e-08
     0.156 8.76816e-08
     0.164 7.96128e-08
     0.172 7.25693e-08
      0.18 6.63984e-08
     0.188 6.09808e-08
     0.196 5.62081e-08
  0.204065 5.19602e-08
  0.212415 4.80692e-08
  0.221217 4.44559e-08
  0.230495 4.11039e-08
  0.240275 3.79999e-08
  0.250584 3.51239e-08
  0.261452 3.24614e-08
  0.272907 2.99932e-08
  0.284982 2.77061e-08
  0.297711 2.55835e-08
  0.311128 2.36133e-08
  0.325272 2.17817e-08
   0.34018 2.00784e-08
  0.355896 1.84927e-08
  0.372462 1.70158e-08
  0.389924 1.56396e-08
  0.408331 1.43574e-08
  0.427734 1.31632e-08
  0.448188 1.2052e-08
  0.469747 1.10193e-08
  0.492474 1.00615e-08
  0.516431 9.17546e-09
  0.541683 8.35893e-09
  0.568302 7.60968e-09
  0.596362 6.92565e-09
   0.62594 6.30481e-09
  0.657119 5.74411e-09
  0.689984 5.23578e-09
  0.724628 4.76551e-09
  0.761147 4.31098e-09
  0.799642 3.85004e-09
   0.84022 3.43597e-09
  0.882994 3.30158e-09
  0.928082 3.62525e-09
   0.97561 4.25874e-09
