     0.004 1.87101e-05
     0.012 8.02084e-05
      0.02 0.000143717
     0.028 0.000196064
     0.036 0.000233912
     0.044 0.000257482
     0.052 0.000268442
      0.06 0.000268979
     0.068 0.000261361
     0.076 0.000247706
     0.084 0.000229888
     0.092 0.000209493
       0.1 0.000187815
     0.108 0.00016588
     0.116 0.000144466
     0.124 0.000124138
     0.132 0.000105284
      0.14 8.81422e-05
     0.148 7.28321e-05
     0.156 5.93818e-05
     0.164  4.775e-05
     0.172 3.7845e-05
      0.18 2.95416e-05
     0.188 2.2694e-05
     0.196 1.71461e-05
  0.204065 1.27072e-05
  0.212415 9.16406e-06
  0.221217 6.41021e-06
  0.230495 4.40413e-06
  0.240275  3.084e-06
  0.250584 2.37052e-06
  0.261452 2.17092e-06
  0.272907 2.38396e-06
  0.284982 2.9056e-06
  0.297711 3.63475e-06
  0.311128 4.4787e-06
  0.325272 5.3576e-06
   0.34018 6.2076e-06
  0.355896 6.9825e-06
  0.372462 7.65355e-06
  0.389924 8.20775e-06
  0.408331 8.64505e-06
  0.427734 8.97501e-06
  0.448188 9.21295e-06
  0.469747 9.3768e-06
  0.492474 9.48425e-06
  0.516431 9.5513e-06
  0.541683 9.59095e-06
  0.568302 9.61305e-06
  0.596362 9.6247e-06
   0.62594 9.6304e-06
  0.657119 9.63305e-06
  0.689984 9.63415e-06
  0.724628 9.6346e-06
  0.761147 9.63475e-06
  0.799642 9.63475e-06
   0.84022 9.6348e-06
  0.882994 9.6348e-06
  0.928082 9.6348e-06
   0.97561 9.6348e-06
