     0.004 6.78446e-19
     0.012 6.95099e-19
      0.02 7.07172e-19
     0.028 7.03296e-19
     0.036 6.85482e-19
     0.044 6.64011e-19
     0.052 6.44817e-19
      0.06 6.29982e-19
     0.068 6.18475e-19
     0.076 6.0692e-19
     0.084 5.90699e-19
     0.092 5.66669e-19
       0.1 5.3352e-19
     0.108 4.92312e-19
     0.116 4.45595e-19
     0.124 3.96751e-19
     0.132 3.48823e-19
      0.14 3.04379e-19
     0.148 2.65181e-19
     0.156 2.32116e-19
     0.164 2.0522e-19
     0.172 1.84017e-19
      0.18 1.67682e-19
     0.188 1.5525e-19
     0.196 1.45712e-19
  0.204065 1.38094e-19
  0.212415 1.31504e-19
  0.221217 1.25403e-19
  0.230495 1.19419e-19
  0.240275 1.13322e-19
  0.250584 1.07076e-19
  0.261452 1.00835e-19
  0.272907 9.48329e-20
  0.284982 8.93348e-20
  0.297711 8.45306e-20
  0.311128 8.05656e-20
  0.325272 7.75009e-20
   0.34018 7.53438e-20
  0.355896 7.40448e-20
  0.372462 7.35227e-20
  0.389924 7.36955e-20
  0.408331 7.44803e-20
  0.427734 7.58084e-20
  0.448188 7.76242e-20
  0.469747 7.98782e-20
  0.492474 8.25381e-20
  0.516431 8.55647e-20
  0.541683 8.89217e-20
  0.568302 9.25822e-20
  0.596362 9.65129e-20
   0.62594 1.00684e-19
  0.657119 1.05056e-19
  0.689984 1.09574e-19
  0.724628 1.1415e-19
  0.761147 1.18662e-19
  0.799642 1.23057e-19
   0.84022 1.27433e-19
  0.882994 1.31946e-19
  0.928082 1.36448e-19
   0.97561 1.39883e-19
