     0.004 0.00611721
     0.012  0.0126656
      0.02  0.0169539
     0.028  0.0198022
     0.036  0.0216292
     0.044  0.0226928
     0.052  0.0231707
      0.06  0.0231939
     0.068  0.0228631
     0.076  0.0222579
     0.084  0.0214424
     0.092  0.0204691
       0.1  0.0193812
     0.108  0.0182143
     0.116   0.016998
     0.124  0.0157568
     0.132   0.014511
      0.14  0.0132772
     0.148  0.0120691
     0.156  0.0108979
     0.164 0.00977241
     0.172     0.0087
      0.18 0.00768656
     0.188 0.00673706
     0.196 0.00585595
  0.204065 0.00504127
  0.212415 0.00428114
  0.221217 0.00358056
  0.230495 0.00296787
  0.240275 0.00248355
  0.250584 0.00217739
  0.261452 0.00208371
  0.272907 0.00218356
  0.284982 0.00241064
  0.297711  0.0026962
  0.311128 0.00299289
  0.325272 0.00327341
   0.34018 0.00352352
  0.355896 0.00373698
  0.372462 0.00391243
  0.389924  0.0040516
  0.408331 0.00415814
  0.427734 0.00423675
  0.448188 0.00429254
  0.469747 0.00433054
  0.492474 0.00435528
  0.516431 0.00437065
  0.541683 0.00437971
  0.568302 0.00438476
  0.596362 0.00438741
   0.62594 0.00438871
  0.657119 0.00438932
  0.689984 0.00438957
  0.724628 0.00438967
  0.761147  0.0043897
  0.799642  0.0043897
   0.84022 0.00438971
  0.882994 0.00438971
  0.928082 0.00438971
   0.97561 0.00438971
