     0.004 0.00605984
     0.012  0.0174258
      0.02  0.0280379
     0.028  0.0379294
     0.036  0.0471347
     0.044  0.0556879
     0.052  0.0636225
      0.06  0.0709712
     0.068  0.0777661
     0.076  0.0840385
     0.084  0.0898187
     0.092  0.0951362
       0.1    0.10002
     0.108   0.104497
     0.116   0.108594
     0.124   0.112336
     0.132   0.115748
      0.14   0.118854
     0.148   0.121676
     0.156   0.124234
     0.164    0.12655
     0.172   0.128641
      0.18   0.130527
     0.188   0.132224
     0.196   0.133748
  0.204065   0.135125
  0.212415   0.136398
  0.221217   0.137586
  0.230495   0.138685
  0.240275   0.139691
  0.250584   0.140603
  0.261452   0.141419
  0.272907    0.14214
  0.284982   0.142769
  0.297711    0.14331
  0.311128   0.143766
  0.325272   0.144144
   0.34018   0.144451
  0.355896   0.144696
  0.372462   0.144886
  0.389924    0.14503
  0.408331   0.145135
  0.427734   0.145211
  0.448188   0.145263
  0.469747   0.145297
  0.492474   0.145319
  0.516431   0.145332
  0.541683    0.14534
  0.568302   0.145344
  0.596362   0.145346
   0.62594   0.145347
  0.657119   0.145348
  0.689984   0.145348
  0.724628   0.145348
  0.761147   0.145348
  0.799642   0.145348
   0.84022   0.145348
  0.882994   0.145348
  0.928082   0.145348
   0.97561   0.145348
