     0.004 -2.01406e-15
     0.012 -8.76654e-15
      0.02 1.82498e-14
     0.028 5.19463e-14
     0.036 1.82677e-14
     0.044 -5.3615e-14
     0.052 -8.57146e-14
      0.06 -3.71243e-14
     0.068 4.6354e-14
     0.076 7.21846e-14
     0.084 5.28106e-14
     0.092 3.49569e-14
       0.1 2.0693e-14
     0.108 1.07613e-14
     0.116 5.05694e-16
     0.124 -4.59418e-15
     0.132 -4.76192e-15
      0.14 -5.32403e-15
     0.148 -7.85393e-15
     0.156 -1.16796e-14
     0.164 -1.14956e-14
     0.172 -8.45787e-15
      0.18 -4.41743e-15
     0.188 -1.46943e-15
     0.196 -3.03171e-15
  0.204065 -4.1929e-15
  0.212415 -2.10337e-15
  0.221217 -1.21115e-15
  0.230495 -4.81222e-16
  0.240275 -5.96795e-16
  0.250584 -2.656e-15
  0.261452 -3.68019e-15
  0.272907 -4.38189e-15
  0.284982 -4.96842e-15
  0.297711 -4.80438e-15
  0.311128 -4.00741e-15
  0.325272 -3.05676e-15
   0.34018 -2.26662e-15
  0.355896 -9.25907e-16
  0.372462 9.60452e-16
  0.389924 1.26942e-15
  0.408331 1.82511e-15
  0.427734 2.77019e-15
  0.448188 3.28325e-15
  0.469747 2.70997e-15
  0.492474 2.66027e-15
  0.516431 2.16313e-15
  0.541683 1.30332e-15
  0.568302 5.52871e-16
  0.596362 3.4566e-16
   0.62594 -6.74977e-16
  0.657119 -1.29111e-15
  0.689984 -5.55865e-16
  0.724628 -5.0216e-16
  0.761147 -5.19423e-16
  0.799642 -6.16185e-17
   0.84022 9.88008e-16
  0.882994 -1.54646e-15
  0.928082 6.8062e-16
   0.97561 2.3549e-15
