     0.004 9.52269e-10
     0.012 4.06364e-09
      0.02 8.83366e-09
     0.028 1.33403e-08
     0.036 1.58319e-08
     0.044 1.64237e-08
     0.052 1.56913e-08
      0.06 1.44647e-08
     0.068 1.34548e-08
     0.076 1.34248e-08
     0.084 1.44182e-08
     0.092 1.5985e-08
       0.1 1.75729e-08
     0.108 1.88424e-08
     0.116 1.96295e-08
     0.124 1.99331e-08
     0.132 1.97502e-08
      0.14 1.92238e-08
     0.148 1.83836e-08
     0.156 1.73819e-08
     0.164 1.62072e-08
     0.172 1.50087e-08
      0.18 1.37619e-08
     0.188 1.25764e-08
     0.196 1.14014e-08
  0.204065 1.03701e-08
  0.212415 9.40962e-09
  0.221217 8.52704e-09
  0.230495 7.67585e-09
  0.240275 6.94958e-09
  0.250584 6.30064e-09
  0.261452 5.77489e-09
  0.272907 5.32394e-09
  0.284982 4.96687e-09
  0.297711 4.65696e-09
  0.311128 4.40151e-09
  0.325272 4.15698e-09
   0.34018 3.93168e-09
  0.355896 3.6941e-09
  0.372462 3.4604e-09
  0.389924 3.21633e-09
  0.408331 2.98004e-09
  0.427734 2.74976e-09
  0.448188 2.53805e-09
  0.469747 2.3451e-09
  0.492474 2.17493e-09
  0.516431 2.02523e-09
  0.541683 1.89334e-09
  0.568302 1.77523e-09
  0.596362 1.66647e-09
   0.62594 1.56188e-09
  0.657119 1.4564e-09
  0.689984  1.347e-09
  0.724628 1.24158e-09
  0.761147 1.16257e-09
  0.799642 1.13789e-09
   0.84022 1.15076e-09
  0.882994 1.0967e-09
  0.928082 8.41875e-10
   0.97561 3.24407e-10
