     0.004 3.05537e-11
     0.012 6.14085e-11
      0.02 7.14835e-11
     0.028  7.416e-11
     0.036 7.64531e-11
     0.044 7.97316e-11
     0.052 8.37699e-11
      0.06 8.81467e-11
     0.068 9.25723e-11
     0.076 9.68494e-11
     0.084 1.00843e-10
     0.092 1.04424e-10
       0.1 1.07533e-10
     0.108 1.10085e-10
     0.116 1.12056e-10
     0.124 1.13418e-10
     0.132 1.14241e-10
      0.14 1.14122e-10
     0.148 1.1343e-10
     0.156 1.12069e-10
     0.164 1.1001e-10
     0.172 1.07244e-10
      0.18 1.03754e-10
     0.188 9.9517e-11
     0.196 9.45093e-11
  0.204065 8.8704e-11
  0.212415 8.20876e-11
  0.221217 7.47929e-11
  0.230495 6.71382e-11
  0.240275 5.94206e-11
  0.250584 5.20062e-11
  0.261452 4.52563e-11
  0.272907 3.96801e-11
  0.284982 3.57007e-11
  0.297711 3.37252e-11
  0.311128 3.36734e-11
  0.325272 3.51631e-11
   0.34018 3.75139e-11
  0.355896 4.01912e-11
  0.372462 4.27257e-11
  0.389924 4.48735e-11
  0.408331 4.64402e-11
  0.427734 4.73783e-11
  0.448188 4.76461e-11
  0.469747 4.7298e-11
  0.492474 4.63788e-11
  0.516431 4.49904e-11
  0.541683 4.32225e-11
  0.568302 4.1184e-11
  0.596362 3.89785e-11
   0.62594 3.66998e-11
  0.657119 3.44346e-11
  0.689984 3.22552e-11
  0.724628 3.02263e-11
  0.761147 2.83828e-11
  0.799642 2.67813e-11
   0.84022 2.54277e-11
  0.882994 2.4354e-11
  0.928082 2.35856e-11
   0.97561 2.30954e-11
