0.00181818 8.15395e-06
0.00545455 4.25862e-05
0.00909091 8.47406e-05
 0.0127273 0.000125775
 0.0163636 0.000162139
      0.02 0.000192402
 0.0236364 0.00021616
 0.0272727 0.000233555
 0.0309091 0.000245029
 0.0345455 0.000251178
 0.0381818 0.000252672
 0.0418182 0.000250194
 0.0454545 0.000244412
 0.0490909 0.000235955
 0.0527273  0.0002254
 0.0563636 0.000213271
      0.06 0.00020003
 0.0636364 0.000186082
 0.0672727 0.000171773
 0.0709091 0.000157399
 0.0745455 0.000143201
 0.0781818 0.000129381
 0.0818182 0.000116094
 0.0854545 0.000103462
 0.0890909 9.15753e-05
 0.0927273 8.04943e-05
 0.0963636 7.02567e-05
       0.1 6.08796e-05
  0.103636 5.23634e-05
  0.107273 4.46945e-05
  0.110909 3.78479e-05
  0.114545 3.17902e-05
  0.118182 2.64812e-05
  0.121818 2.18758e-05
  0.125455 1.79258e-05
  0.129091 1.45813e-05
  0.132727 1.17916e-05
  0.136364 9.50614e-06
      0.14 7.67555e-06
  0.143636 6.25201e-06
  0.147273 5.18981e-06
  0.150909 4.4457e-06
  0.154545 3.97912e-06
  0.158182 3.75236e-06
  0.161818 3.73066e-06
  0.165455 3.88219e-06
  0.169091 4.17805e-06
  0.172727 4.5922e-06
  0.176364 5.10131e-06
      0.18 5.68469e-06
  0.183636 6.32406e-06
  0.187273 7.00349e-06
  0.190909 7.70913e-06
  0.194545 8.42911e-06
  0.198182 9.15338e-06
  0.202594 1.00339e-05
  0.207869 1.10539e-05
  0.213323 1.20643e-05
   0.21896 1.30489e-05
  0.224788 1.39936e-05
  0.230812 1.48867e-05
   0.23704 1.5719e-05
  0.243477 1.64837e-05
  0.250132 1.71765e-05
  0.257011 1.77956e-05
  0.264122 1.83409e-05
  0.271474 1.88145e-05
  0.279073 1.92199e-05
  0.286929 1.95618e-05
  0.295049 1.98457e-05
  0.303444 2.00779e-05
  0.312122 2.02647e-05
  0.321093 2.04125e-05
  0.330366 2.05275e-05
  0.339952 2.06152e-05
  0.349862 2.0681e-05
  0.360105 2.07294e-05
  0.370695 2.07641e-05
  0.381642 2.07887e-05
  0.392958 2.08055e-05
  0.404655 2.08169e-05
  0.416748 2.08244e-05
  0.429248 2.08291e-05
  0.442171 2.08321e-05
  0.455529 2.08339e-05
  0.469338 2.08349e-05
  0.483612 2.08354e-05
  0.498368 2.08354e-05
  0.513623 2.08351e-05
  0.529391 2.08343e-05
  0.545692 2.08324e-05
  0.562543 2.08287e-05
  0.579962 2.08211e-05
  0.597969 2.08062e-05
  0.616583 2.07765e-05
  0.635825 2.07178e-05
  0.655717 2.06022e-05
   0.67628 2.03772e-05
  0.697536 1.99452e-05
  0.719509 1.91351e-05
  0.742224 1.76695e-05
  0.765705 1.51683e-05
  0.789979 1.13124e-05
  0.815071 6.48361e-06
   0.84101 3.48322e-06
  0.867824 1.09126e-05
  0.895542 4.6785e-05
  0.924196 0.000132514
  0.953816 0.000247415
  0.984436 0.000212443
