0.00181818 4.57274e-17
0.00545455 4.56669e-17
0.00909091 4.56271e-17
 0.0127273 4.55861e-17
 0.0163636  4.552e-17
      0.02 4.54114e-17
 0.0236364 4.52478e-17
 0.0272727 4.50225e-17
 0.0309091 4.47356e-17
 0.0345455 4.43942e-17
 0.0381818 4.40109e-17
 0.0418182 4.36009e-17
 0.0454545 4.31795e-17
 0.0490909 4.27601e-17
 0.0527273 4.23536e-17
 0.0563636 4.1968e-17
      0.06 4.16084e-17
 0.0636364 4.12774e-17
 0.0672727 4.09753e-17
 0.0709091 4.07003e-17
 0.0745455 4.04493e-17
 0.0781818 4.02175e-17
 0.0818182 3.99995e-17
 0.0854545 3.97893e-17
 0.0890909 3.95805e-17
 0.0927273 3.93672e-17
 0.0963636 3.91439e-17
       0.1 3.89056e-17
  0.103636 3.86482e-17
  0.107273 3.83687e-17
  0.110909 3.80652e-17
  0.114545 3.77368e-17
  0.118182 3.73833e-17
  0.121818 3.70058e-17
  0.125455 3.66061e-17
  0.129091 3.61866e-17
  0.132727 3.57503e-17
  0.136364 3.53003e-17
      0.14 3.48403e-17
  0.143636 3.43741e-17
  0.147273 3.39052e-17
  0.150909 3.34371e-17
  0.154545 3.29734e-17
  0.158182 3.25172e-17
  0.161818 3.20715e-17
  0.165455 3.16388e-17
  0.169091 3.12216e-17
  0.172727 3.08224e-17
  0.176364 3.0443e-17
      0.18 3.00856e-17
  0.183636 2.9752e-17
  0.187273 2.94445e-17
  0.190909 2.91661e-17
  0.194545 2.89178e-17
  0.198182 2.86825e-17
  0.202594 2.83491e-17
  0.207869 2.79155e-17
  0.213323 2.75153e-17
   0.21896 2.71522e-17
  0.224788 2.68221e-17
  0.230812 2.65216e-17
   0.23704 2.62478e-17
  0.243477 2.59979e-17
  0.250132 2.57689e-17
  0.257011 2.55574e-17
  0.264122 2.53605e-17
  0.271474 2.51751e-17
  0.279073 2.49988e-17
  0.286929 2.48294e-17
  0.295049 2.46652e-17
  0.303444 2.45049e-17
  0.312122 2.43477e-17
  0.321093 2.41933e-17
  0.330366 2.40416e-17
  0.339952 2.38926e-17
  0.349862 2.37468e-17
  0.360105 2.36045e-17
  0.370695 2.34663e-17
  0.381642 2.33326e-17
  0.392958 2.32039e-17
  0.404655 2.30805e-17
  0.416748 2.29628e-17
  0.429248 2.28507e-17
  0.442171 2.27444e-17
  0.455529 2.26438e-17
  0.469338 2.25486e-17
  0.483612 2.24586e-17
  0.498368 2.23734e-17
  0.513623 2.22923e-17
  0.529391 2.22146e-17
  0.545692 2.21393e-17
  0.562543 2.20651e-17
  0.579962 2.19906e-17
  0.597969 2.19141e-17
  0.616583 2.18341e-17
  0.635825 2.17496e-17
  0.655717 2.16604e-17
   0.67628 2.15682e-17
  0.697536 2.14768e-17
  0.719509 2.13922e-17
  0.742224 2.13232e-17
  0.765705 2.12824e-17
  0.789979 2.12912e-17
  0.815071 2.13664e-17
   0.84101 2.15451e-17
  0.867824 2.19016e-17
  0.895542 2.23342e-17
  0.924196 2.28759e-17
  0.953816 2.40002e-17
  0.984436 2.36825e-17
