0.00181818 -7.75835e-23
0.00545455 -1.18745e-22
0.00909091 -1.80491e-22
 0.0127273 -2.07055e-22
 0.0163636 -2.38759e-22
      0.02 -2.95045e-22
 0.0236364 -3.9118e-22
 0.0272727 -5.52053e-22
 0.0309091 -7.62449e-22
 0.0345455 -9.91907e-22
 0.0381818 -1.26429e-21
 0.0418182 -1.66021e-21
 0.0454545 -2.30302e-21
 0.0490909 -3.29603e-21
 0.0527273 -4.79661e-21
 0.0563636 -6.64737e-21
      0.06 -6.09379e-21
 0.0636364 -3.47799e-21
 0.0672727 -2.35582e-21
 0.0709091 -1.95014e-21
 0.0745455 -1.686e-21
 0.0781818 -1.4452e-21
 0.0818182 -1.25652e-21
 0.0854545 -1.13015e-21
 0.0890909 -1.03889e-21
 0.0927273 -9.7722e-22
 0.0963636 -9.4407e-22
       0.1 -9.36218e-22
  0.103636 -9.51436e-22
  0.107273 -9.90236e-22
  0.110909 -1.05022e-21
  0.114545 -1.12862e-21
  0.118182 -1.22719e-21
  0.121818 -1.34401e-21
  0.125455 -1.4783e-21
  0.129091 -1.62691e-21
  0.132727 -1.78751e-21
  0.136364 -1.95574e-21
      0.14 -2.12945e-21
  0.143636 -2.30459e-21
  0.147273 -2.47599e-21
  0.150909 -2.63884e-21
  0.154545 -2.7896e-21
  0.158182 -2.92769e-21
  0.161818 -3.04361e-21
  0.165455 -3.13512e-21
  0.169091 -3.19768e-21
  0.172727 -3.22934e-21
  0.176364 -3.20992e-21
      0.18 -3.09684e-21
  0.183636 -2.84625e-21
  0.187273 -2.48489e-21
  0.190909 -2.03903e-21
  0.194545 -1.70759e-21
  0.198182 -2.94848e-21
  0.202594 -4.22308e-21
  0.207869 -2.72925e-21
  0.213323 -2.60849e-21
   0.21896 -2.17713e-21
  0.224788 -1.69929e-21
  0.230812 -1.27181e-21
   0.23704 -9.19637e-22
  0.243477 -6.36144e-22
  0.250132 -4.16206e-22
  0.257011 -2.52348e-22
  0.264122 -1.3597e-22
  0.271474 -6.17274e-23
  0.279073 -2.461e-23
  0.286929 -9.75179e-24
  0.295049 -4.16059e-24
  0.303444 -1.88769e-24
  0.312122 -8.77784e-25
  0.321093 -3.92056e-25
  0.330366 -1.63086e-25
  0.339952 -6.12189e-26
  0.349862 -2.07536e-26
  0.360105 -6.33155e-27
  0.370695 -1.7442e-27
  0.381642 -4.33216e-28
  0.392958 -9.69657e-29
  0.404655 -1.95114e-29
  0.416748 -3.5139e-30
  0.429248 -5.61732e-31
  0.442171 -7.80322e-32
  0.455529 -8.88885e-33
  0.469338 -6.79702e-34
  0.483612 -1.31485e-35
  0.498368 9.77531e-37
  0.513623 2.21661e-34
  0.529391 4.91815e-33
  0.545692 6.88694e-32
  0.562543 8.60587e-31
  0.579962 1.03836e-29
  0.597969 1.22394e-28
  0.616583 1.40186e-27
  0.635825 1.53892e-26
  0.655717 1.59203e-25
   0.67628 1.52204e-24
  0.697536 1.31975e-23
  0.719509 1.01876e-22
  0.742224 4.23815e-22
  0.765705 8.10743e-22
  0.789979 1.49175e-21
  0.815071 3.88629e-21
   0.84101 2.8114e-21
  0.867824 1.9952e-21
  0.895542 1.74965e-21
  0.924196 7.62307e-21
  0.953816 1.99303e-21
  0.984436 2.46109e-22
