0.00181818 -4.23739e-05
0.00545455 -4.06844e-05
0.00909091 -3.89028e-05
 0.0127273 -3.71485e-05
 0.0163636 -3.54447e-05
      0.02 -3.37952e-05
 0.0236364 -3.22005e-05
 0.0272727 -3.06599e-05
 0.0309091 -2.91729e-05
 0.0345455 -2.77387e-05
 0.0381818 -2.63563e-05
 0.0418182 -2.50251e-05
 0.0454545 -2.3744e-05
 0.0490909 -2.25122e-05
 0.0527273 -2.13287e-05
 0.0563636 -2.01925e-05
      0.06 -1.91026e-05
 0.0636364 -1.8058e-05
 0.0672727 -1.70577e-05
 0.0709091 -1.61005e-05
 0.0745455 -1.51854e-05
 0.0781818 -1.43112e-05
 0.0818182 -1.34768e-05
 0.0854545 -1.26812e-05
 0.0890909 -1.19231e-05
 0.0927273 -1.12014e-05
 0.0963636 -1.0515e-05
       0.1 -9.86276e-06
  0.103636 -9.24346e-06
  0.107273 -8.65599e-06
  0.110909 -8.09922e-06
  0.114545 -7.57201e-06
  0.118182 -7.07326e-06
  0.121818 -6.60186e-06
  0.125455 -6.15671e-06
  0.129091 -5.73675e-06
  0.132727 -5.34091e-06
  0.136364 -4.96816e-06
      0.14 -4.61748e-06
  0.143636 -4.28787e-06
  0.147273 -3.97837e-06
  0.150909 -3.68801e-06
  0.154545 -3.41588e-06
  0.158182 -3.16107e-06
  0.161818 -2.92272e-06
  0.165455 -2.69998e-06
  0.169091 -2.49202e-06
  0.172727 -2.29806e-06
  0.176364 -2.11733e-06
      0.18 -1.94909e-06
  0.183636 -1.79264e-06
  0.187273 -1.6473e-06
  0.190909 -1.5124e-06
  0.194545 -1.38732e-06
  0.198182 -1.2714e-06
  0.202594 -1.14324e-06
  0.207869 -1.00407e-06
  0.213323 -8.76171e-07
   0.21896 -7.59387e-07
  0.224788 -6.53461e-07
  0.230812 -5.58059e-07
   0.23704 -4.72775e-07
  0.243477 -3.97136e-07
  0.250132 -3.30613e-07
  0.257011 -2.72626e-07
  0.264122 -2.22556e-07
  0.271474 -1.79755e-07
  0.279073 -1.43553e-07
  0.286929 -1.13279e-07
  0.295049 -8.82636e-08
  0.303444 -6.78549e-08
  0.312122 -5.14284e-08
  0.321093 -3.83953e-08
  0.330366 -2.8211e-08
  0.339952 -2.03803e-08
  0.349862 -1.44615e-08
  0.360105 -1.00683e-08
  0.370695 -6.86969e-09
  0.381642 -4.58777e-09
  0.392958 -2.99452e-09
  0.404655 -1.90709e-09
  0.416748 -1.18234e-09
  0.429248 -7.1101e-10
  0.442171 -4.11717e-10
  0.455529 -2.25216e-10
  0.469338 -1.08954e-10
  0.483612 -3.19446e-11
  0.498368 3.03291e-11
  0.513623 1.01685e-10
  0.529391 2.13112e-10
  0.545692 4.15507e-10
  0.562543 8.02593e-10
  0.579962 1.55416e-09
  0.597969 3.01888e-09
  0.616583 5.8728e-09
  0.635825 1.14202e-08
  0.655717 2.21579e-08
   0.67628 4.28143e-08
  0.697536 8.22239e-08
  0.719509 1.56619e-07
  0.742224 2.9522e-07
  0.765705 5.49353e-07
  0.789979 1.00656e-06
  0.815071 1.81104e-06
   0.84101 3.1907e-06
  0.867824 5.48861e-06
  0.895542 9.19224e-06
  0.924196 1.49485e-05
  0.953816 2.35484e-05
  0.984436 3.5836e-05
