0.00181818  0.0040383
0.00545455 0.00922889
0.00909091  0.0130185
 0.0127273  0.0158604
 0.0163636  0.0180077
      0.02  0.0196164
 0.0236364  0.0207923
 0.0272727  0.0216127
 0.0309091  0.0221372
 0.0345455  0.0224133
 0.0381818  0.0224799
 0.0418182  0.0223694
 0.0454545  0.0221094
 0.0490909  0.0217235
 0.0527273  0.0212321
 0.0563636  0.0206529
      0.06  0.0200015
 0.0636364  0.0192915
 0.0672727   0.018535
 0.0709091  0.0177425
 0.0745455  0.0169234
 0.0781818  0.0160861
 0.0818182  0.0152377
 0.0854545  0.0143849
 0.0890909  0.0135333
 0.0927273  0.0126881
 0.0963636  0.0118538
       0.1  0.0110345
  0.103636  0.0102336
  0.107273 0.00945457
  0.110909 0.00870034
  0.114545 0.00797374
  0.118182 0.00727753
  0.121818  0.0066145
  0.125455 0.00598763
  0.129091 0.00540025
  0.132727 0.00485625
  0.136364 0.00436031
      0.14 0.00391805
  0.143636  0.0035361
  0.147273 0.00322174
  0.150909 0.00298185
  0.154545 0.00282104
  0.158182 0.00273948
  0.161818 0.00273154
  0.165455 0.00278646
  0.169091 0.00289069
  0.172727 0.00303058
  0.176364 0.00319416
      0.18 0.00337185
  0.183636 0.00355642
  0.187273 0.00374259
  0.190909 0.00392661
  0.194545 0.00410588
  0.198182 0.00427864
  0.202594 0.00447972
  0.207869  0.0047019
  0.213323 0.00491209
   0.21896  0.0051086
  0.224788 0.00529029
  0.230812  0.0054565
   0.23704 0.00560695
  0.243477 0.00574172
  0.250132 0.00586115
  0.257011 0.00596583
  0.264122 0.00605655
  0.271474 0.00613425
  0.279073 0.00619998
  0.286929 0.00625488
  0.295049 0.00630012
  0.303444 0.00633686
  0.312122 0.00636627
  0.321093 0.00638945
  0.330366 0.00640741
  0.339952  0.0064211
  0.349862 0.00643133
  0.360105 0.00643884
  0.370695 0.00644425
  0.381642 0.00644805
  0.392958 0.00645067
  0.404655 0.00645243
  0.416748 0.00645358
  0.429248 0.00645432
  0.442171 0.00645478
  0.455529 0.00645505
  0.469338 0.00645521
  0.483612 0.00645528
  0.498368  0.0064553
  0.513623 0.00645525
  0.529391 0.00645512
  0.545692 0.00645483
  0.562543 0.00645425
  0.579962 0.00645308
  0.597969 0.00645077
  0.616583 0.00644616
  0.635825 0.00643704
  0.655717 0.00641907
   0.67628 0.00638391
  0.697536 0.00631589
  0.719509 0.00618629
  0.742224 0.00594466
  0.765705 0.00550787
  0.789979 0.00475655
  0.815071   0.003601
   0.84101  0.0026394
  0.867824 0.00467174
  0.895542 0.00967316
  0.924196  0.0162797
  0.953816  0.0222448
  0.984436  0.0206128
