0.00181818 0.00413116
0.00545455  0.0120885
0.00909091  0.0197041
 0.0127273  0.0269795
 0.0163636  0.0339237
      0.02  0.0405469
 0.0236364  0.0468596
 0.0272727  0.0528724
 0.0309091  0.0585955
 0.0345455  0.0640391
 0.0381818  0.0692132
 0.0418182  0.0741276
 0.0454545  0.0787921
 0.0490909  0.0832162
 0.0527273  0.0874092
 0.0563636  0.0913803
      0.06  0.0951384
 0.0636364  0.0986923
 0.0672727   0.102051
 0.0709091   0.105222
 0.0745455   0.108213
 0.0781818   0.111034
 0.0818182   0.113691
 0.0854545   0.116193
 0.0890909   0.118545
 0.0927273   0.120757
 0.0963636   0.122833
       0.1   0.124782
  0.103636   0.126608
  0.107273    0.12832
  0.110909   0.129922
  0.114545    0.13142
  0.118182    0.13282
  0.121818   0.134127
  0.125455   0.135347
  0.129091   0.136484
  0.132727   0.137543
  0.136364   0.138528
      0.14   0.139445
  0.143636   0.140296
  0.147273   0.141086
  0.150909   0.141819
  0.154545   0.142498
  0.158182   0.143126
  0.161818   0.143708
  0.165455   0.144245
  0.169091   0.144741
  0.172727   0.145199
  0.176364   0.145621
      0.18   0.146009
  0.183636   0.146367
  0.187273   0.146695
  0.190909   0.146997
  0.194545   0.147274
  0.198182   0.147528
  0.202594   0.147811
  0.207869   0.148108
  0.213323   0.148377
   0.21896   0.148619
  0.224788   0.148835
  0.230812   0.149026
   0.23704   0.149194
  0.243477   0.149341
  0.250132   0.149467
  0.257011   0.149576
  0.264122   0.149668
  0.271474   0.149745
  0.279073   0.149809
  0.286929   0.149861
  0.295049   0.149904
  0.303444   0.149938
  0.312122   0.149965
  0.321093   0.149986
  0.330366   0.150002
  0.339952   0.150014
  0.349862   0.150022
  0.360105   0.150029
  0.370695   0.150033
  0.381642   0.150037
  0.392958   0.150039
  0.404655    0.15004
  0.416748   0.150041
  0.429248   0.150042
  0.442171   0.150042
  0.455529   0.150042
  0.469338   0.150042
  0.483612   0.150042
  0.498368   0.150042
  0.513623   0.150042
  0.529391   0.150042
  0.545692   0.150042
  0.562543   0.150042
  0.579962   0.150041
  0.597969   0.150039
  0.616583   0.150035
  0.635825   0.150027
  0.655717   0.150011
   0.67628   0.149979
  0.697536   0.149916
  0.719509   0.149791
  0.742224   0.149546
  0.765705    0.14907
  0.789979   0.148158
  0.815071   0.146442
   0.84101   0.143272
  0.867824   0.137543
  0.895542    0.12745
  0.924196   0.110158
  0.953816  0.0814255
  0.984436  0.0352283
