0.00181818 9.40692e-10
0.00545455 4.23779e-09
0.00909091 9.25979e-09
 0.0127273 1.53205e-08
 0.0163636 2.20356e-08
      0.02 2.91685e-08
 0.0236364 3.64692e-08
 0.0272727 4.36623e-08
 0.0309091 5.03956e-08
 0.0345455 5.63627e-08
 0.0381818 6.13234e-08
 0.0418182 6.51869e-08
 0.0454545 6.79485e-08
 0.0490909 6.97145e-08
 0.0527273 7.06034e-08
 0.0563636 7.07829e-08
      0.06 7.03824e-08
 0.0636364 6.95668e-08
 0.0672727 6.84461e-08
 0.0709091 6.71596e-08
 0.0745455 6.57879e-08
 0.0781818 6.44464e-08
 0.0818182 6.31908e-08
 0.0854545 6.2102e-08
 0.0890909 6.12033e-08
 0.0927273 6.0541e-08
 0.0963636 6.01081e-08
       0.1 5.99123e-08
  0.103636 5.99203e-08
  0.107273 6.01137e-08
  0.110909 6.04466e-08
  0.114545 6.08869e-08
  0.118182 6.13877e-08
  0.121818 6.19176e-08
  0.125455 6.24378e-08
  0.129091 6.29236e-08
  0.132727 6.33461e-08
  0.136364 6.36915e-08
      0.14 6.39422e-08
  0.143636 6.40934e-08
  0.147273 6.41343e-08
  0.150909 6.40706e-08
  0.154545 6.38983e-08
  0.158182 6.36292e-08
  0.161818 6.32604e-08
  0.165455 6.28125e-08
  0.169091 6.22858e-08
  0.172727 6.17052e-08
  0.176364 6.10673e-08
      0.18 6.04062e-08
  0.183636 5.97217e-08
  0.187273 5.90497e-08
  0.190909 5.83836e-08
  0.194545 5.77146e-08
  0.198182 5.69511e-08
  0.202594 5.67271e-08
  0.207869 5.4615e-08
  0.213323 5.27408e-08
   0.21896 5.09573e-08
  0.224788 4.92465e-08
  0.230812 4.75503e-08
   0.23704 4.58784e-08
  0.243477 4.42309e-08
  0.250132 4.26256e-08
  0.257011 4.10629e-08
  0.264122 3.95536e-08
  0.271474 3.80929e-08
  0.279073 3.66902e-08
  0.286929 3.53389e-08
  0.295049 3.40448e-08
  0.303444 3.28003e-08
  0.312122 3.16068e-08
  0.321093 3.0459e-08
  0.330366 2.93557e-08
  0.339952 2.82928e-08
  0.349862 2.72661e-08
  0.360105 2.62729e-08
  0.370695 2.53093e-08
  0.381642 2.43741e-08
  0.392958 2.34645e-08
  0.404655 2.25796e-08
  0.416748 2.17183e-08
  0.429248 2.08815e-08
  0.442171 2.00711e-08
  0.455529 1.92909e-08
  0.469338 1.85481e-08
  0.483612 1.78514e-08
  0.498368 1.72125e-08
  0.513623 1.66433e-08
  0.529391 1.61565e-08
  0.545692 1.57611e-08
  0.562543 1.54632e-08
  0.579962 1.5265e-08
  0.597969 1.51694e-08
  0.616583 1.51774e-08
  0.635825 1.53084e-08
  0.655717 1.56087e-08
   0.67628 1.61383e-08
  0.697536 1.70076e-08
  0.719509 1.8364e-08
  0.742224 2.02893e-08
  0.765705 2.28948e-08
  0.789979 2.60655e-08
  0.815071 2.91651e-08
   0.84101 3.16046e-08
  0.867824 3.12845e-08
  0.895542 2.78149e-08
  0.924196 3.31989e-08
  0.953816 3.32006e-08
  0.984436 2.0634e-08
