0.00181818 1.18894e-10
0.00545455 3.00816e-10
0.00909091 4.36082e-10
 0.0127273 5.4002e-10
 0.0163636 6.27166e-10
      0.02 7.05977e-10
 0.0236364 7.80465e-10
 0.0272727 8.52021e-10
 0.0309091 9.20777e-10
 0.0345455 9.86492e-10
 0.0381818 1.0489e-09
 0.0418182 1.10782e-09
 0.0454545 1.16319e-09
 0.0490909 1.21502e-09
 0.0527273 1.26336e-09
 0.0563636 1.30831e-09
      0.06 1.34998e-09
 0.0636364 1.38848e-09
 0.0672727 1.42395e-09
 0.0709091 1.4565e-09
 0.0745455 1.48625e-09
 0.0781818 1.51331e-09
 0.0818182 1.53777e-09
 0.0854545 1.55974e-09
 0.0890909 1.57929e-09
 0.0927273 1.5965e-09
 0.0963636 1.61143e-09
       0.1 1.62413e-09
  0.103636 1.63464e-09
  0.107273  1.643e-09
  0.110909 1.64922e-09
  0.114545 1.65332e-09
  0.118182 1.65528e-09
  0.121818 1.6551e-09
  0.125455 1.65275e-09
  0.129091 1.6482e-09
  0.132727 1.6414e-09
  0.136364 1.63229e-09
      0.14 1.62082e-09
  0.143636 1.60689e-09
  0.147273 1.59044e-09
  0.150909 1.57137e-09
  0.154545 1.54957e-09
  0.158182 1.52495e-09
  0.161818 1.49738e-09
  0.165455 1.46677e-09
  0.169091 1.43298e-09
  0.172727 1.39591e-09
  0.176364 1.35543e-09
      0.18 1.31146e-09
  0.183636 1.26388e-09
  0.187273 1.21268e-09
  0.190909 1.15784e-09
  0.194545 1.09954e-09
  0.198182 1.03794e-09
  0.202594 9.60776e-10
  0.207869 8.71964e-10
  0.213323 7.83799e-10
   0.21896 6.9731e-10
  0.224788 6.13744e-10
  0.230812 5.34794e-10
   0.23704 4.62481e-10
  0.243477 3.99607e-10
  0.250132 3.49459e-10
  0.257011 3.1578e-10
  0.264122 3.00887e-10
  0.271474 3.04319e-10
  0.279073 3.2206e-10
  0.286929 3.49024e-10
  0.295049 3.80473e-10
  0.303444 4.1319e-10
  0.312122 4.4489e-10
  0.321093 4.74338e-10
  0.330366 5.00664e-10
  0.339952 5.23516e-10
  0.349862 5.42635e-10
  0.360105 5.58067e-10
  0.370695 5.69839e-10
  0.381642 5.78175e-10
  0.392958 5.83237e-10
  0.404655 5.85318e-10
  0.416748 5.84632e-10
  0.429248 5.81485e-10
  0.442171 5.76098e-10
  0.455529 5.68763e-10
  0.469338 5.59687e-10
  0.483612 5.49138e-10
  0.498368 5.37314e-10
  0.513623 5.24452e-10
  0.529391 5.10726e-10
  0.545692 4.96359e-10
  0.562543 4.81519e-10
  0.579962 4.6639e-10
  0.597969 4.51136e-10
  0.616583 4.35942e-10
  0.635825 4.20948e-10
  0.655717 4.06354e-10
   0.67628 3.92295e-10
  0.697536 3.78981e-10
  0.719509 3.66536e-10
  0.742224 3.55186e-10
  0.765705 3.45111e-10
  0.789979 3.36567e-10
  0.815071 3.29964e-10
   0.84101 3.2616e-10
  0.867824 3.26951e-10
  0.895542 3.42902e-10
  0.924196 3.98914e-10
  0.953816 6.21152e-10
  0.984436 8.25079e-10
