0.00181818 6.43981e-06
0.00545455 3.4583e-05
0.00909091 7.02594e-05
 0.0127273 0.00010631
 0.0163636 0.000139623
      0.02 0.000168753
 0.0236364 0.000193091
 0.0272727 0.000212495
 0.0309091 0.000227103
 0.0345455 0.000237214
 0.0381818 0.000243221
 0.0418182 0.000245563
 0.0454545 0.000244697
 0.0490909 0.000241076
 0.0527273 0.000235136
 0.0563636 0.000227288
      0.06 0.000217912
 0.0636364 0.000207356
 0.0672727 0.000195931
 0.0709091 0.000183916
 0.0745455 0.000171555
 0.0781818 0.000159058
 0.0818182 0.000146609
 0.0854545 0.00013436
 0.0890909 0.000122437
 0.0927273 0.000110945
 0.0963636 9.99658e-05
       0.1 8.95611e-05
  0.103636 7.97772e-05
  0.107273 7.06448e-05
  0.110909 6.21818e-05
  0.114545 5.43947e-05
  0.118182 4.72806e-05
  0.121818 4.08286e-05
  0.125455 3.50212e-05
  0.129091 2.98356e-05
  0.132727 2.52448e-05
  0.136364 2.12185e-05
      0.14 1.77242e-05
  0.143636 1.47279e-05
  0.147273 1.21946e-05
  0.150909 1.00889e-05
  0.154545 8.37595e-06
  0.158182 7.02112e-06
  0.161818 5.99089e-06
  0.165455 5.25289e-06
  0.169091 4.77613e-06
  0.172727 4.53121e-06
  0.176364 4.49039e-06
      0.18 4.62769e-06
  0.183636 4.91891e-06
  0.187273 5.34165e-06
  0.190909 5.87531e-06
  0.194545 6.50104e-06
  0.198182 7.20175e-06
  0.202594 8.13808e-06
  0.207869 9.3316e-06
  0.213323 1.06225e-05
   0.21896 1.19834e-05
  0.224788 1.33874e-05
  0.230812 1.48085e-05
   0.23704 1.62225e-05
  0.243477 1.76075e-05
  0.250132 1.89439e-05
  0.257011 2.0215e-05
  0.264122 2.14072e-05
  0.271474 2.25102e-05
  0.279073 2.35167e-05
  0.286929 2.44228e-05
  0.295049 2.52272e-05
  0.303444 2.59315e-05
  0.312122 2.65395e-05
  0.321093 2.70567e-05
  0.330366 2.74901e-05
  0.339952 2.78478e-05
  0.349862 2.81384e-05
  0.360105 2.83705e-05
  0.370695 2.85529e-05
  0.381642 2.86936e-05
  0.392958 2.88001e-05
  0.404655 2.88792e-05
  0.416748 2.89367e-05
  0.429248 2.89775e-05
  0.442171 2.90057e-05
  0.455529 2.90245e-05
  0.469338 2.90361e-05
  0.483612 2.90423e-05
  0.498368 2.90439e-05
  0.513623 2.90409e-05
  0.529391 2.90319e-05
  0.545692 2.90143e-05
  0.562543 2.89826e-05
  0.579962 2.89269e-05
  0.597969  2.883e-05
  0.616583 2.86625e-05
  0.635825 2.83746e-05
  0.655717 2.78837e-05
   0.67628 2.70577e-05
  0.697536 2.56954e-05
  0.719509 2.35161e-05
  0.742224 2.01924e-05
  0.765705 1.55077e-05
  0.789979 9.80253e-06
  0.815071 4.96951e-06
   0.84101 6.21191e-06
  0.867824 2.41046e-05
  0.895542 7.40149e-05
  0.924196 0.00016388
  0.953816 0.000252691
  0.984436 0.000182318
