0.00181818 3.50195e-17
0.00545455 3.49707e-17
0.00909091 3.49387e-17
 0.0127273 3.49066e-17
 0.0163636 3.4856e-17
      0.02 3.47738e-17
 0.0236364 3.46501e-17
 0.0272727 3.44799e-17
 0.0309091 3.4263e-17
 0.0345455 3.40046e-17
 0.0381818 3.3714e-17
 0.0418182 3.34027e-17
 0.0454545 3.30819e-17
 0.0490909 3.27618e-17
 0.0527273 3.24506e-17
 0.0563636 3.2154e-17
      0.06 3.18759e-17
 0.0636364 3.16182e-17
 0.0672727 3.13808e-17
 0.0709091 3.11624e-17
 0.0745455 3.09603e-17
 0.0781818 3.0771e-17
 0.0818182 3.05904e-17
 0.0854545 3.04137e-17
 0.0890909 3.02366e-17
 0.0927273 3.00545e-17
 0.0963636 2.98636e-17
       0.1 2.96604e-17
  0.103636 2.94422e-17
  0.107273 2.92072e-17
  0.110909 2.89543e-17
  0.114545 2.86832e-17
  0.118182 2.83944e-17
  0.121818 2.80891e-17
  0.125455 2.77689e-17
  0.129091 2.74359e-17
  0.132727 2.70926e-17
  0.136364 2.67416e-17
      0.14 2.63856e-17
  0.143636 2.60274e-17
  0.147273 2.56695e-17
  0.150909 2.53145e-17
  0.154545 2.49645e-17
  0.158182 2.46218e-17
  0.161818 2.42882e-17
  0.165455 2.39652e-17
  0.169091 2.36543e-17
  0.172727 2.33569e-17
  0.176364 2.30743e-17
      0.18 2.28075e-17
  0.183636 2.25579e-17
  0.187273 2.23271e-17
  0.190909 2.21171e-17
  0.194545 2.19287e-17
  0.198182 2.17492e-17
  0.202594 2.14941e-17
  0.207869 2.11631e-17
  0.213323 2.08573e-17
   0.21896 2.05785e-17
  0.224788 2.03239e-17
  0.230812 2.00909e-17
   0.23704 1.98775e-17
  0.243477 1.96818e-17
  0.250132 1.95016e-17
  0.257011 1.93347e-17
  0.264122 1.9179e-17
  0.271474 1.90325e-17
  0.279073 1.88935e-17
  0.286929 1.87604e-17
  0.295049 1.86319e-17
  0.303444 1.85071e-17
  0.312122 1.83853e-17
  0.321093 1.82663e-17
  0.330366 1.81496e-17
  0.339952 1.80354e-17
  0.349862 1.79238e-17
  0.360105 1.7815e-17
  0.370695 1.77092e-17
  0.381642 1.76069e-17
  0.392958 1.75082e-17
  0.404655 1.74136e-17
  0.416748 1.73231e-17
  0.429248 1.7237e-17
  0.442171 1.71551e-17
  0.455529 1.70775e-17
  0.469338 1.7004e-17
  0.483612 1.69344e-17
  0.498368 1.68684e-17
  0.513623 1.68056e-17
  0.529391 1.67455e-17
  0.545692 1.66871e-17
  0.562543 1.66297e-17
  0.579962 1.65721e-17
  0.597969 1.6513e-17
  0.616583 1.64515e-17
  0.635825 1.63865e-17
  0.655717 1.63183e-17
   0.67628 1.62478e-17
  0.697536 1.61781e-17
  0.719509 1.61138e-17
  0.742224 1.60613e-17
  0.765705  1.603e-17
  0.789979 1.60359e-17
  0.815071 1.60913e-17
   0.84101 1.62243e-17
  0.867824 1.6491e-17
  0.895542 1.68153e-17
  0.924196 1.7221e-17
  0.953816 1.80643e-17
  0.984436 1.78255e-17
