0.00181818 -6.00004e-23
0.00545455 -9.17837e-23
0.00909091 -1.39475e-22
 0.0127273 -1.60021e-22
 0.0163636 -1.84544e-22
      0.02 -2.27981e-22
 0.0236364 -3.01815e-22
 0.0272727 -4.24658e-22
 0.0309091 -5.85024e-22
 0.0345455 -7.59965e-22
 0.0381818 -9.67254e-22
 0.0418182 -1.26724e-21
 0.0454545 -1.75231e-21
 0.0490909 -2.49986e-21
 0.0527273 -3.62781e-21
 0.0563636 -5.01807e-21
      0.06 -4.60466e-21
 0.0636364 -2.64419e-21
 0.0672727 -1.80347e-21
 0.0709091 -1.4997e-21
 0.0745455 -1.30167e-21
 0.0781818 -1.12081e-21
 0.0818182 -9.78714e-22
 0.0854545 -8.8313e-22
 0.0890909 -8.13672e-22
 0.0927273 -7.66365e-22
 0.0963636 -7.40398e-22
       0.1 -7.33449e-22
  0.103636 -7.43867e-22
  0.107273 -7.72173e-22
  0.110909 -8.1652e-22
  0.114545 -8.74859e-22
  0.118182 -9.48542e-22
  0.121818 -1.03624e-21
  0.125455 -1.1373e-21
  0.129091 -1.24934e-21
  0.132727 -1.37065e-21
  0.136364 -1.49801e-21
      0.14 -1.62981e-21
  0.143636 -1.76296e-21
  0.147273 -1.89361e-21
  0.150909 -2.0182e-21
  0.154545 -2.13407e-21
  0.158182 -2.24076e-21
  0.161818 -2.33109e-21
  0.165455 -2.40339e-21
  0.169091 -2.45425e-21
  0.172727 -2.48217e-21
  0.176364 -2.47199e-21
      0.18 -2.39164e-21
  0.183636 -2.20838e-21
  0.187273 -1.94117e-21
  0.190909 -1.60694e-21
  0.194545 -1.35937e-21
  0.198182 -2.37883e-21
  0.202594 -3.44305e-21
  0.207869 -2.3574e-21
  0.213323 -2.29601e-21
   0.21896 -1.95961e-21
  0.224788 -1.58105e-21
  0.230812 -1.23888e-21
   0.23704 -9.51039e-22
  0.243477 -7.12389e-22
  0.250132 -5.207e-22
  0.257011 -3.72417e-22
  0.264122 -2.61432e-22
  0.271474 -1.80594e-22
  0.279073 -1.23233e-22
  0.286929 -8.25491e-23
  0.295049 -5.42711e-23
  0.303444 -3.40814e-23
  0.312122 -2.03951e-23
  0.321093 -1.17432e-23
  0.330366 -6.53039e-24
  0.339952 -3.38364e-24
  0.349862 -1.6195e-24
  0.360105 -7.0761e-25
  0.370695 -2.8299e-25
  0.381642 -1.03415e-25
  0.392958 -3.45685e-26
  0.404655 -1.05408e-26
  0.416748 -2.91704e-27
  0.429248 -7.24232e-28
  0.442171 -1.57012e-28
  0.455529 -2.78079e-29
  0.469338 -3.31301e-30
  0.483612 -1.2318e-31
  0.498368 6.14836e-35
  0.513623 4.16311e-31
  0.529391 8.7152e-30
  0.545692 8.56772e-29
  0.562543 6.69012e-28
  0.579962 4.78053e-27
  0.597969 3.24926e-26
  0.616583 2.11239e-25
  0.635825 1.30216e-24
  0.655717 7.50586e-24
   0.67628 3.97626e-23
  0.697536 1.64262e-22
  0.719509 3.27006e-22
  0.742224 4.78045e-22
  0.765705 6.96456e-22
  0.789979 1.17494e-21
  0.815071 2.95833e-21
   0.84101 2.14906e-21
  0.867824 1.52758e-21
  0.895542 1.32616e-21
  0.924196 5.72043e-21
  0.953816 1.49548e-21
  0.984436 1.84675e-22
