0.00181818 -3.7695e-05
0.00545455 -3.63805e-05
0.00909091 -3.49929e-05
 0.0127273 -3.36218e-05
 0.0163636 -3.22845e-05
      0.02 -3.09842e-05
 0.0236364 -2.97212e-05
 0.0272727 -2.84952e-05
 0.0309091 -2.73059e-05
 0.0345455 -2.61526e-05
 0.0381818 -2.50351e-05
 0.0418182 -2.39527e-05
 0.0454545 -2.2905e-05
 0.0490909 -2.18914e-05
 0.0527273 -2.09115e-05
 0.0563636 -1.99646e-05
      0.06 -1.90502e-05
 0.0636364 -1.81676e-05
 0.0672727 -1.73164e-05
 0.0709091 -1.64959e-05
 0.0745455 -1.57054e-05
 0.0781818 -1.49443e-05
 0.0818182 -1.4212e-05
 0.0854545 -1.35079e-05
 0.0890909 -1.28312e-05
 0.0927273 -1.21814e-05
 0.0963636 -1.15578e-05
       0.1 -1.09596e-05
  0.103636 -1.03863e-05
  0.107273 -9.83708e-06
  0.110909 -9.31137e-06
  0.114545 -8.80846e-06
  0.118182 -8.32769e-06
  0.121818 -7.86838e-06
  0.125455 -7.42987e-06
  0.129091 -7.0115e-06
  0.132727 -6.61261e-06
  0.136364 -6.23256e-06
      0.14 -5.8707e-06
  0.143636 -5.5264e-06
  0.147273 -5.19903e-06
  0.150909 -4.88798e-06
  0.154545 -4.59263e-06
  0.158182 -4.31239e-06
  0.161818 -4.04667e-06
  0.165455 -3.7949e-06
  0.169091 -3.55652e-06
  0.172727 -3.33097e-06
  0.176364 -3.11772e-06
      0.18 -2.91623e-06
  0.183636 -2.726e-06
  0.187273 -2.54653e-06
  0.190909 -2.37733e-06
  0.194545 -2.21793e-06
  0.198182 -2.06782e-06
  0.202594 -1.89858e-06
  0.207869 -1.71102e-06
  0.213323 -1.53428e-06
   0.21896 -1.36855e-06
  0.224788 -1.21392e-06
  0.230812 -1.07044e-06
   0.23704 -9.38062e-07
  0.243477 -8.16658e-07
  0.250132 -7.06034e-07
  0.257011 -6.05916e-07
  0.264122 -5.1596e-07
  0.271474 -4.35752e-07
  0.279073 -3.64814e-07
  0.286929 -3.02614e-07
  0.295049 -2.48574e-07
  0.303444 -2.02078e-07
  0.312122 -1.62483e-07
  0.321093 -1.29134e-07
  0.330366 -1.0137e-07
  0.339952 -7.85406e-08
  0.349862 -6.00134e-08
  0.360105 -4.51859e-08
  0.370695 -3.34935e-08
  0.381642 -2.44166e-08
  0.392958 -1.74856e-08
  0.404655 -1.22841e-08
  0.416748 -8.44954e-09
  0.429248 -5.672e-09
  0.442171 -3.69101e-09
  0.455529 -2.29003e-09
  0.469338 -1.28901e-09
  0.483612 -5.34355e-10
  0.498368 1.14587e-10
  0.513623 8.04429e-10
  0.529391 1.71577e-09
  0.545692 3.10683e-09
  0.562543 5.38384e-09
  0.579962 9.21718e-09
  0.597969 1.57345e-08
  0.616583 2.68416e-08
  0.635825 4.57516e-08
  0.655717 7.78476e-08
   0.67628 1.32066e-07
  0.697536 2.23068e-07
  0.719509 3.74562e-07
  0.742224 6.24231e-07
  0.765705 1.03074e-06
  0.789979 1.68323e-06
  0.815071 2.71337e-06
   0.84101 4.3092e-06
  0.867824 6.72918e-06
  0.895542 1.03128e-05
  0.924196 1.54833e-05
  0.953816 2.27369e-05
  0.984436 3.2591e-05
