0.00181818 0.00358882
0.00545455 0.00831661
0.00909091  0.0118541
 0.0127273  0.0145815
 0.0163636  0.0167106
      0.02  0.0183713
 0.0236364  0.0196515
 0.0272727  0.0206153
 0.0309091  0.0213121
 0.0345455  0.0217814
 0.0381818  0.0220554
 0.0418182  0.0221614
 0.0454545  0.0221223
 0.0490909   0.021958
 0.0527273  0.0216858
 0.0563636  0.0213208
      0.06  0.0208764
 0.0636364  0.0203645
 0.0672727  0.0197955
 0.0709091   0.019179
 0.0745455  0.0185232
 0.0781818  0.0178358
 0.0818182  0.0171236
 0.0854545  0.0163927
 0.0890909  0.0156485
 0.0927273   0.014896
 0.0963636  0.0141397
       0.1  0.0133837
  0.103636  0.0126315
  0.107273  0.0118865
  0.110909  0.0111518
  0.114545  0.0104302
  0.118182 0.00972426
  0.121818 0.00903644
  0.125455 0.00836913
  0.129091 0.00772471
  0.132727  0.0071056
  0.136364 0.00651437
      0.14 0.00595386
  0.143636 0.00542732
  0.147273 0.00493853
  0.150909 0.00449198
  0.154545 0.00409291
  0.158182  0.0037473
  0.161818 0.00346147
  0.165455 0.00324126
  0.169091 0.00309067
  0.172727 0.00301039
  0.176364  0.0029968
      0.18 0.00304227
  0.183636 0.00313653
  0.187273 0.00326853
  0.190909 0.00342792
  0.194545 0.00360584
  0.198182 0.00379519
  0.202594 0.00403437
  0.207869 0.00432009
  0.213323 0.00460924
   0.21896  0.0048956
  0.224788 0.00517443
  0.230812 0.00544214
   0.23704 0.00569606
  0.243477 0.00593423
  0.250132 0.00615531
  0.257011 0.00635846
  0.264122 0.00654327
  0.271474 0.00670972
  0.279073 0.00685809
  0.286929 0.00698896
  0.295049 0.00710313
  0.303444  0.0072016
  0.312122 0.00728553
  0.321093 0.00735618
  0.330366 0.00741486
  0.339952 0.00746295
  0.349862 0.00750178
  0.360105 0.00753267
  0.370695 0.00755684
  0.381642 0.00757543
  0.392958 0.00758948
  0.404655  0.0075999
  0.416748 0.00760746
  0.429248 0.00761282
  0.442171 0.00761652
  0.455529 0.00761898
  0.469338 0.00762051
  0.483612 0.00762133
  0.498368 0.00762154
  0.513623 0.00762114
  0.529391 0.00761997
  0.545692 0.00761766
  0.562543 0.00761349
  0.579962 0.00760617
  0.597969 0.00759342
  0.616583 0.00757133
  0.635825  0.0075332
  0.655717 0.00746776
   0.67628 0.00735632
  0.697536 0.00716874
  0.719509 0.00685801
  0.742224 0.00635491
  0.765705 0.00556915
  0.789979 0.00442776
  0.815071 0.00315262
   0.84101 0.00352474
  0.867824 0.00694328
  0.895542  0.0121668
  0.924196  0.0181042
  0.953816  0.0224807
  0.984436  0.0190954
