0.00181818 0.00366653
0.00545455  0.0107622
0.00909091  0.0175921
 0.0127273  0.0241566
 0.0163636  0.0304617
      0.02  0.0365143
 0.0236364  0.0423217
 0.0272727  0.0478909
 0.0309091  0.0532289
 0.0345455  0.0583429
 0.0381818  0.0632395
 0.0418182  0.0679257
 0.0454545   0.072408
 0.0490909  0.0766931
 0.0527273  0.0807875
 0.0563636  0.0846975
      0.06  0.0884295
 0.0636364  0.0919895
 0.0672727  0.0953836
 0.0709091  0.0986177
 0.0745455   0.101698
 0.0781818   0.104629
 0.0818182   0.107418
 0.0854545   0.110069
 0.0890909   0.112589
 0.0927273   0.114981
 0.0963636   0.117251
       0.1   0.119405
  0.103636   0.121446
  0.107273   0.123381
  0.110909   0.125212
  0.114545   0.126945
  0.118182   0.128583
  0.121818   0.130132
  0.125455   0.131595
  0.129091   0.132976
  0.132727   0.134279
  0.136364   0.135507
      0.14   0.136665
  0.143636   0.137755
  0.147273    0.13878
  0.150909   0.139745
  0.154545   0.140651
  0.158182   0.141503
  0.161818   0.142302
  0.165455   0.143052
  0.169091   0.143755
  0.172727   0.144413
  0.176364    0.14503
      0.18   0.145606
  0.183636   0.146146
  0.187273    0.14665
  0.190909    0.14712
  0.194545    0.14756
  0.198182   0.147969
  0.202594   0.148433
  0.207869   0.148933
  0.213323   0.149398
   0.21896   0.149828
  0.224788   0.150223
  0.230812   0.150584
   0.23704   0.150913
  0.243477   0.151209
  0.250132   0.151475
  0.257011   0.151711
  0.264122    0.15192
  0.271474   0.152103
  0.279073   0.152263
  0.286929     0.1524
  0.295049   0.152517
  0.303444   0.152615
  0.312122   0.152698
  0.321093   0.152766
  0.330366   0.152822
  0.339952   0.152866
  0.349862   0.152902
  0.360105    0.15293
  0.370695   0.152951
  0.381642   0.152968
  0.392958    0.15298
  0.404655   0.152989
  0.416748   0.152995
  0.429248      0.153
  0.442171   0.153003
  0.455529   0.153005
  0.469338   0.153006
  0.483612   0.153007
  0.498368   0.153007
  0.513623   0.153007
  0.529391   0.153006
  0.545692   0.153004
  0.562543      0.153
  0.579962   0.152994
  0.597969   0.152983
  0.616583   0.152963
  0.635825   0.152929
  0.655717   0.152869
   0.67628   0.152763
  0.697536   0.152577
  0.719509   0.152253
  0.742224   0.151692
  0.765705   0.150729
  0.789979   0.149091
  0.815071   0.146338
   0.84101   0.141775
  0.867824    0.13433
  0.895542   0.122393
  0.924196   0.103627
  0.953816  0.0747497
  0.984436  0.0313172
