0.00181818 8.40771e-10
0.00545455 3.80277e-09
0.00909091 8.29407e-09
 0.0127273 1.36685e-08
 0.0163636 1.95625e-08
      0.02 2.57651e-08
 0.0236364 3.20726e-08
 0.0272727 3.82653e-08
 0.0309091 4.40553e-08
 0.0345455 4.91883e-08
 0.0381818 5.34623e-08
 0.0418182 5.6801e-08
 0.0454545 5.92011e-08
 0.0490909 6.07547e-08
 0.0527273 6.1565e-08
 0.0563636 6.17773e-08
      0.06 6.15051e-08
 0.0636364 6.08913e-08
 0.0672727 6.00321e-08
 0.0709091 5.90471e-08
 0.0745455 5.80057e-08
 0.0781818 5.70044e-08
 0.0818182 5.60885e-08
 0.0854545 5.53218e-08
 0.0890909 5.47198e-08
 0.0927273 5.43144e-08
 0.0963636 5.40946e-08
       0.1 5.40599e-08
  0.103636 5.4178e-08
  0.107273 5.44289e-08
  0.110909 5.4772e-08
  0.114545 5.51786e-08
  0.118182 5.56091e-08
  0.121818 5.60377e-08
  0.125455 5.64329e-08
  0.129091 5.67763e-08
  0.132727 5.70447e-08
  0.136364 5.72304e-08
      0.14 5.73197e-08
  0.143636 5.73131e-08
  0.147273 5.72026e-08
  0.150909 5.69978e-08
  0.154545 5.66968e-08
  0.158182 5.63144e-08
  0.161818 5.58494e-08
  0.165455 5.53241e-08
  0.169091 5.47404e-08
  0.172727 5.41237e-08
  0.176364 5.34726e-08
      0.18 5.28205e-08
  0.183636 5.21685e-08
  0.187273 5.15512e-08
  0.190909 5.09635e-08
  0.194545 5.03966e-08
  0.198182 4.97639e-08
  0.202594 4.95943e-08
  0.207869 4.77383e-08
  0.213323 4.60899e-08
   0.21896 4.45318e-08
  0.224788 4.30463e-08
  0.230812 4.15788e-08
   0.23704 4.01361e-08
  0.243477 3.87158e-08
  0.250132 3.73322e-08
  0.257011 3.59826e-08
  0.264122 3.4676e-08
  0.271474 3.34058e-08
  0.279073 3.21812e-08
  0.286929 3.09944e-08
  0.295049 2.98529e-08
  0.303444 2.87491e-08
  0.312122 2.76876e-08
  0.321093 2.66637e-08
  0.330366 2.5679e-08
  0.339952 2.47301e-08
  0.349862 2.38149e-08
  0.360105 2.29311e-08
  0.370695 2.20757e-08
  0.381642 2.12476e-08
  0.392958 2.04442e-08
  0.404655 1.96648e-08
  0.416748 1.8908e-08
  0.429248 1.81745e-08
  0.442171 1.74655e-08
  0.455529 1.67841e-08
  0.469338 1.6136e-08
  0.483612 1.55288e-08
  0.498368 1.49726e-08
  0.513623 1.44778e-08
  0.529391 1.40558e-08
  0.545692 1.37155e-08
  0.562543 1.34636e-08
  0.579962 1.33043e-08
  0.597969 1.32431e-08
  0.616583 1.32847e-08
  0.635825 1.34487e-08
  0.655717 1.37739e-08
   0.67628 1.43025e-08
  0.697536 1.51054e-08
  0.719509 1.62743e-08
  0.742224 1.78566e-08
  0.765705 1.99781e-08
  0.789979 2.26453e-08
  0.815071 2.54212e-08
   0.84101 2.77612e-08
  0.867824 2.76222e-08
  0.895542 2.44773e-08
  0.924196 2.88713e-08
  0.953816 2.88032e-08
  0.984436 1.78937e-08
