0.00181818 1.07043e-10
0.00545455 2.72673e-10
0.00909091 3.99024e-10
 0.0127273 4.99528e-10
 0.0163636 5.8664e-10
      0.02 6.67408e-10
 0.0236364 7.45025e-10
 0.0272727 8.20477e-10
 0.0309091 8.93728e-10
 0.0345455 9.64463e-10
 0.0381818 1.03236e-09
 0.0418182 1.09721e-09
 0.0454545 1.15886e-09
 0.0490909 1.21726e-09
 0.0527273 1.27239e-09
 0.0563636 1.32426e-09
      0.06 1.3729e-09
 0.0636364 1.41836e-09
 0.0672727 1.46068e-09
 0.0709091 1.49992e-09
 0.0745455 1.53612e-09
 0.0781818 1.56934e-09
 0.0818182 1.59963e-09
 0.0854545 1.62702e-09
 0.0890909 1.65157e-09
 0.0927273 1.67331e-09
 0.0963636 1.69228e-09
       0.1 1.70852e-09
  0.103636 1.72204e-09
  0.107273 1.73288e-09
  0.110909 1.74106e-09
  0.114545 1.74658e-09
  0.118182 1.74946e-09
  0.121818 1.74971e-09
  0.125455 1.74733e-09
  0.129091 1.74231e-09
  0.132727 1.73464e-09
  0.136364 1.72432e-09
      0.14 1.71132e-09
  0.143636 1.69564e-09
  0.147273 1.67723e-09
  0.150909 1.65609e-09
  0.154545 1.63219e-09
  0.158182 1.60549e-09
  0.161818 1.57596e-09
  0.165455 1.54359e-09
  0.169091 1.50836e-09
  0.172727 1.47024e-09
  0.176364 1.42923e-09
      0.18 1.38537e-09
  0.183636 1.33867e-09
  0.187273 1.28924e-09
  0.190909 1.23721e-09
  0.194545 1.18288e-09
  0.198182 1.12664e-09
  0.202594 1.0578e-09
  0.207869 9.77103e-10
  0.213323 8.95783e-10
   0.21896 8.14692e-10
  0.224788 7.34775e-10
  0.230812 6.5727e-10
   0.23704 5.83592e-10
  0.243477 5.15615e-10
  0.250132 4.55533e-10
  0.257011 4.06128e-10
  0.264122 3.70207e-10
  0.271474 3.50113e-10
  0.279073 3.46216e-10
  0.286929 3.56667e-10
  0.295049 3.77737e-10
  0.303444 4.05504e-10
  0.312122 4.3647e-10
  0.321093 4.68177e-10
  0.330366 4.98782e-10
  0.339952 5.27163e-10
  0.349862 5.52499e-10
  0.360105 5.74382e-10
  0.370695 5.92525e-10
  0.381642 6.06898e-10
  0.392958 6.17505e-10
  0.404655 6.24514e-10
  0.416748 6.28091e-10
  0.429248 6.28505e-10
  0.442171 6.25998e-10
  0.455529 6.20882e-10
  0.469338 6.13425e-10
  0.483612 6.03942e-10
  0.498368 5.92708e-10
  0.513623 5.80016e-10
  0.529391 5.66109e-10
  0.545692 5.51261e-10
  0.562543 5.35699e-10
  0.579962 5.19655e-10
  0.597969 5.03337e-10
  0.616583 4.86966e-10
  0.635825 4.70719e-10
  0.655717 4.54827e-10
   0.67628 4.39435e-10
  0.697536 4.24748e-10
  0.719509 4.10881e-10
  0.742224 3.97955e-10
  0.765705 3.86074e-10
  0.789979 3.75139e-10
  0.815071 3.64993e-10
   0.84101 3.55465e-10
  0.867824 3.46514e-10
  0.895542 3.45205e-10
  0.924196 3.72994e-10
  0.953816 5.46041e-10
  0.984436 7.1752e-10
