0.00181818 5.35117e-06
0.00545455 2.93078e-05
0.00909091 6.04108e-05
 0.0127273 9.2634e-05
 0.0163636 0.000123229
      0.02 0.000150818
 0.0236364 0.000174727
 0.0272727 0.000194687
 0.0309091 0.000210681
 0.0345455 0.000222846
 0.0381818 0.000231415
 0.0418182 0.000236679
 0.0454545 0.000238961
 0.0490909 0.000238594
 0.0527273 0.000235913
 0.0563636 0.000231243
      0.06 0.000224892
 0.0636364 0.000217154
 0.0672727 0.000208296
 0.0709091 0.000198566
 0.0745455 0.000188188
 0.0781818 0.000177364
 0.0818182 0.000166272
 0.0854545 0.000155069
 0.0890909 0.000143892
 0.0927273 0.000132859
 0.0963636 0.00012207
       0.1 0.000111608
  0.103636 0.000101542
  0.107273 9.19257e-05
  0.110909 8.28025e-05
  0.114545 7.42031e-05
  0.118182 6.6149e-05
  0.121818 5.8653e-05
  0.125455 5.17201e-05
  0.129091 4.5349e-05
  0.132727 3.95326e-05
  0.136364 3.42592e-05
      0.14 2.9513e-05
  0.143636 2.52751e-05
  0.147273 2.1524e-05
  0.150909 1.8236e-05
  0.154545 1.53862e-05
  0.158182 1.29487e-05
  0.161818 1.08968e-05
  0.165455 9.20368e-06
  0.169091 7.84255e-06
  0.172727 6.78699e-06
  0.176364 6.01107e-06
      0.18 5.48962e-06
  0.183636 5.19834e-06
  0.187273 5.11394e-06
  0.190909 5.2142e-06
  0.194545 5.47806e-06
  0.198182 5.88571e-06
  0.202594 6.55277e-06
  0.207869 7.54438e-06
  0.213323 8.75024e-06
   0.21896 1.01411e-05
  0.224788 1.16861e-05
  0.230812 1.33531e-05
   0.23704 1.51096e-05
  0.243477 1.69234e-05
  0.250132 1.87631e-05
  0.257011 2.0599e-05
  0.264122 2.24035e-05
  0.271474 2.41519e-05
  0.279073 2.58225e-05
  0.286929 2.73974e-05
  0.295049 2.88623e-05
  0.303444 3.0207e-05
  0.312122 3.14249e-05
  0.321093 3.25133e-05
  0.330366 3.34727e-05
  0.339952 3.43067e-05
  0.349862 3.50215e-05
  0.360105 3.56251e-05
  0.370695 3.61271e-05
  0.381642 3.65382e-05
  0.392958 3.68692e-05
  0.404655 3.71312e-05
  0.416748 3.73345e-05
  0.429248 3.74888e-05
  0.442171 3.76028e-05
  0.455529 3.76838e-05
  0.469338 3.77376e-05
  0.483612 3.77682e-05
  0.498368 3.77777e-05
  0.513623 3.77653e-05
  0.529391 3.77271e-05
  0.545692 3.76542e-05
  0.562543 3.75307e-05
  0.579962 3.73302e-05
  0.597969 3.70106e-05
  0.616583 3.65062e-05
  0.635825 3.57175e-05
  0.655717 3.44989e-05
   0.67628 3.26475e-05
  0.697536 2.99038e-05
  0.719509 2.59886e-05
  0.742224 2.0724e-05
  0.765705 1.43272e-05
  0.789979 8.00386e-06
  0.815071 4.95037e-06
   0.84101 1.1635e-05
  0.867824 3.83861e-05
  0.895542 9.62268e-05
  0.924196 0.000183064
  0.953816 0.000249465
  0.984436 0.000160129
