0.00181818 2.86388e-17
0.00545455 2.85966e-17
0.00909091 2.85691e-17
 0.0127273 2.85427e-17
 0.0163636 2.85022e-17
      0.02 2.84368e-17
 0.0236364 2.83385e-17
 0.0272727 2.82031e-17
 0.0309091 2.80303e-17
 0.0345455 2.78242e-17
 0.0381818 2.75922e-17
 0.0418182 2.73434e-17
 0.0454545 2.7087e-17
 0.0490909 2.68312e-17
 0.0527273 2.65823e-17
 0.0563636 2.63452e-17
      0.06 2.61228e-17
 0.0636364 2.59164e-17
 0.0672727 2.57261e-17
 0.0709091 2.55504e-17
 0.0745455 2.53869e-17
 0.0781818 2.52328e-17
 0.0818182 2.50842e-17
 0.0854545 2.49373e-17
 0.0890909 2.47882e-17
 0.0927273 2.46332e-17
 0.0963636 2.44691e-17
       0.1 2.42929e-17
  0.103636 2.41026e-17
  0.107273 2.38967e-17
  0.110909 2.36746e-17
  0.114545 2.34362e-17
  0.118182 2.31822e-17
  0.121818 2.29139e-17
  0.125455 2.26329e-17
  0.129091 2.23414e-17
  0.132727 2.20416e-17
  0.136364 2.17361e-17
      0.14 2.14273e-17
  0.143636 2.11178e-17
  0.147273  2.081e-17
  0.150909 2.05059e-17
  0.154545 2.02077e-17
  0.158182 1.9917e-17
  0.161818 1.96355e-17
  0.165455 1.93643e-17
  0.169091 1.91046e-17
  0.172727 1.88574e-17
  0.176364 1.86237e-17
      0.18 1.8404e-17
  0.183636 1.81994e-17
  0.187273 1.80109e-17
  0.190909 1.78403e-17
  0.194545 1.76878e-17
  0.198182 1.7543e-17
  0.202594 1.73372e-17
  0.207869  1.707e-17
  0.213323 1.68231e-17
   0.21896 1.65981e-17
  0.224788 1.63926e-17
  0.230812 1.62042e-17
   0.23704 1.60312e-17
  0.243477 1.58719e-17
  0.250132 1.57246e-17
  0.257011 1.55875e-17
  0.264122 1.54589e-17
  0.271474 1.53373e-17
  0.279073 1.52215e-17
  0.286929 1.51104e-17
  0.295049 1.50031e-17
  0.303444 1.4899e-17
  0.312122 1.47975e-17
  0.321093 1.46986e-17
  0.330366 1.4602e-17
  0.339952 1.45077e-17
  0.349862 1.44159e-17
  0.360105 1.43266e-17
  0.370695  1.424e-17
  0.381642 1.41564e-17
  0.392958 1.40759e-17
  0.404655 1.39988e-17
  0.416748 1.39252e-17
  0.429248 1.3855e-17
  0.442171 1.37883e-17
  0.455529 1.37251e-17
  0.469338 1.36652e-17
  0.483612 1.36085e-17
  0.498368 1.35548e-17
  0.513623 1.35036e-17
  0.529391 1.34545e-17
  0.545692 1.34069e-17
  0.562543 1.33602e-17
  0.579962 1.33133e-17
  0.597969 1.32653e-17
  0.616583 1.32153e-17
  0.635825 1.31627e-17
  0.655717 1.31076e-17
   0.67628 1.30508e-17
  0.697536 1.29947e-17
  0.719509 1.29428e-17
  0.742224 1.29004e-17
  0.765705 1.28749e-17
  0.789979 1.28789e-17
  0.815071 1.29225e-17
   0.84101 1.30284e-17
  0.867824 1.32418e-17
  0.895542 1.35011e-17
  0.924196 1.38252e-17
  0.953816 1.44999e-17
  0.984436 1.43087e-17
