0.00181818 -4.84392e-23
0.00545455 -7.40891e-23
0.00909091 -1.12576e-22
 0.0127273 -1.2916e-22
 0.0163636 -1.48958e-22
      0.02 -1.84006e-22
 0.0236364 -2.43502e-22
 0.0272727 -3.42329e-22
 0.0309091 -4.71283e-22
 0.0345455 -6.11986e-22
 0.0381818 -7.78628e-22
 0.0418182 -1.01946e-21
 0.0454545 -1.40837e-21
 0.0490909 -2.00723e-21
 0.0527273 -2.91037e-21
 0.0563636 -4.0233e-21
      0.06 -3.69319e-21
 0.0636364 -2.12535e-21
 0.0672727 -1.45319e-21
 0.0709091 -1.21049e-21
 0.0745455 -1.05225e-21
 0.0781818 -9.07658e-22
 0.0818182 -7.93966e-22
 0.0854545 -7.17398e-22
 0.0890909 -6.61649e-22
 0.0927273 -6.23574e-22
 0.0963636 -6.02524e-22
       0.1 -5.96665e-22
  0.103636 -6.04681e-22
  0.107273 -6.27029e-22
  0.110909 -6.62226e-22
  0.114545 -7.08648e-22
  0.118182 -7.67366e-22
  0.121818 -8.37354e-22
  0.125455 -9.18096e-22
  0.129091 -1.00768e-21
  0.132727 -1.10472e-21
  0.136364 -1.20668e-21
      0.14 -1.31225e-21
  0.143636 -1.41897e-21
  0.147273 -1.52375e-21
  0.150909 -1.62377e-21
  0.154545 -1.71688e-21
  0.158182 -1.80273e-21
  0.161818 -1.87557e-21
  0.165455 -1.93408e-21
  0.169091 -1.97553e-21
  0.172727 -1.99872e-21
  0.176364 -1.99152e-21
      0.18 -1.92828e-21
  0.183636 -1.78284e-21
  0.187273 -1.57024e-21
  0.190909 -1.30349e-21
  0.194545 -1.10574e-21
  0.198182 -1.93909e-21
  0.202594 -2.81884e-21
  0.207869 -1.97513e-21
  0.213323 -1.9317e-21
   0.21896 -1.65689e-21
  0.224788 -1.34905e-21
  0.230812 -1.07066e-21
   0.23704 -8.3489e-22
  0.243477 -6.37488e-22
  0.250132 -4.77153e-22
  0.257011 -3.51645e-22
  0.264122 -2.56579e-22
  0.271474 -1.86729e-22
  0.279073 -1.37125e-22
  0.286929 -1.02177e-22
  0.295049 -7.86677e-23
  0.303444 -6.33637e-23
  0.312122 -5.43827e-23
  0.321093 -4.74905e-23
  0.330366 -3.91889e-23
  0.339952 -2.77693e-23
  0.349862 -1.69858e-23
  0.360105 -9.33396e-24
  0.370695 -4.72034e-24
  0.381642 -2.20019e-24
  0.392958 -9.46523e-25
  0.404655 -3.74366e-25
  0.416748 -1.35205e-25
  0.429248 -4.39103e-26
  0.442171 -1.24145e-26
  0.455529 -2.83997e-27
  0.469338 -4.3342e-28
  0.483612 -2.22355e-29
  0.498368 1.65091e-34
  0.513623 3.55043e-29
  0.529391 7.40345e-28
  0.545692 6.01955e-27
  0.562543 3.56292e-26
  0.579962 1.83583e-25
  0.597969 8.74271e-25
  0.616583 3.91582e-24
  0.635825 1.64627e-23
  0.655717 6.27826e-23
   0.67628 1.61438e-22
  0.697536 2.47721e-22
  0.719509 3.20196e-22
  0.742224 4.13242e-22
  0.765705 5.75548e-22
  0.789979 9.5295e-22
  0.815071 2.37836e-21
   0.84101 1.72967e-21
  0.867824 1.22876e-21
  0.895542 1.06351e-21
  0.924196 4.57696e-21
  0.953816 1.19654e-21
  0.984436 1.47758e-22
