0.00181818 -3.45051e-05
0.00545455 -3.34195e-05
0.00909091 -3.22733e-05
 0.0127273 -3.11382e-05
 0.0163636 -3.0028e-05
      0.02 -2.89454e-05
 0.0236364 -2.78905e-05
 0.0272727 -2.68633e-05
 0.0309091 -2.58635e-05
 0.0345455 -2.48907e-05
 0.0381818 -2.39447e-05
 0.0418182 -2.30251e-05
 0.0454545 -2.21316e-05
 0.0490909 -2.12638e-05
 0.0527273 -2.04214e-05
 0.0563636 -1.9604e-05
      0.06 -1.88112e-05
 0.0636364 -1.80427e-05
 0.0672727 -1.7298e-05
 0.0709091 -1.65769e-05
 0.0745455 -1.58787e-05
 0.0781818 -1.52033e-05
 0.0818182 -1.455e-05
 0.0854545 -1.39186e-05
 0.0890909 -1.33086e-05
 0.0927273 -1.27195e-05
 0.0963636 -1.2151e-05
       0.1 -1.16025e-05
  0.103636 -1.10737e-05
  0.107273 -1.0564e-05
  0.110909 -1.00731e-05
  0.114545 -9.6005e-06
  0.118182 -9.14576e-06
  0.121818 -8.70842e-06
  0.125455 -8.28805e-06
  0.129091 -7.88419e-06
  0.132727 -7.4964e-06
  0.136364 -7.12424e-06
      0.14 -6.76726e-06
  0.143636 -6.42504e-06
  0.147273 -6.09714e-06
  0.150909 -5.78313e-06
  0.154545 -5.48258e-06
  0.158182 -5.19507e-06
  0.161818 -4.92019e-06
  0.165455 -4.65753e-06
  0.169091 -4.40669e-06
  0.172727 -4.16725e-06
  0.176364 -3.93884e-06
      0.18 -3.72107e-06
  0.183636 -3.51356e-06
  0.187273 -3.31593e-06
  0.190909 -3.12783e-06
  0.194545 -2.94888e-06
  0.198182 -2.77872e-06
  0.202594 -2.58456e-06
  0.207869 -2.3667e-06
  0.213323 -2.15824e-06
   0.21896 -1.95956e-06
  0.224788 -1.771e-06
  0.230812 -1.59282e-06
   0.23704 -1.42524e-06
  0.243477 -1.26839e-06
  0.250132 -1.12236e-06
  0.257011 -9.87155e-07
  0.264122 -8.627e-07
  0.271474 -7.48854e-07
  0.279073 -6.45396e-07
  0.286929 -5.52037e-07
  0.295049 -4.68413e-07
  0.303444 -3.94098e-07
  0.312122 -3.28607e-07
  0.321093 -2.71402e-07
  0.330366 -2.21904e-07
  0.339952 -1.795e-07
  0.349862 -1.43559e-07
  0.360105 -1.13435e-07
  0.370695 -8.84846e-08
  0.381642 -6.80772e-08
  0.392958 -5.16019e-08
  0.404655 -3.84786e-08
  0.416748 -2.81638e-08
  0.429248 -2.01551e-08
  0.442171 -1.39924e-08
  0.455529 -9.25542e-09
  0.469338 -5.55673e-09
  0.483612 -2.52811e-09
  0.498368 2.01102e-10
  0.513623  3.038e-09
  0.529391 6.47794e-09
  0.545692 1.11835e-08
  0.562543 1.81052e-08
  0.579962 2.86654e-08
  0.597969 4.50391e-08
  0.616583 7.05814e-08
  0.635825 1.1047e-07
  0.655717 1.72664e-07
   0.67628 2.69306e-07
  0.697536 4.18745e-07
  0.719509 6.48364e-07
  0.742224 9.98427e-07
  0.765705 1.52712e-06
  0.789979 2.31683e-06
  0.815071 3.48147e-06
   0.84101 5.17424e-06
  0.867824 7.59484e-06
  0.895542 1.09942e-05
  0.924196 1.56749e-05
  0.953816 2.19846e-05
  0.984436 3.02821e-05
