0.00181818 0.00327144
0.00545455 0.00765608
0.00909091  0.0109919
 0.0127273  0.0136113
 0.0163636   0.015699
      0.02  0.0173677
 0.0236364  0.0186937
 0.0272727  0.0197326
 0.0309091  0.0205271
 0.0345455  0.0211114
 0.0381818  0.0215135
 0.0418182  0.0217568
 0.0454545  0.0218614
 0.0490909  0.0218446
 0.0527273  0.0217216
 0.0563636  0.0215055
      0.06  0.0212081
 0.0636364    0.02084
 0.0672727  0.0204106
 0.0709091  0.0199282
 0.0745455  0.0194004
 0.0781818  0.0188342
 0.0818182  0.0182358
 0.0854545  0.0176107
 0.0890909  0.0169642
 0.0927273  0.0163008
 0.0963636   0.015625
       0.1  0.0149404
  0.103636  0.0142507
  0.107273  0.0135592
  0.110909  0.0128688
  0.114545  0.0121822
  0.118182  0.0115021
  0.121818  0.0108308
  0.125455  0.0101706
  0.129091 0.00952355
  0.132727 0.00889187
  0.136364 0.00827759
      0.14 0.00768284
  0.143636 0.00710987
  0.147273 0.00656109
  0.150909  0.0060392
  0.154545  0.0055473
  0.158182 0.00508895
  0.161818 0.00466836
  0.165455 0.00429038
  0.169091 0.00396044
  0.172727 0.00368429
  0.176364 0.00346729
      0.18 0.00331349
  0.183636 0.00322439
  0.187273 0.00319811
  0.190909  0.0032293
  0.194545    0.00331
  0.198182 0.00343095
  0.202594 0.00362016
  0.207869 0.00388443
  0.213323 0.00418336
   0.21896 0.00450358
  0.224788 0.00483448
  0.230812  0.0051678
   0.23704  0.0054972
  0.243477  0.0058178
  0.250132 0.00612586
  0.257011 0.00641857
  0.264122 0.00669381
  0.271474 0.00695009
  0.279073 0.00718645
  0.286929 0.00740235
  0.295049 0.00759768
  0.303444 0.00777265
  0.312122 0.00792779
  0.321093 0.00806391
  0.330366 0.00818202
  0.339952 0.00828332
  0.349862 0.00836917
  0.360105 0.00844098
  0.370695 0.00850025
  0.381642 0.00854847
  0.392958 0.00858711
  0.404655 0.00861756
  0.416748 0.00864112
  0.429248 0.00865896
  0.442171 0.00867212
  0.455529 0.00868145
  0.469338 0.00868765
  0.483612 0.00869117
  0.498368 0.00869226
  0.513623 0.00869084
  0.529391 0.00868644
  0.545692 0.00867804
  0.562543 0.00866379
  0.579962 0.00864062
  0.597969 0.00860355
  0.616583 0.00854472
  0.635825 0.00845193
  0.655717  0.0083065
   0.67628 0.00808053
  0.697536 0.00773353
  0.719509 0.00720952
  0.742224 0.00643801
  0.765705 0.00535298
  0.789979 0.00400097
  0.815071 0.00314655
   0.84101  0.0048239
  0.867824 0.00876197
  0.895542  0.0138728
  0.924196  0.0191345
  0.953816  0.0223367
  0.984436  0.0178957
