0.00181818 0.00335098
0.00545455 0.00985672
0.00909091  0.0161432
 0.0127273  0.0222102
 0.0163636  0.0280621
      0.02  0.0337041
 0.0236364  0.0391417
 0.0272727  0.0443799
 0.0309091  0.0494243
 0.0345455  0.0542799
 0.0381818  0.0589518
 0.0418182  0.0634453
 0.0454545  0.0677653
 0.0490909  0.0719167
 0.0527273  0.0759045
 0.0563636  0.0797335
      0.06  0.0834084
 0.0636364   0.086934
 0.0672727  0.0903147
 0.0709091  0.0935552
 0.0745455  0.0966599
 0.0781818  0.0996332
 0.0818182   0.102479
 0.0854545   0.105203
 0.0890909   0.107807
 0.0927273   0.110297
 0.0963636   0.112676
       0.1   0.114948
  0.103636   0.117117
  0.107273   0.119187
  0.110909   0.121161
  0.114545   0.123042
  0.118182   0.124835
  0.121818   0.126543
  0.125455   0.128169
  0.129091   0.129716
  0.132727   0.131187
  0.136364   0.132585
      0.14   0.133914
  0.143636   0.135175
  0.147273   0.136373
  0.150909   0.137509
  0.154545   0.138587
  0.158182   0.139608
  0.161818   0.140575
  0.165455   0.141491
  0.169091   0.142358
  0.172727   0.143178
  0.176364   0.143953
      0.18   0.144686
  0.183636   0.145377
  0.187273   0.146031
  0.190909   0.146647
  0.194545   0.147228
  0.198182   0.147776
  0.202594   0.148401
  0.207869   0.149088
  0.213323   0.149737
   0.21896   0.150347
  0.224788   0.150918
  0.230812   0.151451
   0.23704   0.151944
  0.243477     0.1524
  0.250132   0.152818
  0.257011   0.153199
  0.264122   0.153544
  0.271474   0.153854
  0.279073   0.154132
  0.286929   0.154379
  0.295049   0.154596
  0.303444   0.154785
  0.312122   0.154949
  0.321093    0.15509
  0.330366    0.15521
  0.339952    0.15531
  0.349862   0.155393
  0.360105   0.155462
  0.370695   0.155518
  0.381642   0.155562
  0.392958   0.155597
  0.404655   0.155624
  0.416748   0.155645
  0.429248   0.155661
  0.442171   0.155672
  0.455529    0.15568
  0.469338   0.155685
  0.483612   0.155688
  0.498368   0.155689
  0.513623   0.155688
  0.529391   0.155684
  0.545692   0.155677
  0.562543   0.155665
  0.579962   0.155644
  0.597969   0.155611
  0.616583   0.155557
  0.635825    0.15547
  0.655717   0.155329
   0.67628   0.155101
  0.697536   0.154734
  0.719509   0.154145
  0.742224   0.153203
  0.765705   0.151709
  0.789979   0.149352
  0.815071   0.145669
   0.84101    0.13997
  0.867824   0.131257
  0.895542   0.118105
  0.924196  0.0985396
  0.953816  0.0698912
  0.984436   0.028647
