0.00181818 7.81568e-10
0.00545455 3.54999e-09
0.00909091 7.7312e-09
 0.0127273 1.26999e-08
 0.0163636 1.80989e-08
      0.02 2.37267e-08
 0.0236364 2.94049e-08
 0.0272727 3.49477e-08
 0.0309091 4.0111e-08
 0.0345455 4.4677e-08
 0.0381818 4.8472e-08
 0.0418182 5.14306e-08
 0.0454545 5.35515e-08
 0.0490909 5.49175e-08
 0.0527273 5.56216e-08
 0.0563636 5.57945e-08
      0.06 5.5539e-08
 0.0636364 5.49844e-08
 0.0672727 5.42192e-08
 0.0709091 5.33518e-08
 0.0745455 5.24466e-08
 0.0781818 5.15907e-08
 0.0818182 5.08259e-08
 0.0854545 5.02083e-08
 0.0890909 4.97513e-08
 0.0927273 4.94805e-08
 0.0963636 4.93837e-08
       0.1 4.94564e-08
  0.103636 4.96668e-08
  0.107273 4.99928e-08
  0.110909 5.03955e-08
  0.114545 5.08459e-08
  0.118182 5.13069e-08
  0.121818 5.17534e-08
  0.125455 5.21564e-08
  0.129091 5.24981e-08
  0.132727 5.27578e-08
  0.136364 5.2928e-08
      0.14 5.29969e-08
  0.143636 5.29656e-08
  0.147273 5.28269e-08
  0.150909 5.25909e-08
  0.154545 5.22566e-08
  0.158182 5.18391e-08
  0.161818 5.1338e-08
  0.165455 5.0776e-08
  0.169091 5.01557e-08
  0.172727 4.95031e-08
  0.176364 4.88183e-08
      0.18 4.81349e-08
  0.183636 4.74558e-08
  0.187273 4.68164e-08
  0.190909 4.62146e-08
  0.194545 4.56455e-08
  0.198182 4.50309e-08
  0.202594 4.48392e-08
  0.207869 4.31063e-08
  0.213323 4.15711e-08
   0.21896 4.01282e-08
  0.224788  3.876e-08
  0.230812 3.74162e-08
   0.23704 3.61023e-08
  0.243477 3.48158e-08
  0.250132 3.35687e-08
  0.257011 3.23574e-08
  0.264122 3.1189e-08
  0.271474 3.00556e-08
  0.279073 2.89646e-08
  0.286929 2.79069e-08
  0.295049 2.68889e-08
  0.303444 2.59019e-08
  0.312122 2.49506e-08
  0.321093 2.40296e-08
  0.330366 2.31414e-08
  0.339952 2.22826e-08
  0.349862 2.14523e-08
  0.360105 2.06487e-08
  0.370695 1.98698e-08
  0.381642 1.9115e-08
  0.392958 1.83824e-08
  0.404655 1.7672e-08
  0.416748 1.69828e-08
  0.429248 1.63159e-08
  0.442171 1.56722e-08
  0.455529 1.50548e-08
  0.469338 1.44688e-08
  0.483612 1.39213e-08
  0.498368 1.34212e-08
  0.513623 1.29783e-08
  0.529391 1.26035e-08
  0.545692 1.23054e-08
  0.562543 1.20911e-08
  0.579962 1.19656e-08
  0.597969 1.19342e-08
  0.616583 1.20003e-08
  0.635825 1.21774e-08
  0.655717 1.24917e-08
   0.67628 1.29679e-08
  0.697536 1.3657e-08
  0.719509 1.46428e-08
  0.742224 1.60014e-08
  0.765705 1.79118e-08
  0.789979 2.04328e-08
  0.815071 2.31311e-08
   0.84101 2.53525e-08
  0.867824 2.51306e-08
  0.895542 2.20678e-08
  0.924196 2.58948e-08
  0.953816 2.58489e-08
  0.984436 1.60373e-08
