0.00181818 9.7201e-11
0.00545455 2.47774e-10
0.00909091 3.63376e-10
 0.0127273 4.56063e-10
 0.0163636 5.37042e-10
      0.02 6.12624e-10
 0.0236364 6.85642e-10
 0.0272727 7.56947e-10
 0.0309091 8.26479e-10
 0.0345455 8.93926e-10
 0.0381818 9.58981e-10
 0.0418182 1.02142e-09
 0.0454545 1.08109e-09
 0.0490909 1.13792e-09
 0.0527273 1.19186e-09
 0.0563636 1.24289e-09
      0.06 1.29101e-09
 0.0636364 1.33623e-09
 0.0672727 1.37856e-09
 0.0709091 1.41802e-09
 0.0745455 1.45463e-09
 0.0781818 1.48841e-09
 0.0818182 1.51938e-09
 0.0854545 1.54756e-09
 0.0890909 1.57297e-09
 0.0927273 1.59562e-09
 0.0963636 1.61555e-09
       0.1 1.63275e-09
  0.103636 1.64726e-09
  0.107273 1.65908e-09
  0.110909 1.66822e-09
  0.114545 1.67471e-09
  0.118182 1.67855e-09
  0.121818 1.67976e-09
  0.125455 1.67833e-09
  0.129091 1.67429e-09
  0.132727 1.66763e-09
  0.136364 1.65835e-09
      0.14 1.64648e-09
  0.143636  1.632e-09
  0.147273 1.61492e-09
  0.150909 1.59525e-09
  0.154545  1.573e-09
  0.158182 1.54816e-09
  0.161818 1.52076e-09
  0.165455 1.4908e-09
  0.169091 1.45832e-09
  0.172727 1.42335e-09
  0.176364 1.38594e-09
      0.18 1.34617e-09
  0.183636 1.30414e-09
  0.187273 1.26002e-09
  0.190909 1.21401e-09
  0.194545 1.16648e-09
  0.198182 1.11795e-09
  0.202594 1.05967e-09
  0.207869 9.90918e-10
  0.213323 9.21389e-10
   0.21896 8.51769e-10
  0.224788 7.82769e-10
  0.230812  7.153e-10
   0.23704 6.50362e-10
  0.243477 5.8921e-10
  0.250132 5.33224e-10
  0.257011 4.84091e-10
  0.264122 4.43542e-10
  0.271474 4.13339e-10
  0.279073 3.94638e-10
  0.286929 3.87747e-10
  0.295049 3.91642e-10
  0.303444 4.04395e-10
  0.312122 4.23463e-10
  0.321093 4.46498e-10
  0.330366 4.71362e-10
  0.339952 4.96466e-10
  0.349862 5.20532e-10
  0.360105 5.42715e-10
  0.370695 5.62356e-10
  0.381642 5.79091e-10
  0.392958 5.92647e-10
  0.404655 6.0295e-10
  0.416748 6.09975e-10
  0.429248 6.13828e-10
  0.442171 6.14635e-10
  0.455529 6.12616e-10
  0.469338 6.07985e-10
  0.483612 6.01018e-10
  0.498368 5.91987e-10
  0.513623 5.81191e-10
  0.529391 5.68892e-10
  0.545692 5.55384e-10
  0.562543 5.40926e-10
  0.579962 5.25781e-10
  0.597969 5.10187e-10
  0.616583 4.94396e-10
  0.635825 4.78598e-10
  0.655717 4.63034e-10
   0.67628 4.47846e-10
  0.697536 4.33218e-10
  0.719509 4.19223e-10
  0.742224 4.0588e-10
  0.765705 3.93145e-10
  0.789979 3.80662e-10
  0.815071 3.67894e-10
   0.84101 3.54231e-10
  0.867824 3.39123e-10
  0.895542 3.28744e-10
  0.924196 3.43318e-10
  0.953816 4.90495e-10
  0.984436 6.4251e-10
