     0.004 1.54514e-05
     0.012 6.84915e-05
      0.02 0.000125887
     0.028 0.000175874
     0.036 0.000214782
     0.044 0.000242026
     0.052 0.000258393
      0.06 0.000265273
     0.068 0.000264266
     0.076 0.000256982
     0.084 0.000244925
     0.092 0.000229438
       0.1 0.000211685
     0.108 0.000192643
     0.116 0.000173108
     0.124 0.000153715
     0.132 0.00013495
      0.14 0.000117173
     0.148 0.000100634
     0.156 8.54899e-05
     0.164 7.18251e-05
     0.172 5.96633e-05
      0.18 4.89816e-05
     0.188 3.97225e-05
     0.196 3.1803e-05
  0.204065 2.50732e-05
  0.212415 1.93117e-05
  0.221217 1.44275e-05
  0.230495 1.04346e-05
  0.240275 7.32252e-06
  0.250584 5.05526e-06
  0.261452 3.57264e-06
  0.272907 2.79279e-06
  0.284982 2.61617e-06
  0.297711 2.93099e-06
  0.311128 3.61943e-06
  0.325272 4.56439e-06
   0.34018 5.65602e-06
  0.355896 6.7975e-06
  0.372462 7.9094e-06
  0.389924 8.9323e-06
  0.408331 9.82738e-06
  0.427734 1.05752e-05
  0.448188 1.11728e-05
  0.469747 1.16298e-05
  0.492474 1.19641e-05
  0.516431 1.21977e-05
  0.541683 1.23535e-05
  0.568302 1.24523e-05
  0.596362 1.25119e-05
   0.62594 1.25457e-05
  0.657119 1.25639e-05
  0.689984 1.25731e-05
  0.724628 1.25773e-05
  0.761147 1.25792e-05
  0.799642  1.258e-05
   0.84022 1.25802e-05
  0.882994 1.25803e-05
  0.928082 1.25803e-05
   0.97561 1.25803e-05
