     0.004 5.4242e-19
     0.012 5.55839e-19
      0.02 5.65708e-19
     0.028 5.62907e-19
     0.036 5.48944e-19
     0.044 5.3205e-19
     0.052 5.17171e-19
      0.06 5.06257e-19
     0.068 4.98719e-19
     0.076 4.91927e-19
     0.084 4.82035e-19
     0.092 4.66192e-19
       0.1 4.42914e-19
     0.108 4.12625e-19
     0.116 3.77028e-19
     0.124 3.38631e-19
     0.132 2.99812e-19
      0.14 2.62753e-19
     0.148 2.29072e-19
     0.156 1.99767e-19
     0.164 1.75168e-19
     0.172 1.55184e-19
      0.18 1.39409e-19
     0.188 1.27265e-19
     0.196 1.18052e-19
  0.204065 1.11012e-19
  0.212415 1.05371e-19
  0.221217 1.00611e-19
  0.230495 9.62936e-20
  0.240275 9.20758e-20
  0.250584 8.77678e-20
  0.261452 8.33452e-20
  0.272907 7.88937e-20
  0.284982 7.45961e-20
  0.297711 7.06217e-20
  0.311128 6.71376e-20
  0.325272 6.42543e-20
   0.34018 6.20438e-20
  0.355896 6.05213e-20
  0.372462 5.96616e-20
  0.389924 5.9419e-20
  0.408331 5.97335e-20
  0.427734 6.05465e-20
  0.448188 6.18046e-20
  0.469747 6.34574e-20
  0.492474 6.54679e-20
  0.516431 6.77949e-20
  0.541683 7.04016e-20
  0.568302 7.32605e-20
  0.596362 7.63412e-20
   0.62594 7.96176e-20
  0.657119 8.30558e-20
  0.689984 8.66123e-20
  0.724628 9.02165e-20
  0.761147 9.37719e-20
  0.799642 9.72359e-20
   0.84022 1.00686e-19
  0.882994 1.04245e-19
  0.928082 1.07796e-19
   0.97561 1.10506e-19
