     0.004 0.00555903
     0.012   0.011704
      0.02  0.0158674
     0.028   0.018755
     0.036  0.0207259
     0.044  0.0220012
     0.052  0.0227329
      0.06  0.0230336
     0.068  0.0229898
     0.076  0.0226708
     0.084  0.0221325
     0.092  0.0214214
       0.1   0.020576
     0.108  0.0196287
     0.116  0.0186069
     0.124  0.0175337
     0.132  0.0164286
      0.14  0.0153084
     0.148  0.0141869
     0.156  0.0130759
     0.164  0.0119854
     0.172  0.0109237
      0.18 0.00989764
     0.188 0.00891319
     0.196 0.00797534
  0.204065 0.00708141
  0.212415 0.00621478
  0.221217 0.00537168
  0.230495 0.00456828
  0.240275 0.00382688
  0.250584 0.00317971
  0.261452 0.00267307
  0.272907 0.00236338
  0.284982 0.00228743
  0.297711 0.00242115
  0.311128 0.00269051
  0.325272 0.00302139
   0.34018 0.00336334
  0.355896 0.00368714
  0.372462 0.00397729
  0.389924 0.00422665
  0.408331 0.00443337
  0.427734 0.00459896
  0.448188 0.00472711
  0.469747 0.00482282
  0.492474 0.00489164
  0.516431 0.00493917
  0.541683 0.00497061
  0.568302 0.00499046
  0.596362 0.00500237
   0.62594 0.00500914
  0.657119 0.00501276
  0.689984 0.00501459
  0.724628 0.00501545
  0.761147 0.00501581
  0.799642 0.00501596
   0.84022 0.00501601
  0.882994 0.00501603
  0.928082 0.00501604
   0.97561 0.00501604
