     0.004 0.00545785
     0.012  0.0157665
      0.02  0.0254655
     0.028  0.0345786
     0.036  0.0431308
     0.044  0.0511466
     0.052  0.0586503
      0.06  0.0656656
     0.068  0.0722161
     0.076  0.0783244
     0.084  0.0840131
     0.092  0.0893038
       0.1  0.0942177
     0.108  0.0987756
     0.116   0.102997
     0.124   0.106902
     0.132   0.110509
      0.14   0.113836
     0.148     0.1169
     0.156   0.119718
     0.164   0.122307
     0.172    0.12468
      0.18   0.126853
     0.188    0.12884
     0.196   0.130653
  0.204065    0.13232
  0.212415   0.133888
  0.221217   0.135379
  0.230495   0.136788
  0.240275   0.138106
  0.250584   0.139331
  0.261452   0.140456
  0.272907    0.14148
  0.284982   0.142402
  0.297711    0.14322
  0.311128   0.143938
  0.325272   0.144557
   0.34018   0.145084
  0.355896   0.145524
  0.372462   0.145884
  0.389924   0.146173
  0.408331   0.146399
  0.427734   0.146572
  0.448188     0.1467
  0.469747   0.146793
  0.492474   0.146857
  0.516431   0.146901
  0.541683   0.146929
  0.568302   0.146946
  0.596362   0.146956
   0.62594   0.146962
  0.657119   0.146965
  0.689984   0.146966
  0.724628   0.146967
  0.761147   0.146967
  0.799642   0.146967
   0.84022   0.146967
  0.882994   0.146967
  0.928082   0.146967
   0.97561   0.146967
