     0.004 -1.59744e-15
     0.012 -5.50845e-15
      0.02 2.07724e-14
     0.028 4.99341e-14
     0.036 1.75443e-14
     0.044 -4.89745e-14
     0.052 -8.18746e-14
      0.06 -4.01797e-14
     0.068 3.66623e-14
     0.076 6.30529e-14
     0.084 4.91116e-14
     0.092 3.58306e-14
       0.1 2.44046e-14
     0.108 1.63176e-14
     0.116 7.74002e-15
     0.124 -1.32356e-15
     0.132 -5.37037e-15
      0.14 -5.10476e-15
     0.148 -7.61603e-15
     0.156 -1.19974e-14
     0.164 -1.18834e-14
     0.172 -8.60302e-15
      0.18 -4.85958e-15
     0.188 -2.4409e-15
     0.196 -3.58903e-15
  0.204065 -4.77956e-15
  0.212415 -2.37701e-15
  0.221217 -1.77795e-15
  0.230495 -3.40679e-15
  0.240275 -9.93375e-16
  0.250584 -7.39053e-16
  0.261452 -3.23842e-15
  0.272907 -4.11603e-15
  0.284982 -3.89329e-15
  0.297711 -3.67923e-15
  0.311128 -3.45021e-15
  0.325272 -2.92925e-15
   0.34018 -2.28565e-15
  0.355896 -1.777e-15
  0.372462 -1.85288e-17
  0.389924 4.56972e-16
  0.408331 3.05712e-16
  0.427734 1.10599e-15
  0.448188 2.21181e-15
  0.469747 2.2781e-15
  0.492474 2.72166e-15
  0.516431 2.84565e-15
  0.541683 2.58905e-15
  0.568302 1.89275e-15
  0.596362 1.39322e-15
   0.62594 6.61408e-17
  0.657119 -7.37185e-16
  0.689984 -1.41642e-16
  0.724628 -2.70085e-16
  0.761147 -4.64682e-16
  0.799642 -1.57801e-16
   0.84022 8.10885e-16
  0.882994 -1.63079e-15
  0.928082 3.95463e-16
   0.97561 2.01768e-15
