     0.004 8.48726e-10
     0.012 3.66959e-09
      0.02 8.00697e-09
     0.028  1.213e-08
     0.036 1.44661e-08
     0.044 1.50997e-08
     0.052 1.45174e-08
      0.06 1.34323e-08
     0.068 1.24446e-08
     0.076 1.22553e-08
     0.084  1.297e-08
     0.092 1.42622e-08
       0.1 1.56461e-08
     0.108 1.6805e-08
     0.116 1.7576e-08
     0.124 1.79406e-08
     0.132 1.78888e-08
      0.14 1.75348e-08
     0.148 1.6903e-08
     0.156 1.61188e-08
     0.164 1.51699e-08
     0.172 1.41832e-08
      0.18 1.3135e-08
     0.188 1.2119e-08
     0.196 1.10843e-08
  0.204065 1.01588e-08
  0.212415 9.27192e-09
  0.221217 8.42757e-09
  0.230495 7.57568e-09
  0.240275 6.81875e-09
  0.250584 6.11163e-09
  0.261452 5.51626e-09
  0.272907 4.99026e-09
  0.284982 4.56881e-09
  0.297711 4.21631e-09
  0.311128 3.94621e-09
  0.325272 3.71865e-09
   0.34018 3.53594e-09
  0.355896 3.35891e-09
  0.372462 3.19263e-09
  0.389924 3.01119e-09
  0.408331 2.82621e-09
  0.427734 2.62875e-09
  0.448188 2.43271e-09
  0.469747 2.23903e-09
  0.492474 2.05844e-09
  0.516431 1.89362e-09
  0.541683 1.74775e-09
  0.568302 1.61985e-09
  0.596362 1.50686e-09
   0.62594 1.40338e-09
  0.657119 1.30339e-09
  0.689984 1.20266e-09
  0.724628  1.107e-09
  0.761147 1.03556e-09
  0.799642 1.01273e-09
   0.84022 1.0235e-09
  0.882994 9.7501e-10
  0.928082 7.48301e-10
   0.97561 2.88325e-10
