     0.004 2.76048e-11
     0.012 5.62471e-11
      0.02 6.66084e-11
     0.028 7.04588e-11
     0.036 7.38688e-11
     0.044 7.79393e-11
     0.052 8.24505e-11
      0.06 8.70493e-11
     0.068 9.15153e-11
     0.076 9.57049e-11
     0.084 9.95281e-11
     0.092 1.02893e-10
       0.1 1.05763e-10
     0.108 1.08074e-10
     0.116 1.09813e-10
     0.124 1.10957e-10
     0.132 1.11567e-10
      0.14 1.11307e-10
     0.148 1.10482e-10
     0.156 1.09007e-10
     0.164 1.06855e-10
     0.172 1.0401e-10
      0.18 1.00454e-10
     0.188 9.61573e-11
     0.196 9.10969e-11
  0.204065 8.52468e-11
  0.212415 7.86122e-11
  0.221217 7.13728e-11
  0.230495 6.38999e-11
  0.240275 5.65574e-11
  0.250584 4.97666e-11
  0.261452 4.39361e-11
  0.272907 3.95356e-11
  0.284982  3.685e-11
  0.297711 3.59795e-11
  0.311128 3.65908e-11
  0.325272 3.82159e-11
   0.34018 4.02912e-11
  0.355896 4.24319e-11
  0.372462 4.43185e-11
  0.389924 4.57995e-11
  0.408331 4.67502e-11
  0.427734 4.71542e-11
  0.448188 4.69931e-11
  0.469747 4.6317e-11
  0.492474 4.51663e-11
  0.516431 4.36232e-11
  0.541683 4.17632e-11
  0.568302 3.96764e-11
  0.596362 3.74542e-11
   0.62594 3.51782e-11
  0.657119 3.29295e-11
  0.689984 3.07742e-11
  0.724628 2.87751e-11
  0.761147 2.6966e-11
  0.799642 2.54011e-11
   0.84022 2.40859e-11
  0.882994 2.30518e-11
  0.928082 2.23194e-11
   0.97561 2.18643e-11
