     0.004 1.37075e-05
     0.012 6.1951e-05
      0.02 0.000115535
     0.028 0.000163605
     0.036 0.000202446
     0.044 0.00023114
     0.052 0.000250062
      0.06 0.000260202
     0.068 0.000262811
     0.076 0.000259207
     0.084 0.00025067
     0.092 0.000238379
       0.1 0.000223386
     0.108 0.000206603
     0.116  0.0001888
     0.124 0.000170613
     0.132 0.000152557
      0.14 0.000135031
     0.148 0.000118337
     0.156 0.000102695
     0.164 8.82476e-05
     0.172 7.50811e-05
      0.18 6.32309e-05
     0.188 5.2693e-05
     0.196 4.34332e-05
  0.204065 3.53328e-05
  0.212415 2.81708e-05
  0.221217 2.18661e-05
  0.230495 1.64706e-05
  0.240275 1.20125e-05
  0.250584 8.49386e-06
  0.261452 5.88924e-06
  0.272907 4.14635e-06
  0.284982 3.18778e-06
  0.297711 2.91469e-06
  0.311128 3.21193e-06
  0.325272 3.9545e-06
   0.34018 5.01469e-06
  0.355896 6.26944e-06
  0.372462 7.6071e-06
  0.389924 8.9331e-06
  0.408331 1.01736e-05
  0.427734 1.12774e-05
  0.448188 1.22155e-05
  0.469747 1.29782e-05
  0.492474 1.35722e-05
  0.516431 1.40149e-05
  0.541683 1.43306e-05
  0.568302 1.45455e-05
  0.596362 1.46849e-05
   0.62594 1.47708e-05
  0.657119 1.48209e-05
  0.689984 1.48486e-05
  0.724628 1.48629e-05
  0.761147 1.48698e-05
  0.799642 1.48729e-05
   0.84022 1.48742e-05
  0.882994 1.48747e-05
  0.928082 1.48748e-05
   0.97561 1.48749e-05
