     0.004 4.72136e-19
     0.012 4.83874e-19
      0.02 4.92582e-19
     0.028 4.90312e-19
     0.036 4.78321e-19
     0.044 4.63765e-19
     0.052 4.51041e-19
      0.06 4.41986e-19
     0.068 4.36216e-19
     0.076 4.31503e-19
     0.084 4.24458e-19
     0.092 4.12462e-19
       0.1 3.94027e-19
     0.108 3.69314e-19
     0.116 3.39616e-19
     0.124 3.06983e-19
     0.132 2.73415e-19
      0.14 2.4081e-19
     0.148 2.10643e-19
     0.156 1.83884e-19
     0.164 1.60947e-19
     0.172 1.41895e-19
      0.18 1.26514e-19
     0.188 1.14429e-19
     0.196 1.05131e-19
  0.204065 9.80164e-20
  0.212415 9.24207e-20
  0.221217 8.7891e-20
  0.230495 8.40255e-20
  0.240275 8.04611e-20
  0.250584 7.69538e-20
  0.261452 7.34031e-20
  0.272907 6.98019e-20
  0.284982 6.62559e-20
  0.297711 6.28877e-20
  0.311128 5.98416e-20
  0.325272 5.72279e-20
   0.34018 5.51339e-20
  0.355896 5.36002e-20
  0.372462 5.26311e-20
  0.389924 5.22063e-20
  0.408331 5.22866e-20
  0.427734 5.28277e-20
  0.448188 5.37849e-20
  0.469747 5.51126e-20
  0.492474 5.67746e-20
  0.516431 5.87305e-20
  0.541683 6.09436e-20
  0.568302 6.33859e-20
  0.596362 6.60277e-20
   0.62594 6.88438e-20
  0.657119 7.18033e-20
  0.689984 7.48673e-20
  0.724628 7.79742e-20
  0.761147 8.10401e-20
  0.799642 8.40281e-20
   0.84022 8.70047e-20
  0.882994 9.00764e-20
  0.928082 9.3142e-20
   0.97561 9.54807e-20
