     0.004 0.00523594
     0.012  0.0111311
      0.02   0.015201
     0.028   0.018089
     0.036   0.020122
     0.044  0.0215007
     0.052  0.0223634
      0.06  0.0228124
     0.068  0.0229264
     0.076  0.0227687
     0.084  0.0223906
     0.092  0.0218348
       0.1   0.021137
     0.108  0.0203275
     0.116  0.0194319
     0.124  0.0184723
     0.132  0.0174675
      0.14  0.0164335
     0.148  0.0153842
     0.156  0.0143314
     0.164  0.0132851
     0.172  0.0122541
      0.18  0.0112455
     0.188  0.0102658
     0.196 0.00932021
  0.204065 0.00840629
  0.212415  0.0075061
  0.221217 0.00661303
  0.230495 0.00573945
  0.240275 0.00490154
  0.250584 0.00412162
  0.261452 0.00343198
  0.272907  0.0028797
  0.284982 0.00252499
  0.297711 0.00241441
  0.311128 0.00253453
  0.325272 0.00281229
   0.34018 0.00316692
  0.355896 0.00354103
  0.372462 0.00390054
  0.389924 0.00422684
  0.408331 0.00451079
  0.427734  0.0047492
  0.448188 0.00494276
  0.469747 0.00509475
  0.492474 0.00521003
  0.516431 0.00529433
  0.541683 0.00535362
  0.568302  0.0053936
  0.596362 0.00541938
   0.62594 0.00543521
  0.657119 0.00544444
  0.689984  0.0054495
  0.724628 0.00545213
  0.761147  0.0054534
  0.799642 0.00545397
   0.84022 0.00545421
  0.882994  0.0054543
  0.928082 0.00545433
   0.97561 0.00545434
