     0.004  0.0051193
     0.012  0.0148265
      0.02  0.0239989
     0.028  0.0326559
     0.036  0.0408178
     0.044  0.0485048
     0.052  0.0557367
      0.06  0.0625331
     0.068  0.0689132
     0.076  0.0748959
     0.084  0.0804995
     0.092  0.0857421
       0.1  0.0906413
     0.108  0.0952144
     0.116   0.099478
     0.124   0.103448
     0.132   0.107141
      0.14   0.110572
     0.148   0.113754
     0.156   0.116704
     0.164   0.119434
     0.172   0.121958
      0.18   0.124287
     0.188   0.126436
     0.196   0.128414
  0.204065   0.130248
  0.212415   0.131989
  0.221217   0.133662
  0.230495   0.135259
  0.240275   0.136773
  0.250584   0.138196
  0.261452   0.139522
  0.272907   0.140748
  0.284982   0.141868
  0.297711   0.142882
  0.311128   0.143788
  0.325272   0.144587
   0.34018   0.145282
  0.355896   0.145877
  0.372462   0.146379
  0.389924   0.146793
  0.408331   0.147129
  0.427734   0.147394
  0.448188     0.1476
  0.469747   0.147754
  0.492474   0.147868
  0.516431   0.147947
  0.541683   0.148002
  0.568302   0.148038
  0.596362   0.148061
   0.62594   0.148074
  0.657119   0.148082
  0.689984   0.148086
  0.724628   0.148088
  0.761147    0.14809
  0.799642    0.14809
   0.84022    0.14809
  0.882994    0.14809
  0.928082    0.14809
   0.97561    0.14809
