     0.004 -1.43466e-15
     0.012 -4.21514e-15
      0.02 2.11178e-14
     0.028 4.7718e-14
     0.036 1.69132e-14
     0.044 -4.54719e-14
     0.052 -7.77885e-14
      0.06 -4.01451e-14
     0.068 3.17848e-14
     0.076 5.76377e-14
     0.084 4.62528e-14
     0.092 3.52587e-14
       0.1 2.53844e-14
     0.108 1.83194e-14
     0.116 1.03639e-14
     0.124 1.1555e-15
     0.132 -3.58011e-15
      0.14 -4.01249e-15
     0.148 -6.93839e-15
     0.156 -1.16687e-14
     0.164 -1.16935e-14
     0.172 -8.45348e-15
      0.18 -4.78678e-15
     0.188 -2.54981e-15
     0.196 -3.7163e-15
  0.204065 -3.64853e-15
  0.212415 -5.14599e-16
  0.221217 -1.05422e-15
  0.230495 -3.87856e-15
  0.240275 -3.48014e-15
  0.250584 -1.14189e-15
  0.261452 -1.60159e-15
  0.272907 -4.03542e-15
  0.284982 -3.4603e-15
  0.297711 -2.96313e-15
  0.311128 -2.8013e-15
  0.325272 -2.57294e-15
   0.34018 -2.11969e-15
  0.355896 -1.90522e-15
  0.372462 -5.48342e-16
  0.389924 3.70705e-17
  0.408331 -2.59431e-16
  0.427734 1.8559e-16
  0.448188 1.19559e-15
  0.469747 1.50379e-15
  0.492474 2.27539e-15
  0.516431 2.64874e-15
  0.541683 2.72531e-15
  0.568302 2.4049e-15
  0.596362 2.24607e-15
   0.62594 7.96703e-16
  0.657119 -2.2866e-16
  0.689984 2.65875e-16
  0.724628 -4.53544e-17
  0.761147 -2.90351e-16
  0.799642 -1.276e-16
   0.84022 6.74285e-16
  0.882994 -1.79644e-15
  0.928082 2.27586e-16
   0.97561 1.89851e-15
