     0.004 7.90146e-10
     0.012 3.44148e-09
      0.02 7.52521e-09
     0.028 1.14215e-08
     0.036 1.36611e-08
     0.044 1.43133e-08
     0.052 1.38178e-08
      0.06 1.28242e-08
     0.068 1.18711e-08
     0.076 1.16142e-08
     0.084 1.21806e-08
     0.092 1.33106e-08
       0.1 1.45616e-08
     0.108 1.56358e-08
     0.116 1.63731e-08
     0.124 1.67482e-08
     0.132 1.67479e-08
      0.14 1.6472e-08
     0.148 1.59422e-08
     0.156 1.52701e-08
     0.164 1.44439e-08
     0.172 1.35774e-08
      0.18 1.26489e-08
     0.188 1.17417e-08
     0.196 1.08068e-08
  0.204065 9.9659e-09
  0.212415 9.1516e-09
  0.221217 8.36242e-09
  0.230495 7.54582e-09
  0.240275 6.80605e-09
  0.250584 6.09538e-09
  0.261452 5.4806e-09
  0.272907 4.91991e-09
  0.284982 4.45499e-09
  0.297711 4.05632e-09
  0.311128 3.74599e-09
  0.325272 3.49212e-09
   0.34018 3.30054e-09
  0.355896 3.13377e-09
  0.372462 2.99249e-09
  0.389924 2.84543e-09
  0.408331 2.69765e-09
  0.427734 2.53367e-09
  0.448188 2.36382e-09
  0.469747 2.18578e-09
  0.492474 2.01107e-09
  0.516431 1.84359e-09
  0.541683 1.69021e-09
  0.568302 1.5532e-09
  0.596362 1.43246e-09
   0.62594 1.3243e-09
  0.657119 1.2232e-09
  0.689984 1.12454e-09
  0.724628 1.0327e-09
  0.761147 9.64617e-10
  0.799642 9.42413e-10
   0.84022 9.5183e-10
  0.882994 9.06447e-10
  0.928082 6.95574e-10
   0.97561 2.67995e-10
