     0.004 2.61849e-11
     0.012 5.45373e-11
      0.02 6.64492e-11
     0.028 7.26346e-11
     0.036 7.83323e-11
     0.044 8.43225e-11
     0.052 9.03445e-11
      0.06 9.60944e-11
     0.068 1.01411e-10
     0.076 1.06206e-10
     0.084 1.10435e-10
     0.092 1.14051e-10
       0.1 1.17048e-10
     0.108 1.19391e-10
     0.116 1.21085e-10
     0.124 1.22117e-10
     0.132 1.22543e-10
      0.14 1.22093e-10
     0.148 1.2101e-10
     0.156 1.19216e-10
     0.164 1.16683e-10
     0.172 1.13381e-10
      0.18 1.09281e-10
     0.188 1.04338e-10
     0.196 9.8513e-11
  0.204065 9.17505e-11
  0.212415 8.4024e-11
  0.221217 7.55402e-11
  0.230495 6.67304e-11
  0.240275 5.80491e-11
  0.250584 5.00509e-11
  0.261452 4.33417e-11
  0.272907 3.86216e-11
  0.284982 3.63384e-11
  0.297711 3.64904e-11
  0.311128 3.84108e-11
  0.325272 4.12858e-11
   0.34018 4.43662e-11
  0.355896 4.71974e-11
  0.372462 4.9469e-11
  0.389924 5.10624e-11
  0.408331 5.19079e-11
  0.427734 5.20403e-11
  0.448188 5.14994e-11
  0.469747 5.03816e-11
  0.492474 4.87731e-11
  0.516431 4.6786e-11
  0.541683 4.45202e-11
  0.568302 4.20779e-11
  0.596362 3.95569e-11
   0.62594 3.70385e-11
  0.657119 3.45994e-11
  0.689984 3.23001e-11
  0.724628 3.01957e-11
  0.761147 2.83159e-11
  0.799642 2.67085e-11
   0.84022 2.53798e-11
  0.882994 2.43581e-11
  0.928082 2.36597e-11
   0.97561 2.3258e-11
