0.00181818 2.97375e-06
0.00545455 1.71453e-05
0.00909091 3.66737e-05
 0.0127273 5.81571e-05
 0.0163636 7.98753e-05
      0.02 0.000100835
 0.0236364 0.000120433
 0.0272727 0.000138303
 0.0309091 0.000154239
 0.0345455 0.000168138
 0.0381818 0.000179976
 0.0418182 0.000189781
 0.0454545 0.000197618
 0.0490909 0.000203579
 0.0527273 0.000207774
 0.0563636 0.000210325
      0.06 0.000211358
 0.0636364 0.000211007
 0.0672727 0.000209402
 0.0709091 0.000206674
 0.0745455 0.00020295
 0.0781818 0.000198353
 0.0818182 0.000192999
 0.0854545 0.000186999
 0.0890909 0.000180459
 0.0927273 0.000173477
 0.0963636 0.000166144
       0.1 0.000158545
  0.103636 0.000150758
  0.107273 0.000142854
  0.110909  0.0001349
  0.114545 0.000126953
  0.118182 0.000119066
  0.121818 0.000111287
  0.125455 0.000103658
  0.129091 9.6216e-05
  0.132727 8.89921e-05
  0.136364 8.20142e-05
      0.14 7.53057e-05
  0.143636 6.88857e-05
  0.147273  6.277e-05
  0.150909 5.69709e-05
  0.154545 5.14977e-05
  0.158182 4.63569e-05
  0.161818 4.15523e-05
  0.165455 3.70854e-05
  0.169091 3.29557e-05
  0.172727 2.91606e-05
  0.176364 2.56961e-05
      0.18 2.25565e-05
  0.183636 1.97349e-05
  0.187273 1.72232e-05
  0.190909 1.50124e-05
  0.194545 1.30925e-05
  0.198182 1.1453e-05
  0.202594 9.82612e-06
  0.207869 8.37109e-06
  0.213323 7.39279e-06
   0.21896 6.89995e-06
  0.224788 6.89616e-06
  0.230812 7.37956e-06
   0.23704 8.34252e-06
  0.243477 9.77148e-06
  0.250132 1.16469e-05
  0.257011 1.39431e-05
  0.264122 1.66289e-05
  0.271474 1.96675e-05
  0.279073 2.30171e-05
  0.286929 2.66317e-05
  0.295049 3.04617e-05
  0.303444 3.44548e-05
  0.312122 3.85569e-05
  0.321093 4.27134e-05
  0.330366  4.687e-05
  0.339952 5.09741e-05
  0.349862 5.49753e-05
  0.360105 5.88268e-05
  0.370695 6.2486e-05
  0.381642 6.59148e-05
  0.392958 6.90803e-05
  0.404655 7.19544e-05
  0.416748 7.45134e-05
  0.429248 7.67374e-05
  0.442171 7.86093e-05
  0.455529 8.01125e-05
  0.469338 8.12292e-05
  0.483612 8.1938e-05
  0.498368 8.22096e-05
  0.513623 8.20055e-05
  0.529391 8.12715e-05
  0.545692 7.99355e-05
  0.562543 7.7904e-05
  0.579962 7.50605e-05
  0.597969 7.1267e-05
  0.616583 6.63726e-05
  0.635825 6.0235e-05
  0.655717 5.2758e-05
   0.67628 4.39619e-05
  0.697536 3.40949e-05
  0.719509 2.37998e-05
  0.742224 1.43428e-05
  0.765705 7.88343e-06
  0.789979 7.70509e-06
  0.815071 1.82035e-05
   0.84101 4.41988e-05
  0.867824 8.87777e-05
  0.895542 0.000148425
  0.924196 0.000204153
  0.953816 0.000210098
  0.984436 0.000101662
