0.00181818 1.5568e-17
0.00545455 1.55403e-17
0.00909091 1.5523e-17
 0.0127273 1.55087e-17
 0.0163636 1.54888e-17
      0.02 1.54578e-17
 0.0236364 1.54112e-17
 0.0272727 1.5347e-17
 0.0309091 1.52647e-17
 0.0345455 1.51663e-17
 0.0381818 1.50554e-17
 0.0418182 1.4937e-17
 0.0454545 1.48156e-17
 0.0490909 1.46955e-17
 0.0527273 1.45803e-17
 0.0563636 1.44725e-17
      0.06 1.43737e-17
 0.0636364 1.42845e-17
 0.0672727 1.42048e-17
 0.0709091 1.41337e-17
 0.0745455 1.40696e-17
 0.0781818 1.40107e-17
 0.0818182 1.39544e-17
 0.0854545 1.38982e-17
 0.0890909 1.38394e-17
 0.0927273 1.37755e-17
 0.0963636 1.37042e-17
       0.1 1.36232e-17
  0.103636 1.35311e-17
  0.107273 1.34265e-17
  0.110909 1.33088e-17
  0.114545 1.31776e-17
  0.118182 1.30333e-17
  0.121818 1.28764e-17
  0.125455 1.2708e-17
  0.129091 1.25294e-17
  0.132727 1.23422e-17
  0.136364 1.21481e-17
      0.14 1.1949e-17
  0.143636 1.17468e-17
  0.147273 1.15433e-17
  0.150909 1.13402e-17
  0.154545 1.11395e-17
  0.158182 1.09425e-17
  0.161818 1.07506e-17
  0.165455 1.05652e-17
  0.169091 1.03872e-17
  0.172727 1.02178e-17
  0.176364 1.00577e-17
      0.18 9.90764e-18
  0.183636 9.76846e-18
  0.187273 9.64097e-18
  0.190909 9.52634e-18
  0.194545 9.42494e-18
  0.198182 9.32974e-18
  0.202594 9.1926e-18
  0.207869 9.01413e-18
  0.213323 8.85065e-18
   0.21896 8.70315e-18
  0.224788 8.56993e-18
  0.230812 8.4494e-18
   0.23704 8.34026e-18
  0.243477 8.2412e-18
  0.250132 8.15084e-18
  0.257011 8.06778e-18
  0.264122 7.99068e-18
  0.271474 7.91838e-18
  0.279073 7.84986e-18
  0.286929 7.7843e-18
  0.295049 7.72103e-18
  0.303444 7.65957e-18
  0.312122 7.59966e-18
  0.321093 7.54115e-18
  0.330366 7.48405e-18
  0.339952 7.42839e-18
  0.349862 7.37432e-18
  0.360105 7.32197e-18
  0.370695 7.27149e-18
  0.381642 7.22303e-18
  0.392958 7.17671e-18
  0.404655 7.13261e-18
  0.416748 7.09076e-18
  0.429248 7.05115e-18
  0.442171 7.01375e-18
  0.455529 6.97849e-18
  0.469338 6.94527e-18
  0.483612 6.91396e-18
  0.498368 6.8844e-18
  0.513623 6.85638e-18
  0.529391 6.82965e-18
  0.545692 6.80389e-18
  0.562543 6.7787e-18
  0.579962 6.75361e-18
  0.597969 6.72811e-18
  0.616583 6.70175e-18
  0.635825 6.67413e-18
  0.655717 6.64525e-18
   0.67628 6.61548e-18
  0.697536 6.58594e-18
  0.719509 6.5584e-18
  0.742224 6.53543e-18
  0.765705 6.52096e-18
  0.789979 6.5215e-18
  0.815071 6.54244e-18
   0.84101 6.59529e-18
  0.867824 6.70211e-18
  0.895542 6.8311e-18
  0.924196 6.99191e-18
  0.953816 7.32966e-18
  0.984436 7.23396e-18
