0.00181818 -2.4359e-23
0.00545455 -3.72558e-23
0.00909091 -5.66049e-23
 0.0127273 -6.49429e-23
 0.0163636 -7.48972e-23
      0.02 -9.25155e-23
 0.0236364 -1.22401e-22
 0.0272727 -1.71994e-22
 0.0309091 -2.36689e-22
 0.0345455 -3.07294e-22
 0.0381818 -3.90894e-22
 0.0418182 -5.11608e-22
 0.0454545 -7.06366e-22
 0.0490909 -1.00611e-21
 0.0527273 -1.45798e-21
 0.0563636 -2.01472e-21
      0.06 -1.84993e-21
 0.0636364 -1.06624e-21
 0.0672727 -7.30367e-22
 0.0709091 -6.09184e-22
 0.0745455 -5.30192e-22
 0.0781818 -4.57987e-22
 0.0818182 -4.01194e-22
 0.0854545 -3.62929e-22
 0.0890909 -3.35037e-22
 0.0927273 -3.15958e-22
 0.0963636 -3.05363e-22
       0.1 -3.02346e-22
  0.103636 -3.06248e-22
  0.107273 -3.17312e-22
  0.110909 -3.34794e-22
  0.114545 -3.57888e-22
  0.118182 -3.87131e-22
  0.121818 -4.2202e-22
  0.125455 -4.62294e-22
  0.129091 -5.06999e-22
  0.132727 -5.55451e-22
  0.136364 -6.06382e-22
      0.14 -6.59136e-22
  0.143636 -7.12477e-22
  0.147273 -7.64868e-22
  0.150909 -8.14901e-22
  0.154545 -8.61506e-22
  0.158182 -9.04498e-22
  0.161818 -9.41005e-22
  0.165455 -9.70383e-22
  0.169091 -9.91254e-22
  0.172727 -1.00303e-21
  0.176364 -9.99656e-22
      0.18 -9.68305e-22
  0.183636 -8.95906e-22
  0.187273 -7.89883e-22
  0.190909 -6.56625e-22
  0.194545 -5.58335e-22
  0.198182 -9.80748e-22
  0.202594 -1.42812e-21
  0.207869 -1.0171e-21
  0.213323 -9.97739e-22
   0.21896 -8.58354e-22
  0.224788 -7.03017e-22
  0.230812 -5.62698e-22
   0.23704 -4.4339e-22
  0.243477 -3.42865e-22
  0.250132 -2.60639e-22
  0.257011 -1.9575e-22
  0.264122 -1.46154e-22
  0.271474 -1.09398e-22
  0.279073 -8.31877e-23
  0.286929 -6.47714e-23
  0.295049 -5.25985e-23
  0.303444 -4.50453e-23
  0.312122 -4.18454e-23
  0.321093 -4.18258e-23
  0.330366 -4.43866e-23
  0.339952 -4.81071e-23
  0.349862 -5.23966e-23
  0.360105 -5.62004e-23
  0.370695 -5.9041e-23
  0.381642 -6.02089e-23
  0.392958 -5.91405e-23
  0.404655 -5.49281e-23
  0.416748 -4.64457e-23
  0.429248 -3.27501e-23
  0.442171 -1.68042e-23
  0.455529 -6.01243e-24
  0.469338 -1.3525e-24
  0.483612 -1.0718e-25
  0.498368 -4.30304e-30
  0.513623 6.70463e-26
  0.529391 1.42975e-24
  0.545692 8.64514e-24
  0.562543 3.03395e-23
  0.579962 6.30346e-23
  0.597969 8.94055e-23
  0.616583 1.07436e-22
  0.635825 1.19665e-22
  0.655717 1.2888e-22
   0.67628 1.38482e-22
  0.697536 1.52383e-22
  0.719509 1.74646e-22
  0.742224 2.14788e-22
  0.765705 2.93086e-22
  0.789979 4.80887e-22
  0.815071 1.19326e-21
   0.84101 8.68018e-22
  0.867824 6.16129e-22
  0.895542 5.32381e-22
  0.924196 2.28864e-21
  0.953816 5.98313e-22
  0.984436 7.38836e-23
