0.00181818 -2.66884e-05
0.00545455 -2.60742e-05
0.00909091 -2.54272e-05
 0.0127273 -2.47833e-05
 0.0163636 -2.41495e-05
      0.02 -2.35271e-05
 0.0236364 -2.29163e-05
 0.0272727 -2.23169e-05
 0.0309091 -2.17291e-05
 0.0345455 -2.11525e-05
 0.0381818 -2.05872e-05
 0.0418182 -2.00331e-05
 0.0454545 -1.949e-05
 0.0490909 -1.89578e-05
 0.0527273 -1.84364e-05
 0.0563636 -1.79257e-05
      0.06 -1.74256e-05
 0.0636364 -1.69361e-05
 0.0672727 -1.64568e-05
 0.0709091 -1.59878e-05
 0.0745455 -1.5529e-05
 0.0781818 -1.50802e-05
 0.0818182 -1.46413e-05
 0.0854545 -1.42121e-05
 0.0890909 -1.37926e-05
 0.0927273 -1.33827e-05
 0.0963636 -1.29821e-05
       0.1 -1.25908e-05
  0.103636 -1.22087e-05
  0.107273 -1.18357e-05
  0.110909 -1.14715e-05
  0.114545 -1.11161e-05
  0.118182 -1.07693e-05
  0.121818 -1.04311e-05
  0.125455 -1.01012e-05
  0.129091 -9.77962e-06
  0.132727 -9.46614e-06
  0.136364 -9.16065e-06
      0.14 -8.86302e-06
  0.143636 -8.57313e-06
  0.147273 -8.29083e-06
  0.150909 -8.016e-06
  0.154545 -7.74851e-06
  0.158182 -7.48822e-06
  0.161818 -7.235e-06
  0.165455 -6.98873e-06
  0.169091 -6.74928e-06
  0.172727 -6.51651e-06
  0.176364 -6.29029e-06
      0.18 -6.0705e-06
  0.183636 -5.85701e-06
  0.187273 -5.64969e-06
  0.190909 -5.44842e-06
  0.194545 -5.25307e-06
  0.198182 -5.06351e-06
  0.202594 -4.84177e-06
  0.207869 -4.58646e-06
  0.213323 -4.33432e-06
   0.21896 -4.08586e-06
  0.224788 -3.84157e-06
  0.230812 -3.60194e-06
   0.23704 -3.36749e-06
  0.243477 -3.13871e-06
  0.250132 -2.91607e-06
  0.257011 -2.70007e-06
  0.264122 -2.49114e-06
  0.271474 -2.28972e-06
  0.279073 -2.09622e-06
  0.286929 -1.91099e-06
  0.295049 -1.73436e-06
  0.303444 -1.56661e-06
  0.312122 -1.40797e-06
  0.321093 -1.25861e-06
  0.330366 -1.11862e-06
  0.339952 -9.88049e-07
  0.349862 -8.66854e-07
  0.360105 -7.54917e-07
  0.370695 -6.52035e-07
  0.381642 -5.57917e-07
  0.392958 -4.72177e-07
  0.404655 -3.94326e-07
  0.416748 -3.23771e-07
  0.429248 -2.59797e-07
  0.442171 -2.0156e-07
  0.455529 -1.48066e-07
  0.469338 -9.81444e-08
  0.483612 -5.0413e-08
  0.498368 -3.22869e-09
  0.513623 4.53817e-08
  0.529391 9.78134e-08
  0.545692 1.57008e-07
  0.562543 2.26616e-07
  0.579962 3.11215e-07
  0.597969 4.16586e-07
  0.616583 5.50071e-07
  0.635825 7.21024e-07
  0.655717 9.41376e-07
   0.67628 1.22633e-06
  0.697536 1.59518e-06
  0.719509 2.07233e-06
  0.742224 2.68841e-06
  0.765705 3.48158e-06
  0.789979 4.49889e-06
  0.815071 5.79771e-06
   0.84101 7.44711e-06
  0.867824 9.52904e-06
  0.895542 1.21392e-05
  0.924196 1.53873e-05
  0.953816 1.9397e-05
  0.984436 2.42949e-05
