0.00181818 0.00243875
0.00545455 0.00585581
0.00909091 0.00856431
 0.0127273  0.0107849
 0.0163636  0.0126392
      0.02  0.0142011
 0.0236364  0.0155198
 0.0272727  0.0166315
 0.0309091  0.0175635
 0.0345455  0.0183378
 0.0381818  0.0189724
 0.0418182  0.0194824
 0.0454545  0.0198806
 0.0490909  0.0201782
 0.0527273   0.020385
 0.0563636  0.0205097
      0.06  0.0205601
 0.0636364   0.020543
 0.0672727  0.0204647
 0.0709091   0.020331
 0.0745455   0.020147
 0.0781818  0.0199175
 0.0818182  0.0196468
 0.0854545   0.019339
 0.0890909  0.0189978
 0.0927273  0.0186267
 0.0963636  0.0182287
       0.1   0.017807
  0.103636  0.0173642
  0.107273  0.0169029
  0.110909  0.0164256
  0.114545  0.0159344
  0.118182  0.0154315
  0.121818  0.0149189
  0.125455  0.0143985
  0.129091   0.013872
  0.132727  0.0133411
  0.136364  0.0128074
      0.14  0.0122724
  0.143636  0.0117376
  0.147273  0.0112045
  0.150909  0.0106744
  0.154545  0.0101487
  0.158182  0.0096288
  0.161818 0.00911617
  0.165455 0.00861225
  0.169091 0.00811858
  0.172727 0.00763683
  0.176364 0.00716884
      0.18 0.00671663
  0.183636  0.0062825
  0.187273 0.00586911
  0.190909 0.00547948
  0.194545 0.00511713
  0.198182 0.00478603
  0.202594 0.00443309
  0.207869 0.00409172
  0.213323  0.0038452
   0.21896 0.00371482
  0.224788  0.0037138
  0.230812 0.00384176
   0.23704 0.00408473
  0.243477 0.00442074
  0.250132 0.00482636
  0.257011 0.00528074
  0.264122 0.00576695
  0.271474 0.00627175
  0.279073 0.00678485
  0.286929 0.00729818
  0.295049 0.00780534
  0.303444 0.00830118
  0.312122 0.00878144
  0.321093 0.00924266
  0.330366 0.00968195
  0.339952  0.0100969
  0.349862  0.0104857
  0.360105  0.0108468
  0.370695  0.0111791
  0.381642  0.0114817
  0.392958  0.0117542
  0.404655  0.0119962
  0.416748  0.0122076
  0.429248  0.0123885
  0.442171  0.0125387
  0.455529   0.012658
  0.469338  0.0127459
  0.483612  0.0128014
  0.498368  0.0128226
  0.513623  0.0128067
  0.529391  0.0127492
  0.545692   0.012644
  0.562543  0.0124823
  0.579962  0.0122524
  0.597969  0.0119388
  0.616583  0.0115215
  0.635825  0.0109759
  0.655717  0.0102721
   0.67628 0.00937677
  0.697536 0.00825771
  0.719509 0.00689924
  0.742224  0.0053559
  0.765705 0.00397075
  0.789979 0.00392558
  0.815071 0.00603381
   0.84101   0.009402
  0.867824   0.013325
  0.895542  0.0172293
  0.924196  0.0202066
  0.953816  0.0204987
  0.984436  0.0142592
