0.00181818  0.0025818
0.00545455 0.00763386
0.00909091  0.0125624
 0.0127273  0.0173668
 0.0163636  0.0220488
      0.02  0.0266106
 0.0236364  0.0310544
 0.0272727  0.0353824
 0.0309091  0.0395968
 0.0345455  0.0436997
 0.0381818  0.0476934
 0.0418182    0.05158
 0.0454545  0.0553616
 0.0490909  0.0590403
 0.0527273  0.0626182
 0.0563636  0.0660973
      0.06  0.0694797
 0.0636364  0.0727674
 0.0672727  0.0759624
 0.0709091  0.0790666
 0.0745455  0.0820821
 0.0781818  0.0850108
 0.0818182  0.0878544
 0.0854545  0.0906151
 0.0890909  0.0932945
 0.0927273  0.0958945
 0.0963636   0.098417
       0.1   0.100864
  0.103636   0.103236
  0.107273   0.105537
  0.110909   0.107767
  0.114545   0.109928
  0.118182   0.112022
  0.121818    0.11405
  0.125455   0.116015
  0.129091   0.117917
  0.132727   0.119758
  0.136364    0.12154
      0.14   0.123264
  0.143636   0.124933
  0.147273   0.126546
  0.150909   0.128106
  0.154545   0.129614
  0.158182   0.131072
  0.161818   0.132481
  0.165455   0.133842
  0.169091   0.135156
  0.172727   0.136425
  0.176364    0.13765
      0.18   0.138833
  0.183636   0.139974
  0.187273   0.141075
  0.190909   0.142136
  0.194545    0.14316
  0.198182   0.144147
  0.202594   0.145301
  0.207869    0.14661
  0.213323    0.14789
   0.21896   0.149139
  0.224788   0.150354
  0.230812   0.151534
   0.23704   0.152676
  0.243477   0.153777
  0.250132   0.154837
  0.257011   0.155853
  0.264122   0.156824
  0.271474   0.157748
  0.279073   0.158624
  0.286929   0.159452
  0.295049    0.16023
  0.303444   0.160958
  0.312122   0.161636
  0.321093   0.162265
  0.330366   0.162844
  0.339952   0.163374
  0.349862   0.163857
  0.360105   0.164293
  0.370695   0.164683
  0.381642   0.165031
  0.392958   0.165336
  0.404655   0.165602
  0.416748   0.165829
  0.429248    0.16602
  0.442171   0.166176
  0.455529   0.166298
  0.469338   0.166387
  0.483612   0.166443
  0.498368   0.166464
  0.513623   0.166447
  0.529391   0.166389
  0.545692   0.166281
  0.562543   0.166114
  0.579962   0.165872
  0.597969   0.165532
  0.616583   0.165067
  0.635825   0.164434
  0.655717   0.163578
   0.67628   0.162425
  0.697536   0.160873
  0.719509   0.158788
  0.742224   0.155989
  0.765705   0.152237
  0.789979   0.147219
  0.815071   0.140524
   0.84101   0.131615
  0.867824   0.119805
  0.895542    0.10421
  0.924196  0.0837169
  0.953816  0.0569252
  0.984436  0.0221017
