0.00181818 6.35532e-10
0.00545455 2.9245e-09
0.00909091 6.35523e-09
 0.0127273 1.03776e-08
 0.0163636 1.46591e-08
      0.02 1.90131e-08
 0.0236364 2.33017e-08
 0.0272727 2.74021e-08
 0.0309091 3.11632e-08
 0.0345455 3.44513e-08
 0.0381818 3.71605e-08
 0.0418182 3.92532e-08
 0.0454545 4.07333e-08
 0.0490909 4.16596e-08
 0.0527273 4.20983e-08
 0.0563636 4.21411e-08
      0.06 4.18614e-08
 0.0636364 4.13527e-08
 0.0672727 4.0681e-08
 0.0709091 3.99279e-08
 0.0745455 3.91448e-08
 0.0781818 3.84007e-08
 0.0818182 3.77328e-08
 0.0854545 3.71888e-08
 0.0890909 3.67849e-08
 0.0927273 3.65446e-08
 0.0963636 3.64632e-08
       0.1 3.65383e-08
  0.103636 3.6747e-08
  0.107273 3.70699e-08
  0.110909 3.74762e-08
  0.114545 3.79387e-08
  0.118182 3.8427e-08
  0.121818 3.89159e-08
  0.125455 3.93809e-08
  0.129091 3.98028e-08
  0.132727 4.01634e-08
  0.136364 4.04522e-08
      0.14 4.06582e-08
  0.143636 4.07779e-08
  0.147273 4.08043e-08
  0.150909 4.07416e-08
  0.154545 4.05876e-08
  0.158182 4.03513e-08
  0.161818 4.00312e-08
  0.165455 3.96429e-08
  0.169091 3.91877e-08
  0.172727 3.86849e-08
  0.176364 3.81339e-08
      0.18 3.75614e-08
  0.183636 3.69699e-08
  0.187273 3.63889e-08
  0.190909 3.58184e-08
  0.194545 3.52589e-08
  0.198182 3.4661e-08
  0.202594 3.44446e-08
  0.207869 3.29736e-08
  0.213323 3.16799e-08
   0.21896 3.04594e-08
  0.224788 2.92965e-08
  0.230812 2.81523e-08
   0.23704 2.70344e-08
  0.243477 2.59431e-08
  0.250132 2.48911e-08
  0.257011 2.38777e-08
  0.264122 2.29106e-08
  0.271474 2.19848e-08
  0.279073 2.11069e-08
  0.286929 2.02701e-08
  0.295049 1.94786e-08
  0.303444 1.87245e-08
  0.312122 1.80094e-08
  0.321093 1.73265e-08
  0.330366 1.6676e-08
  0.339952 1.60521e-08
  0.349862 1.54526e-08
  0.360105 1.48735e-08
  0.370695 1.43125e-08
  0.381642 1.3767e-08
  0.392958 1.32356e-08
  0.404655 1.27167e-08
  0.416748 1.22104e-08
  0.429248 1.17173e-08
  0.442171 1.12396e-08
  0.455529 1.07805e-08
  0.469338 1.03458e-08
  0.483612 9.94248e-09
  0.498368 9.57941e-09
  0.513623 9.26528e-09
  0.529391 9.00891e-09
  0.545692 8.81618e-09
  0.562543 8.68957e-09
  0.579962 8.6277e-09
  0.597969 8.62714e-09
  0.616583 8.68259e-09
  0.635825 8.79867e-09
  0.655717 8.99746e-09
   0.67628 9.31839e-09
  0.697536 9.84277e-09
  0.719509 1.06924e-08
  0.742224 1.19643e-08
  0.765705 1.37442e-08
  0.789979 1.59109e-08
  0.815071 1.7935e-08
   0.84101 1.91805e-08
  0.867824 1.83845e-08
  0.895542 1.57462e-08
  0.924196 1.85764e-08
  0.953816 1.86137e-08
  0.984436 1.14422e-08
