0.00181818 7.29931e-11
0.00545455 1.88762e-10
0.00909091 2.8009e-10
 0.0127273 3.54949e-10
 0.0163636 4.21042e-10
      0.02 4.82618e-10
 0.0236364 5.41594e-10
 0.0272727 5.98585e-10
 0.0309091 6.53611e-10
 0.0345455 7.06524e-10
 0.0381818 7.57178e-10
 0.0418182 8.05475e-10
 0.0454545 8.51368e-10
 0.0490909 8.94843e-10
 0.0527273 9.35911e-10
 0.0563636 9.74591e-10
      0.06 1.01091e-09
 0.0636364 1.04491e-09
 0.0672727 1.0766e-09
 0.0709091 1.10603e-09
 0.0745455 1.13322e-09
 0.0781818 1.1582e-09
 0.0818182 1.18099e-09
 0.0854545 1.20161e-09
 0.0890909 1.22008e-09
 0.0927273 1.23643e-09
 0.0963636 1.25066e-09
       0.1 1.2628e-09
  0.103636 1.27285e-09
  0.107273 1.28083e-09
  0.110909 1.28676e-09
  0.114545 1.29064e-09
  0.118182 1.29248e-09
  0.121818 1.29229e-09
  0.125455 1.29009e-09
  0.129091 1.28587e-09
  0.132727 1.27965e-09
  0.136364 1.27143e-09
      0.14 1.26122e-09
  0.143636 1.24904e-09
  0.147273 1.23489e-09
  0.150909 1.2188e-09
  0.154545 1.20077e-09
  0.158182 1.18083e-09
  0.161818 1.15902e-09
  0.165455 1.13536e-09
  0.169091 1.10993e-09
  0.172727 1.08279e-09
  0.176364 1.05402e-09
      0.18 1.02376e-09
  0.183636 9.92179e-10
  0.187273 9.59492e-10
  0.190909 9.2601e-10
  0.194545 8.92167e-10
  0.198182 8.58616e-10
  0.202594 8.20228e-10
  0.207869 7.76892e-10
  0.213323 7.35432e-10
   0.21896 6.96515e-10
  0.224788 6.60716e-10
  0.230812 6.28626e-10
   0.23704 6.00693e-10
  0.243477 5.77265e-10
  0.250132 5.58439e-10
  0.257011 5.44148e-10
  0.264122 5.34046e-10
  0.271474 5.27653e-10
  0.279073 5.24301e-10
  0.286929 5.23295e-10
  0.295049 5.23889e-10
  0.303444 5.25475e-10
  0.312122 5.27402e-10
  0.321093 5.29229e-10
  0.330366 5.30547e-10
  0.339952 5.3111e-10
  0.349862 5.30739e-10
  0.360105 5.29364e-10
  0.370695 5.26957e-10
  0.381642 5.23574e-10
  0.392958 5.19279e-10
  0.404655 5.14182e-10
  0.416748 5.08379e-10
  0.429248 5.01984e-10
  0.442171 4.95078e-10
  0.455529 4.87744e-10
  0.469338 4.80025e-10
  0.483612 4.71961e-10
  0.498368 4.63575e-10
  0.513623 4.5488e-10
  0.529391 4.45861e-10
  0.545692 4.3653e-10
  0.562543 4.26886e-10
  0.579962 4.16948e-10
  0.597969 4.06735e-10
  0.616583 3.96294e-10
  0.635825 3.85637e-10
  0.655717 3.74821e-10
   0.67628 3.63826e-10
  0.697536 3.52645e-10
  0.719509 3.4118e-10
  0.742224 3.2927e-10
  0.765705 3.16711e-10
  0.789979 3.03139e-10
  0.815071 2.8823e-10
   0.84101 2.71818e-10
  0.867824 2.54332e-10
  0.895542 2.41093e-10
  0.924196 2.47677e-10
  0.953816 3.49669e-10
  0.984436 4.56953e-10
