     0.004 1.42397e-05
     0.012 6.39684e-05
      0.02 0.000118759
     0.028 0.000167468
     0.036 0.000206384
     0.044 0.000234681
     0.052 0.000252857
      0.06 0.000262019
     0.068 0.000263526
     0.076 0.000258784
     0.084 0.000249143
     0.092 0.000235836
       0.1 0.00021995
     0.108 0.000202421
     0.116 0.00018403
     0.124 0.000165415
     0.132 0.000147084
      0.14 0.000129428
     0.148 0.000112733
     0.156 9.72007e-05
     0.164 8.29584e-05
     0.172 7.00726e-05
      0.18 5.85613e-05
     0.188 4.84039e-05
     0.196 3.95508e-05
  0.204065 3.18732e-05
  0.212415 2.51497e-05
  0.221217 1.92961e-05
  0.230495 1.43525e-05
  0.240275 1.03346e-05
  0.250584 7.23186e-06
  0.261452 5.00691e-06
  0.272907 3.59684e-06
  0.284982 2.91572e-06
  0.297711 2.85891e-06
  0.311128 3.30865e-06
  0.325272 4.14082e-06
   0.34018 5.23196e-06
  0.355896 6.46634e-06
  0.372462  7.742e-06
  0.389924 8.97555e-06
  0.408331 1.01048e-05
  0.427734 1.10896e-05
  0.448188 1.19104e-05
  0.469747 1.2565e-05
  0.492474 1.30649e-05
  0.516431 1.34302e-05
  0.541683 1.36853e-05
  0.568302 1.38552e-05
  0.596362 1.39629e-05
   0.62594 1.40277e-05
  0.657119 1.40646e-05
  0.689984 1.40843e-05
  0.724628 1.40943e-05
  0.761147 1.40989e-05
  0.799642 1.41009e-05
   0.84022 1.41017e-05
  0.882994 1.4102e-05
  0.928082 1.41021e-05
   0.97561 1.41021e-05
