     0.004 4.93397e-19
     0.012 5.05645e-19
      0.02 5.14705e-19
     0.028 5.12278e-19
     0.036 4.99692e-19
     0.044 4.84431e-19
     0.052 4.71061e-19
      0.06 4.61456e-19
     0.068 4.55174e-19
     0.076 4.49863e-19
     0.084 4.41993e-19
     0.092 4.2887e-19
       0.1 4.08998e-19
     0.108 3.82613e-19
     0.116 3.51129e-19
     0.124 3.16735e-19
     0.132 2.81544e-19
      0.14 2.47545e-19
     0.148 2.16263e-19
     0.156 1.88681e-19
     0.164 1.65194e-19
     0.172 1.45824e-19
      0.18 1.30301e-19
     0.188 1.1819e-19
     0.196 1.08923e-19
  0.204065 1.0185e-19
  0.212415 9.62685e-20
  0.221217 9.1702e-20
  0.230495 8.77334e-20
  0.240275 8.40009e-20
  0.250584 8.0274e-20
  0.261452 7.64737e-20
  0.272907 7.26198e-20
  0.284982 6.88426e-20
  0.297711 6.52813e-20
  0.311128 6.20897e-20
  0.325272 5.93805e-20
   0.34018 5.72384e-20
  0.355896 5.56975e-20
  0.372462 5.47537e-20
  0.389924 5.4379e-20
  0.408331 5.45275e-20
  0.427734 5.51499e-20
  0.448188 5.61983e-20
  0.469747 5.76251e-20
  0.492474 5.93935e-20
  0.516431 6.14624e-20
  0.541683 6.37951e-20
  0.568302 6.63637e-20
  0.596362 6.91383e-20
   0.62594 7.20935e-20
  0.657119 7.51975e-20
  0.689984 7.84101e-20
  0.724628 8.1667e-20
  0.761147 8.48806e-20
  0.799642 8.80122e-20
   0.84022 9.11314e-20
  0.882994 9.43501e-20
  0.928082 9.75623e-20
   0.97561 1.00013e-19
