     0.004 0.00533661
     0.012  0.0113109
      0.02  0.0154116
     0.028  0.0183013
     0.036  0.0203167
     0.044  0.0216648
     0.052  0.0224881
      0.06  0.0228919
     0.068  0.0229576
     0.076  0.0227501
     0.084  0.0223223
     0.092   0.021718
       0.1  0.0209738
     0.108  0.0201207
     0.116  0.0191849
     0.124  0.0181887
     0.132  0.0171513
      0.14   0.016089
     0.148  0.0150155
     0.156  0.0139428
     0.164  0.0128809
     0.172  0.0118383
      0.18  0.0108223
     0.188 0.00983909
     0.196 0.00889391
  0.204065 0.00798413
  0.212415  0.0070922
  0.221217 0.00621226
  0.230495  0.0053577
  0.240275 0.00454634
  0.250584 0.00380312
  0.261452 0.00316446
  0.272907  0.0026821
  0.284982 0.00241484
  0.297711 0.00239119
  0.311128 0.00257241
  0.325272 0.00287778
   0.34018  0.0032348
  0.355896  0.0035962
  0.372462 0.00393497
  0.389924 0.00423687
  0.408331 0.00449551
  0.427734 0.00470948
  0.448188 0.00488065
  0.469747 0.00501298
  0.492474 0.00511174
  0.516431 0.00518271
  0.541683 0.00523169
  0.568302 0.00526407
  0.596362  0.0052845
   0.62594 0.00529674
  0.657119  0.0053037
  0.689984 0.00530742
  0.724628 0.00530928
  0.761147 0.00531016
  0.799642 0.00531055
   0.84022  0.0053107
  0.882994 0.00531075
  0.928082 0.00531076
   0.97561 0.00531077
