     0.004 0.00522399
     0.012  0.0151177
      0.02   0.024454
     0.028  0.0332535
     0.036  0.0415379
     0.044  0.0493286
     0.052  0.0566469
      0.06  0.0635135
     0.068  0.0699489
     0.076  0.0759731
     0.084  0.0816057
     0.092  0.0868659
       0.1  0.0917724
     0.108  0.0963433
     0.116   0.100596
     0.124   0.104549
     0.132   0.108217
      0.14   0.111617
     0.148   0.114765
     0.156   0.117676
     0.164   0.120363
     0.172   0.122841
      0.18   0.125123
     0.188   0.127222
     0.196   0.129149
  0.204065   0.130931
  0.212415   0.132619
  0.221217   0.134235
  0.230495   0.135773
  0.240275   0.137225
  0.250584   0.138585
  0.261452   0.139847
  0.272907   0.141008
  0.284982   0.142064
  0.297711   0.143015
  0.311128   0.143859
  0.325272   0.144599
   0.34018   0.145238
  0.355896   0.145781
  0.372462   0.146235
  0.389924   0.146606
  0.408331   0.146904
  0.427734   0.147138
  0.448188   0.147316
  0.469747   0.147448
  0.492474   0.147544
  0.516431    0.14761
  0.541683   0.147655
  0.568302   0.147684
  0.596362   0.147701
   0.62594   0.147712
  0.657119   0.147718
  0.689984   0.147721
  0.724628   0.147722
  0.761147   0.147723
  0.799642   0.147723
   0.84022   0.147723
  0.882994   0.147723
  0.928082   0.147723
   0.97561   0.147723
