     0.004 -1.48066e-15
     0.012 -4.57885e-15
      0.02 2.10879e-14
     0.028 4.84876e-14
     0.036 1.71313e-14
     0.044 -4.66131e-14
     0.052 -7.91854e-14
      0.06 -4.02754e-14
     0.068 3.32523e-14
     0.076 5.93267e-14
     0.084 4.71882e-14
     0.092 3.55096e-14
       0.1 2.51677e-14
     0.108 1.77788e-14
     0.116 9.61641e-15
     0.124 3.8117e-16
     0.132 -4.20505e-15
      0.14 -4.42171e-15
     0.148 -7.20807e-15
     0.156 -1.18187e-14
     0.164 -1.17857e-14
     0.172 -8.5239e-15
      0.18 -4.8454e-15
     0.188 -2.54821e-15
     0.196 -3.61488e-15
  0.204065 -3.75925e-15
  0.212415 -1.59774e-15
  0.221217 -1.97742e-15
  0.230495 -3.76693e-15
  0.240275 -2.73104e-15
  0.250584 -7.17655e-16
  0.261452 -1.87123e-15
  0.272907 -4.19135e-15
  0.284982 -3.6209e-15
  0.297711 -3.14505e-15
  0.311128 -3.02252e-15
  0.325272 -2.7165e-15
   0.34018 -2.18282e-15
  0.355896 -1.89238e-15
  0.372462 -3.96477e-16
  0.389924 1.73921e-16
  0.408331 -1.06988e-16
  0.427734 4.46959e-16
  0.448188 1.52419e-15
  0.469747 1.78431e-15
  0.492474 2.45303e-15
  0.516431 2.75234e-15
  0.541683 2.72223e-15
  0.568302 2.31605e-15
  0.596362 1.99995e-15
   0.62594 5.20082e-16
  0.657119 -3.95981e-16
  0.689984 1.09919e-16
  0.724628 -1.22617e-16
  0.761147 -3.50465e-16
  0.799642 -1.40341e-16
   0.84022 7.0807e-16
  0.882994 -1.71616e-15
  0.928082 2.8487e-16
   0.97561 1.89994e-15
