     0.004 8.08292e-10
     0.012 3.51257e-09
      0.02 7.67561e-09
     0.028 1.1643e-08
     0.036 1.39133e-08
     0.044 1.45603e-08
     0.052 1.4038e-08
      0.06 1.30153e-08
     0.068 1.20499e-08
     0.076 1.1812e-08
     0.084 1.24231e-08
     0.092 1.36034e-08
       0.1 1.48965e-08
     0.108 1.59984e-08
     0.116 1.67479e-08
     0.124 1.71215e-08
     0.132 1.71071e-08
      0.14 1.68086e-08
     0.148 1.62487e-08
     0.156 1.55431e-08
     0.164 1.46797e-08
     0.172 1.37764e-08
      0.18 1.28108e-08
     0.188 1.18695e-08
     0.196 1.09027e-08
  0.204065 1.00342e-08
  0.212415 9.19553e-09
  0.221217 8.38698e-09
  0.230495 7.55682e-09
  0.240275 6.80899e-09
  0.250584 6.09647e-09
  0.261452 5.4851e-09
  0.272907 4.93323e-09
  0.284982 4.48077e-09
  0.297711 4.09672e-09
  0.311128 3.80047e-09
  0.325272 3.55738e-09
   0.34018 3.37157e-09
  0.355896 3.20439e-09
  0.372462 3.05744e-09
  0.389924 2.90081e-09
  0.408331 2.74165e-09
  0.427734 2.56661e-09
  0.448188 2.38742e-09
  0.469747 2.20307e-09
  0.492474 2.02516e-09
  0.516431 1.85751e-09
  0.541683 1.70595e-09
  0.568302 1.57175e-09
  0.596362 1.45373e-09
   0.62594 1.34749e-09
  0.657119 1.24718e-09
  0.689984 1.14823e-09
  0.724628 1.05543e-09
  0.761147 9.86447e-10
  0.799642 9.64122e-10
   0.84022 9.73987e-10
  0.882994 9.27656e-10
  0.928082 7.11887e-10
   0.97561 2.74285e-10
