     0.004 2.65908e-11
     0.012 5.49123e-11
      0.02 6.61742e-11
     0.028 7.14383e-11
     0.036 7.6233e-11
     0.044 8.14516e-11
     0.052 8.68479e-11
      0.06 9.21017e-11
     0.068 9.70328e-11
     0.076 1.01534e-10
     0.084 1.05548e-10
     0.092 1.09011e-10
       0.1 1.11909e-10
     0.108 1.14196e-10
     0.116 1.15871e-10
     0.124 1.16916e-10
     0.132 1.17391e-10
      0.14 1.17001e-10
     0.148 1.1601e-10
     0.156 1.14339e-10
     0.164 1.11958e-10
     0.172 1.08843e-10
      0.18 1.04967e-10
     0.188 1.00292e-10
     0.196 9.47834e-11
  0.204065 8.8397e-11
  0.212415 8.11217e-11
  0.221217 7.31606e-11
  0.230495 6.49292e-11
  0.240275 5.68559e-11
  0.250584 4.94532e-11
  0.261452 4.32497e-11
  0.272907 3.88417e-11
  0.284982 3.65766e-11
  0.297711 3.64558e-11
  0.311128 3.79278e-11
  0.325272 4.03163e-11
   0.34018 4.29616e-11
  0.355896 4.54491e-11
  0.372462  4.748e-11
  0.389924 4.8934e-11
  0.408331 4.97295e-11
  0.427734 4.98878e-11
  0.448188  4.943e-11
  0.469747 4.84366e-11
  0.492474 4.69756e-11
  0.516431 4.51457e-11
  0.541683 4.30346e-11
  0.568302 4.07366e-11
  0.596362 3.83443e-11
   0.62594 3.59365e-11
  0.657119 3.35893e-11
  0.689984 3.13645e-11
  0.724628 2.93187e-11
  0.761147 2.74828e-11
  0.799642 2.59068e-11
   0.84022 2.45961e-11
  0.882994 2.35802e-11
  0.928082 2.28774e-11
   0.97561 2.2461e-11
