/*--------------------------------*- C++ -*----------------------------------*\
| =========                 |                                                 |
| \\      /  F ield         | OpenFOAM: The Open Source CFD Toolbox           |
|  \\    /   O peration     | Version:  2312                                  |
|   \\  /    A nd           | Website:  www.openfoam.com                      |
|    \\/     M anipulation  |                                                 |
\*---------------------------------------------------------------------------*/
FoamFile
{
    version     2.0;
    format      ascii;
    arch        "LSB;label=32;scalar=64";
    class       regIOobject;
    location    "constant/polyMesh";
    object      cellZones;
    meta
    {
        names           1 ( bed );
    }
}
// * * * * * * * * * * * * * * * * * * * * * * * * * * * * * * * * * * * * * //

1
(bed
{
    type            cellZone;
    cellLabels      List<label> 
11192
(
0
1
2
3
4
5
6
7
8
9
10
11
12
13
14
15
16
17
18
19
20
21
22
23
24
25
26
27
28
29
30
31
32
33
34
35
36
37
38
39
40
41
42
43
44
45
46
47
48
49
50
51
52
53
54
55
56
57
58
59
60
61
62
63
64
65
66
67
68
69
70
71
72
73
74
75
76
77
78
79
80
81
82
83
84
85
86
87
88
89
90
91
92
93
94
95
96
97
98
99
100
101
102
103
104
105
106
107
108
109
110
111
112
113
114
115
116
117
118
119
120
121
122
123
124
125
126
127
128
129
130
131
132
133
134
135
136
137
138
139
140
141
142
143
144
145
146
147
148
149
150
151
152
153
154
155
156
157
158
159
160
161
162
163
164
165
166
167
168
169
170
171
172
174
175
176
177
178
179
180
181
182
183
184
185
186
187
188
189
190
191
193
194
195
196
197
198
199
200
201
202
203
204
205
206
207
208
210
211
212
213
214
215
217
218
219
221
222
223
224
225
226
227
228
229
230
231
235
236
237
238
239
240
241
242
245
247
248
251
255
256
257
258
259
260
261
263
265
266
268
271
272
273
275
277
278
279
281
283
284
285
286
287
288
289
291
297
298
299
302
305
308
311
315
319
320
321
331
332
333
337
343
344
348
351
357
365
368
371
392
393
408
452
1500
1501
1502
1503
1504
1505
1506
1507
1508
1509
1510
1511
1512
1513
1514
1515
1516
1517
1518
1519
1520
1521
1522
1523
1524
1525
1526
1527
1528
1529
1530
1531
1532
1533
1534
1535
1536
1537
1538
1539
1540
1541
1542
1543
1544
1545
1546
1547
1548
1549
1550
1551
1552
1553
1554
1555
1556
1557
1558
1559
1560
1561
1562
1563
1564
1565
1566
1567
1568
1569
1570
1571
1572
1573
1574
1575
1576
1577
1578
1579
1580
1581
1582
1583
1584
1585
1586
1587
1588
1589
1590
1591
1592
1593
1594
1595
1596
1597
1598
1599
1600
1601
1602
1603
1604
1605
1606
1607
1608
1609
1610
1611
1612
1613
1614
1615
1616
1617
1618
1619
1620
1621
1622
1623
1624
1625
1626
1629
1630
1631
1632
1634
1635
1636
1637
1638
1639
1640
1641
1642
1643
1644
1645
1646
1647
1648
1649
1650
1651
1652
1653
1654
1655
1656
1657
1658
1659
1660
1661
1662
1663
1664
1665
1666
1667
1668
1669
1670
1671
1672
1673
1674
1675
1676
1677
1678
1679
1680
1683
1684
1685
1686
1689
1690
1691
1692
1694
1695
1696
1697
1698
1699
1700
1701
1702
1703
1704
1705
1706
1707
1711
1712
1713
1714
1715
1716
1717
1718
1719
1720
1721
1722
1723
1725
1726
1727
1728
1729
1730
1731
1732
1733
1734
1735
1736
1737
1738
1739
1743
1744
1745
1750
1752
1753
1754
1756
1759
1761
1763
1765
1766
1767
1771
1772
1773
1775
1776
1777
1779
1781
1783
1785
1786
1787
1789
1790
1792
1793
1798
1799
1810
1816
1819
1823
1832
1833
1837
1839
1840
1841
1843
1845
1852
1858
1859
1870
1883
1897
1899
1900
1918
3000
3001
3002
3003
3004
3005
3006
3007
3008
3009
3010
3011
3012
3013
3014
3015
3016
3017
3018
3019
3020
3021
3022
3023
3024
3025
3026
3027
3028
3029
3030
3031
3032
3033
3034
3035
3036
3037
3038
3039
3040
3041
3042
3043
3044
3045
3046
3047
3048
3049
3050
3051
3052
3053
3054
3055
3056
3057
3058
3059
3060
3061
3062
3063
3064
3065
3066
3067
3068
3069
3070
3071
3072
3073
3074
3075
3076
3077
3078
3079
3080
3081
3082
3083
3084
3085
3086
3087
3088
3089
3090
3091
3092
3093
3094
3095
3096
3097
3098
3099
3100
3101
3102
3103
3104
3105
3106
3107
3108
3109
3110
3111
3112
3113
3114
3115
3116
3117
3118
3119
3120
3121
3122
3123
3124
3125
3126
3129
3130
3131
3132
3133
3134
3135
3137
3138
3139
3140
3141
3142
3143
3144
3145
3146
3147
3148
3149
3150
3151
3152
3153
3154
3155
3156
3157
3158
3159
3160
3161
3162
3163
3164
3165
3166
3167
3168
3169
3170
3171
3172
3173
3174
3175
3176
3177
3178
3179
3181
3182
3183
3184
3185
3186
3189
3191
3192
3193
3194
3197
3198
3199
3200
3201
3202
3203
3204
3205
3206
3207
3209
3210
3212
3213
3214
3215
3216
3217
3218
3219
3220
3221
3222
3223
3224
3225
3226
3229
3230
3231
3232
3233
3234
3235
3236
3237
3239
3243
3244
3245
3246
3249
3251
3252
3253
3254
3257
3258
3259
3261
3262
3263
3266
3267
3272
3275
3277
3278
3280
3281
3282
3283
3284
3285
3289
3290
3291
3292
3294
3297
3303
3305
3309
3312
3314
3317
3318
3340
3345
3350
3357
3365
3369
3374
3378
3405
3417
3425
3434
4500
4501
4502
4503
4504
4505
4506
4507
4508
4509
4510
4511
4512
4513
4514
4515
4516
4517
4518
4519
4520
4521
4522
4523
4524
4525
4526
4527
4528
4529
4530
4531
4532
4533
4534
4535
4536
4537
4538
4539
4540
4541
4542
4543
4544
4545
4546
4547
4548
4549
4550
4551
4552
4553
4554
4555
4556
4557
4558
4559
4560
4561
4562
4563
4564
4565
4566
4567
4568
4569
4570
4571
4572
4573
4574
4575
4576
4577
4578
4579
4580
4581
4582
4583
4584
4585
4586
4587
4588
4589
4590
4591
4592
4593
4594
4595
4596
4597
4598
4599
4600
4601
4603
4604
4605
4606
4607
4608
4609
4610
4611
4612
4613
4614
4615
4616
4617
4618
4619
4620
4621
4622
4623
4624
4625
4626
4627
4628
4629
4630
4631
4632
4633
4634
4635
4636
4637
4638
4639
4641
4642
4643
4644
4646
4647
4648
4649
4650
4652
4653
4654
4655
4656
4657
4658
4659
4660
4661
4664
4665
4666
4667
4668
4669
4670
4671
4672
4673
4674
4675
4676
4677
4678
4679
4680
4681
4683
4685
4686
4687
4688
4689
4690
4691
4692
4693
4694
4695
4696
4697
4698
4699
4701
4702
4703
4704
4707
4708
4709
4710
4712
4713
4714
4715
4716
4717
4718
4720
4721
4724
4726
4727
4728
4729
4730
4731
4733
4734
4735
4736
4739
4740
4744
4747
4748
4750
4752
4753
4754
4755
4757
4758
4759
4761
4767
4769
4770
4773
4774
4775
4778
4780
4781
4786
4787
4788
4789
4790
4791
4793
4795
4804
4810
4817
4818
4821
4829
4835
4841
4850
4851
4853
4901
4910
4942
6000
6001
6002
6003
6004
6005
6006
6007
6008
6009
6010
6011
6012
6013
6014
6015
6016
6017
6018
6019
6020
6021
6022
6023
6024
6025
6026
6027
6028
6029
6030
6031
6032
6033
6034
6035
6036
6037
6038
6039
6040
6041
6042
6043
6044
6045
6046
6047
6048
6049
6050
6051
6052
6053
6054
6055
6056
6057
6058
6059
6060
6061
6062
6063
6064
6065
6066
6067
6068
6069
6070
6071
6072
6073
6074
6075
6076
6077
6078
6079
6080
6081
6082
6083
6084
6085
6086
6087
6088
6089
6090
6091
6092
6093
6094
6095
6096
6097
6098
6099
6100
6101
6102
6103
6105
6106
6107
6108
6109
6110
6111
6112
6113
6114
6115
6116
6117
6118
6119
6120
6121
6122
6123
6124
6125
6126
6127
6128
6129
6130
6131
6132
6133
6134
6135
6136
6137
6138
6139
6140
6141
6142
6143
6144
6145
6146
6147
6148
6149
6150
6151
6152
6153
6154
6155
6156
6157
6158
6159
6160
6161
6162
6163
6165
6166
6167
6168
6169
6170
6171
6172
6173
6174
6175
6176
6177
6178
6179
6180
6181
6182
6183
6184
6185
6186
6187
6188
6189
6191
6193
6194
6195
6196
6198
6199
6200
6202
6203
6204
6205
6206
6207
6208
6209
6210
6211
6212
6213
6214
6215
6216
6217
6218
6220
6221
6222
6223
6225
6226
6227
6228
6229
6230
6231
6233
6234
6235
6236
6237
6238
6239
6240
6241
6242
6244
6245
6246
6247
6248
6251
6254
6255
6256
6258
6259
6264
6266
6268
6269
6270
6271
6272
6274
6275
6276
6277
6280
6281
6282
6285
6286
6287
6288
6290
6291
6293
6296
6297
6298
6300
6304
6305
6306
6308
6315
6318
6319
6326
6328
6330
6331
6332
6334
6336
6337
6341
6345
6346
6347
6350
6356
6358
6388
6406
6448
6508
7500
7501
7502
7503
7504
7505
7506
7507
7508
7509
7510
7511
7512
7513
7514
7515
7516
7517
7518
7519
7520
7521
7522
7523
7524
7525
7526
7527
7528
7529
7530
7531
7532
7533
7534
7535
7536
7537
7538
7539
7540
7541
7542
7543
7544
7545
7546
7547
7548
7549
7550
7551
7552
7553
7554
7555
7556
7557
7558
7559
7560
7561
7562
7563
7564
7565
7566
7567
7568
7569
7570
7571
7572
7573
7574
7575
7576
7577
7578
7579
7580
7581
7582
7583
7584
7585
7586
7587
7588
7589
7590
7591
7592
7593
7594
7595
7596
7597
7598
7599
7600
7601
7602
7603
7604
7605
7606
7607
7608
7609
7610
7611
7612
7613
7614
7615
7616
7617
7618
7619
7620
7621
7622
7623
7624
7625
7626
7627
7628
7629
7630
7631
7632
7633
7634
7635
7636
7637
7638
7639
7640
7641
7642
7643
7644
7646
7647
7648
7649
7650
7651
7652
7653
7654
7655
7656
7657
7658
7659
7660
7661
7662
7663
7664
7665
7666
7667
7668
7669
7670
7671
7672
7673
7674
7675
7676
7677
7678
7679
7680
7681
7682
7683
7684
7685
7686
7687
7688
7689
7690
7691
7692
7696
7697
7699
7700
7701
7702
7703
7704
7706
7707
7708
7709
7710
7711
7712
7714
7715
7716
7717
7718
7719
7720
7722
7723
7724
7725
7726
7727
7728
7729
7730
7732
7733
7734
7737
7738
7740
7743
7746
7747
7748
7749
7750
7756
7757
7760
7761
7766
7768
7770
7772
7775
7776
7777
7778
7780
7783
7784
7785
7786
7787
7789
7792
7793
7797
7803
7806
7807
7817
7821
7826
7838
7845
7847
7849
7867
7881
7886
7909
9000
9001
9002
9003
9004
9005
9006
9007
9008
9009
9010
9011
9012
9013
9014
9015
9016
9017
9018
9019
9020
9021
9022
9023
9024
9025
9026
9027
9028
9029
9030
9031
9032
9033
9034
9035
9036
9037
9038
9039
9040
9041
9042
9043
9044
9045
9046
9047
9048
9049
9050
9051
9052
9053
9054
9055
9056
9057
9058
9059
9060
9061
9062
9063
9064
9065
9066
9067
9068
9069
9070
9071
9072
9073
9074
9075
9076
9077
9078
9079
9080
9081
9082
9083
9084
9085
9086
9087
9088
9089
9090
9091
9092
9093
9094
9095
9096
9097
9098
9099
9100
9101
9102
9103
9104
9105
9106
9107
9108
9109
9110
9111
9112
9113
9114
9115
9116
9117
9118
9119
9120
9121
9122
9123
9124
9125
9126
9127
9128
9129
9130
9131
9132
9133
9134
9135
9136
9137
9138
9139
9140
9141
9142
9143
9144
9145
9146
9147
9148
9149
9150
9151
9152
9153
9154
9155
9156
9157
9158
9159
9160
9161
9162
9163
9164
9165
9166
9167
9168
9169
9171
9172
9173
9174
9175
9176
9177
9178
9179
9180
9181
9182
9184
9185
9187
9188
9189
9190
9191
9192
9193
9194
9196
9198
9199
9200
9201
9204
9205
9206
9207
9209
9210
9214
9215
9218
9219
9220
9221
9222
9223
9224
9225
9226
9227
9228
9229
9233
9234
9235
9236
9238
9239
9240
9241
9244
9245
9247
9248
9249
9250
9251
9252
9253
9260
9261
9262
9264
9265
9269
9270
9274
9278
9279
9285
9286
9288
9289
9293
9295
9296
9299
9305
9307
9309
9310
9312
9320
9321
9329
9334
9345
9348
9349
9353
9355
9356
9359
9367
9394
9413
10500
10501
10502
10503
10504
10505
10506
10507
10508
10509
10510
10511
10512
10513
10514
10515
10516
10517
10518
10519
10520
10521
10522
10523
10524
10525
10526
10527
10528
10529
10530
10531
10532
10533
10534
10535
10536
10537
10538
10539
10540
10541
10542
10543
10544
10545
10546
10547
10548
10549
10550
10551
10552
10553
10554
10555
10556
10557
10558
10559
10560
10561
10562
10563
10564
10565
10566
10567
10568
10569
10570
10571
10572
10573
10574
10575
10576
10577
10578
10579
10580
10581
10582
10584
10585
10586
10587
10588
10589
10590
10591
10592
10593
10594
10595
10596
10597
10598
10599
10600
10601
10602
10603
10604
10605
10606
10607
10608
10609
10610
10611
10612
10613
10614
10615
10616
10617
10618
10619
10620
10621
10622
10623
10624
10625
10626
10627
10628
10629
10630
10631
10632
10633
10634
10635
10636
10637
10638
10639
10640
10641
10642
10644
10645
10646
10647
10648
10649
10650
10651
10652
10653
10654
10655
10656
10657
10659
10660
10661
10662
10663
10664
10665
10666
10667
10668
10669
10670
10671
10672
10673
10674
10675
10676
10677
10678
10680
10681
10683
10684
10685
10686
10687
10688
10689
10690
10691
10693
10694
10695
10696
10697
10698
10699
10700
10701
10702
10704
10705
10706
10708
10709
10711
10712
10713
10714
10715
10716
10717
10721
10722
10723
10724
10725
10726
10727
10728
10729
10730
10731
10732
10733
10734
10735
10740
10741
10746
10748
10750
10751
10753
10755
10757
10759
10760
10761
10762
10764
10766
10768
10769
10772
10773
10774
10776
10777
10781
10782
10784
10786
10787
10789
10790
10793
10794
10800
10819
10821
10833
10834
10836
10837
10842
10844
10846
10847
10849
10879
10909
12000
12001
12002
12003
12004
12005
12006
12007
12008
12009
12010
12011
12012
12013
12014
12015
12016
12017
12018
12019
12020
12021
12022
12023
12024
12025
12026
12027
12028
12029
12030
12031
12032
12033
12034
12035
12036
12037
12038
12039
12040
12041
12042
12043
12044
12045
12046
12047
12048
12049
12050
12051
12052
12053
12054
12055
12056
12057
12058
12059
12060
12061
12062
12063
12064
12065
12066
12067
12068
12069
12070
12071
12072
12073
12074
12075
12076
12077
12078
12079
12080
12081
12082
12083
12084
12086
12087
12088
12089
12090
12091
12092
12093
12094
12095
12096
12097
12098
12099
12100
12101
12102
12103
12104
12105
12106
12107
12108
12109
12110
12111
12112
12113
12114
12115
12116
12117
12118
12119
12120
12121
12122
12123
12124
12125
12126
12127
12128
12129
12130
12131
12132
12133
12134
12135
12136
12137
12138
12139
12140
12141
12142
12143
12144
12146
12147
12148
12149
12150
12151
12152
12153
12154
12155
12156
12157
12158
12159
12160
12161
12162
12163
12164
12165
12166
12167
12168
12170
12171
12172
12173
12174
12175
12176
12177
12178
12179
12180
12181
12182
12183
12184
12187
12188
12189
12190
12192
12193
12194
12195
12196
12197
12198
12199
12201
12202
12203
12204
12206
12207
12209
12211
12212
12213
12214
12215
12216
12217
12220
12221
12222
12223
12224
12225
12226
12230
12231
12232
12233
12234
12235
12236
12237
12238
12239
12240
12241
12242
12243
12247
12248
12250
12254
12256
12257
12258
12259
12262
12263
12264
12266
12267
12271
12275
12277
12281
12283
12284
12285
12286
12290
12291
12295
12296
12297
12300
12302
12307
12308
12314
12318
12323
12324
12326
12331
12335
12343
12345
12350
12391
13500
13501
13502
13503
13504
13505
13506
13507
13508
13509
13510
13511
13512
13513
13514
13515
13516
13517
13518
13519
13520
13521
13522
13523
13524
13525
13526
13527
13528
13529
13530
13531
13532
13533
13534
13535
13536
13537
13538
13539
13540
13541
13542
13543
13544
13545
13546
13547
13548
13549
13550
13551
13552
13553
13554
13555
13556
13557
13558
13559
13560
13561
13562
13563
13564
13565
13566
13567
13568
13569
13570
13571
13572
13573
13574
13575
13577
13578
13579
13580
13581
13582
13583
13584
13585
13586
13587
13588
13589
13590
13591
13592
13593
13594
13595
13596
13597
13598
13599
13600
13601
13602
13603
13604
13605
13606
13607
13608
13609
13610
13611
13612
13613
13614
13615
13616
13617
13618
13619
13620
13621
13622
13623
13624
13625
13626
13627
13628
13629
13630
13631
13632
13633
13634
13637
13638
13639
13640
13641
13642
13643
13644
13645
13646
13647
13648
13649
13650
13651
13652
13653
13654
13655
13656
13657
13658
13659
13660
13662
13663
13664
13665
13666
13667
13668
13669
13670
13671
13672
13673
13674
13675
13676
13677
13678
13679
13680
13681
13683
13684
13685
13686
13687
13688
13689
13691
13692
13693
13694
13697
13698
13699
13700
13701
13703
13704
13705
13706
13707
13708
13709
13711
13714
13715
13718
13719
13720
13722
13724
13726
13727
13729
13730
13731
13732
13733
13734
13736
13737
13738
13739
13740
13743
13744
13745
13746
13749
13754
13758
13759
13760
13762
13763
13766
13767
13768
13769
13771
13774
13779
13780
13782
13784
13787
13789
13790
13791
13792
13793
13796
13797
13799
13800
13806
13809
13813
13826
13842
13844
13847
13850
13852
13853
13859
13869
13886
13913
13919
13929
15000
15001
15002
15003
15004
15005
15006
15007
15008
15009
15010
15011
15012
15013
15014
15015
15016
15017
15018
15019
15020
15021
15022
15023
15024
15025
15026
15027
15028
15029
15030
15031
15032
15033
15034
15035
15036
15037
15038
15039
15040
15041
15042
15043
15044
15045
15046
15047
15048
15049
15050
15051
15052
15053
15054
15055
15056
15057
15058
15059
15060
15061
15062
15063
15064
15065
15066
15067
15068
15069
15070
15071
15072
15073
15074
15075
15076
15077
15078
15079
15080
15081
15082
15083
15084
15085
15086
15087
15088
15089
15090
15091
15092
15093
15094
15095
15096
15097
15098
15099
15100
15101
15102
15103
15104
15105
15106
15107
15108
15109
15110
15111
15112
15113
15114
15115
15116
15117
15118
15119
15120
15121
15122
15123
15124
15125
15126
15127
15128
15129
15130
15131
15132
15133
15134
15135
15136
15137
15138
15139
15140
15141
15142
15143
15144
15145
15146
15147
15148
15149
15150
15151
15152
15153
15154
15155
15157
15158
15159
15160
15161
15162
15163
15164
15165
15166
15167
15168
15169
15170
15171
15172
15173
15174
15175
15176
15177
15178
15179
15180
15181
15182
15183
15184
15185
15186
15187
15188
15189
15190
15192
15193
15194
15195
15197
15198
15199
15200
15202
15203
15205
15206
15207
15208
15209
15210
15211
15212
15213
15214
15215
15217
15218
15219
15220
15221
15222
15224
15225
15226
15227
15229
15230
15231
15232
15233
15235
15236
15237
15238
15239
15240
15244
15245
15248
15249
15250
15254
15255
15257
15258
15259
15262
15263
15266
15269
15270
15271
15272
15273
15274
15275
15278
15284
15287
15289
15290
15292
15295
15296
15297
15298
15299
15304
15305
15308
15309
15310
15313
15317
15318
15319
15322
15323
15329
15334
15344
15347
15350
15352
15364
15368
15369
15389
15404
15407
15410
15429
15449
15467
16500
16501
16502
16503
16504
16505
16506
16507
16508
16509
16510
16511
16512
16513
16514
16515
16516
16517
16518
16519
16520
16521
16522
16523
16524
16525
16526
16527
16528
16529
16530
16531
16532
16533
16534
16535
16536
16537
16538
16539
16540
16541
16542
16543
16544
16545
16546
16547
16548
16549
16550
16551
16552
16553
16554
16555
16556
16557
16558
16559
16560
16561
16562
16563
16564
16565
16566
16567
16568
16569
16570
16571
16572
16573
16574
16575
16576
16577
16578
16579
16580
16581
16582
16583
16584
16585
16586
16587
16588
16589
16590
16591
16592
16593
16594
16595
16596
16597
16598
16599
16600
16601
16602
16603
16604
16605
16606
16607
16608
16609
16610
16611
16612
16613
16614
16615
16616
16617
16618
16619
16620
16621
16622
16623
16624
16625
16626
16627
16628
16629
16630
16631
16632
16633
16634
16635
16636
16637
16638
16639
16640
16641
16642
16643
16644
16645
16646
16647
16648
16649
16650
16651
16652
16653
16654
16655
16656
16657
16658
16659
16660
16661
16662
16664
16665
16666
16667
16668
16669
16670
16671
16672
16673
16674
16675
16676
16677
16678
16679
16680
16681
16682
16683
16684
16685
16686
16687
16688
16689
16690
16691
16692
16693
16695
16696
16697
16698
16699
16700
16701
16702
16703
16704
16707
16708
16709
16710
16711
16713
16714
16715
16716
16717
16718
16720
16721
16722
16724
16726
16728
16729
16730
16731
16732
16733
16734
16735
16736
16737
16738
16739
16740
16741
16742
16743
16744
16746
16747
16748
16751
16752
16753
16755
16756
16758
16759
16760
16761
16768
16770
16771
16773
16774
16776
16777
16778
16782
16786
16788
16789
16790
16791
16792
16793
16794
16796
16798
16801
16802
16804
16812
16813
16815
16818
16830
16831
16833
16848
16851
16853
16854
16858
16862
16873
16875
16878
16908
16911
16913
16933
16935
16968
18000
18001
18002
18003
18004
18005
18006
18007
18008
18009
18010
18011
18012
18013
18014
18015
18016
18017
18018
18019
18020
18021
18022
18023
18024
18025
18026
18027
18028
18029
18030
18031
18032
18033
18034
18035
18036
18037
18038
18039
18040
18041
18042
18043
18044
18045
18046
18047
18048
18049
18050
18051
18052
18053
18054
18055
18056
18057
18058
18059
18060
18061
18062
18063
18064
18065
18066
18067
18068
18069
18070
18071
18072
18073
18074
18075
18076
18077
18078
18079
18080
18081
18082
18083
18084
18085
18086
18087
18088
18089
18090
18091
18092
18093
18095
18096
18097
18098
18099
18100
18101
18102
18103
18104
18105
18106
18107
18108
18109
18110
18111
18112
18113
18114
18115
18116
18117
18118
18119
18122
18123
18124
18125
18126
18127
18128
18129
18130
18131
18132
18133
18134
18135
18136
18137
18138
18139
18141
18142
18143
18144
18145
18146
18147
18148
18149
18150
18151
18152
18155
18156
18157
18158
18159
18160
18161
18162
18163
18164
18165
18166
18167
18168
18169
18170
18171
18172
18173
18175
18176
18177
18178
18179
18182
18183
18184
18185
18186
18187
18188
18189
18190
18191
18192
18193
18194
18195
18197
18198
18199
18201
18202
18203
18204
18205
18206
18207
18208
18209
18210
18211
18212
18215
18216
18218
18219
18220
18221
18222
18223
18224
18225
18226
18228
18229
18230
18231
18232
18233
18235
18236
18238
18239
18243
18244
18245
18246
18248
18249
18250
18251
18252
18253
18257
18258
18259
18261
18267
18268
18269
18270
18271
18272
18276
18278
18280
18281
18283
18285
18286
18288
18289
18290
18292
18295
18298
18299
18303
18305
18308
18309
18310
18311
18317
18318
18321
18328
18329
18330
18331
18336
18338
18343
18348
18350
18352
18365
18369
18381
19500
19501
19502
19503
19504
19505
19506
19507
19508
19509
19510
19511
19512
19513
19514
19515
19516
19517
19518
19519
19520
19521
19522
19523
19524
19525
19526
19527
19528
19529
19530
19531
19532
19533
19534
19535
19536
19537
19538
19539
19540
19541
19542
19543
19544
19545
19546
19547
19548
19549
19550
19551
19552
19553
19554
19555
19556
19557
19558
19559
19560
19561
19562
19563
19564
19565
19566
19567
19568
19569
19570
19571
19572
19573
19574
19575
19576
19577
19578
19579
19580
19581
19582
19583
19584
19585
19586
19587
19588
19589
19590
19591
19592
19593
19594
19595
19596
19597
19598
19599
19600
19601
19602
19603
19604
19605
19606
19607
19608
19609
19610
19611
19612
19613
19614
19615
19616
19617
19618
19619
19620
19621
19622
19623
19624
19625
19626
19627
19628
19629
19630
19631
19632
19633
19634
19635
19636
19637
19638
19639
19640
19641
19642
19643
19644
19645
19646
19647
19648
19649
19650
19651
19652
19653
19654
19655
19656
19657
19659
19660
19661
19662
19663
19664
19665
19666
19667
19668
19669
19670
19671
19673
19674
19675
19676
19678
19679
19680
19681
19682
19683
19684
19685
19686
19687
19688
19689
19690
19692
19693
19694
19695
19697
19698
19699
19700
19702
19703
19704
19705
19706
19707
19708
19709
19710
19711
19712
19713
19714
19715
19716
19717
19719
19721
19722
19723
19724
19725
19726
19727
19728
19729
19730
19731
19733
19734
19735
19736
19738
19739
19741
19742
19743
19744
19745
19747
19748
19749
19750
19752
19753
19754
19755
19757
19758
19762
19763
19765
19766
19767
19768
19769
19770
19774
19777
19779
19781
19782
19783
19785
19786
19788
19789
19790
19791
19794
19796
19799
19801
19802
19803
19805
19807
19813
19827
19834
19841
19843
19849
19850
19856
19865
19873
19903
19910
21000
21001
21002
21003
21004
21005
21006
21007
21008
21009
21010
21011
21012
21013
21014
21015
21016
21017
21018
21019
21020
21021
21022
21023
21024
21025
21026
21027
21028
21029
21030
21031
21032
21033
21034
21035
21036
21037
21038
21039
21040
21041
21042
21043
21044
21045
21046
21047
21048
21049
21050
21051
21052
21053
21054
21055
21056
21057
21058
21059
21060
21061
21062
21063
21064
21065
21066
21067
21068
21069
21070
21071
21072
21073
21074
21075
21076
21077
21078
21079
21080
21081
21082
21083
21084
21085
21086
21087
21088
21089
21090
21091
21092
21093
21094
21095
21096
21097
21099
21100
21101
21102
21103
21104
21105
21106
21107
21108
21109
21110
21111
21112
21113
21114
21115
21116
21117
21118
21119
21120
21121
21122
21123
21124
21125
21126
21127
21128
21129
21130
21131
21132
21133
21134
21135
21136
21137
21138
21139
21140
21141
21142
21143
21144
21145
21146
21147
21149
21150
21151
21152
21153
21154
21155
21156
21157
21159
21160
21161
21162
21163
21164
21165
21166
21167
21168
21169
21170
21171
21172
21173
21174
21175
21176
21177
21178
21179
21180
21181
21182
21183
21184
21185
21186
21188
21189
21190
21191
21192
21193
21194
21195
21196
21197
21198
21200
21202
21203
21204
21205
21207
21209
21210
21211
21212
21213
21214
21215
21216
21217
21219
21220
21221
21222
21223
21224
21225
21226
21227
21228
21229
21230
21231
21232
21233
21234
21236
21238
21239
21240
21241
21243
21244
21245
21248
21250
21251
21252
21253
21254
21255
21256
21262
21264
21267
21269
21270
21271
21272
21273
21274
21275
21277
21279
21280
21282
21283
21284
21285
21286
21287
21288
21289
21290
21291
21292
21294
21300
21303
21304
21305
21316
21322
21324
21330
21337
21339
21345
21346
21348
21349
21352
21390
21397
21399
21412
22500
22501
22502
22503
22504
22505
22506
22507
22508
22509
22510
22511
22512
22513
22514
22515
22516
22517
22518
22519
22520
22521
22522
22523
22524
22525
22526
22527
22528
22529
22530
22531
22532
22533
22534
22535
22536
22537
22538
22539
22540
22541
22542
22543
22544
22545
22546
22547
22548
22549
22550
22551
22552
22553
22554
22555
22556
22557
22558
22559
22560
22561
22562
22563
22564
22565
22566
22567
22569
22570
22571
22572
22573
22574
22575
22576
22577
22578
22579
22580
22581
22582
22583
22584
22585
22586
22587
22588
22589
22590
22591
22592
22593
22594
22595
22596
22597
22598
22599
22600
22601
22602
22603
22604
22605
22606
22607
22608
22609
22610
22611
22612
22613
22614
22615
22616
22617
22618
22619
22620
22621
22622
22623
22624
22625
22626
22627
22629
22630
22631
22632
22633
22634
22635
22636
22637
22638
22639
22640
22641
22642
22643
22645
22646
22647
22648
22649
22650
22651
22652
22653
22654
22655
22656
22657
22658
22659
22660
22661
22662
22663
22664
22665
22666
22667
22668
22669
22670
22671
22672
22673
22674
22675
22677
22678
22679
22680
22684
22685
22686
22687
22689
22690
22691
22692
22693
22694
22696
22697
22698
22699
22700
22701
22702
22703
22705
22706
22708
22709
22710
22711
22712
22713
22714
22715
22716
22717
22718
22720
22722
22723
22724
22725
22726
22728
22729
22730
22731
22733
22734
22735
22737
22738
22739
22745
22746
22749
22750
22751
22754
22758
22759
22761
22762
22763
22765
22766
22768
22769
22771
22772
22773
22775
22777
22778
22782
22783
22784
22786
22789
22791
22793
22794
22795
22797
22799
22805
22818
22821
22822
22823
22826
22829
22832
22835
22837
22838
22844
22849
22853
22854
22859
22878
22881
22913
24000
24001
24002
24003
24004
24005
24006
24007
24008
24009
24010
24011
24012
24013
24014
24015
24016
24017
24018
24019
24020
24021
24022
24023
24024
24025
24026
24027
24028
24029
24030
24031
24032
24033
24034
24035
24036
24037
24038
24039
24040
24041
24042
24043
24044
24045
24046
24047
24048
24049
24050
24051
24052
24053
24054
24055
24056
24057
24058
24059
24060
24061
24062
24063
24064
24065
24066
24067
24068
24069
24070
24071
24072
24073
24074
24075
24076
24077
24078
24079
24080
24081
24082
24083
24084
24085
24086
24087
24088
24089
24090
24091
24092
24093
24094
24095
24096
24097
24098
24099
24100
24101
24102
24103
24104
24105
24106
24107
24108
24109
24110
24111
24112
24113
24114
24115
24116
24117
24118
24119
24120
24121
24122
24123
24124
24125
24126
24128
24129
24131
24132
24133
24134
24135
24136
24137
24138
24139
24140
24141
24142
24143
24144
24145
24146
24147
24148
24149
24150
24151
24153
24154
24155
24156
24157
24158
24159
24160
24161
24162
24163
24164
24165
24166
24167
24168
24169
24170
24171
24172
24173
24174
24175
24176
24177
24178
24179
24180
24182
24183
24184
24185
24186
24188
24189
24191
24192
24193
24196
24198
24199
24200
24201
24202
24203
24204
24205
24206
24207
24208
24209
24210
24211
24213
24215
24216
24217
24219
24220
24221
24224
24225
24226
24227
24228
24229
24230
24232
24233
24234
24235
24237
24238
24239
24240
24242
24243
24248
24249
24252
24253
24256
24259
24260
24261
24262
24264
24266
24267
24268
24269
24270
24271
24273
24275
24276
24277
24279
24289
24290
24293
24294
24297
24298
24299
24300
24302
24313
24319
24322
24324
24327
24328
24330
24335
24339
24349
24350
24353
24354
24360
24388
24410
24414
25500
25501
25502
25503
25504
25505
25506
25507
25508
25509
25510
25511
25512
25513
25514
25515
25516
25517
25518
25519
25520
25521
25522
25523
25524
25525
25526
25527
25528
25529
25530
25531
25532
25533
25534
25535
25536
25537
25538
25539
25540
25541
25542
25543
25544
25545
25546
25547
25548
25549
25550
25551
25552
25553
25554
25555
25556
25557
25558
25559
25560
25561
25562
25563
25564
25565
25566
25567
25568
25569
25570
25571
25572
25573
25574
25575
25576
25577
25578
25579
25580
25581
25582
25583
25584
25585
25586
25587
25588
25589
25590
25591
25592
25593
25594
25595
25596
25597
25598
25599
25600
25601
25602
25603
25604
25605
25606
25607
25608
25609
25610
25611
25612
25613
25614
25615
25616
25617
25618
25619
25620
25621
25622
25623
25624
25625
25626
25627
25628
25629
25630
25632
25634
25635
25636
25637
25638
25639
25640
25641
25642
25643
25644
25645
25646
25647
25648
25649
25650
25651
25652
25653
25654
25655
25656
25657
25658
25659
25660
25661
25662
25663
25664
25665
25666
25667
25668
25669
25670
25671
25672
25673
25674
25675
25676
25677
25678
25679
25680
25681
25683
25684
25686
25687
25688
25689
25690
25692
25694
25695
25696
25697
25699
25700
25701
25702
25703
25704
25705
25707
25708
25709
25710
25711
25712
25713
25714
25715
25716
25717
25718
25719
25720
25721
25723
25724
25725
25726
25727
25728
25730
25731
25732
25733
25734
25735
25736
25737
25738
25739
25740
25741
25744
25746
25747
25748
25749
25750
25752
25753
25754
25756
25757
25759
25760
25761
25763
25768
25769
25770
25772
25773
25774
25775
25776
25778
25779
25781
25784
25785
25787
25788
25790
25791
25792
25793
25794
25795
25796
25797
25800
25806
25810
25813
25820
25821
25823
25829
25830
25832
25833
25835
25836
25839
25841
25844
25847
25854
25856
25889
25892
25896
25914
27000
27001
27002
27003
27004
27005
27006
27007
27008
27009
27010
27011
27012
27013
27014
27015
27016
27017
27018
27019
27020
27021
27022
27023
27024
27025
27026
27027
27028
27029
27030
27031
27032
27033
27034
27035
27036
27037
27038
27039
27040
27041
27042
27043
27044
27045
27046
27047
27048
27049
27050
27051
27052
27053
27054
27055
27056
27057
27058
27059
27061
27062
27063
27064
27065
27066
27067
27068
27069
27070
27071
27072
27073
27074
27075
27076
27077
27078
27079
27080
27081
27082
27083
27084
27085
27086
27087
27088
27089
27090
27091
27092
27093
27094
27095
27096
27097
27098
27099
27100
27101
27102
27103
27104
27105
27106
27107
27108
27109
27110
27111
27112
27113
27114
27115
27116
27117
27118
27119
27121
27122
27123
27124
27125
27126
27127
27128
27129
27130
27131
27132
27133
27134
27135
27136
27137
27138
27139
27140
27141
27142
27143
27145
27146
27147
27148
27149
27150
27151
27152
27153
27154
27155
27156
27157
27158
27159
27160
27161
27162
27163
27164
27165
27166
27168
27170
27171
27172
27173
27174
27175
27176
27177
27178
27182
27183
27184
27186
27188
27189
27190
27191
27192
27193
27194
27195
27196
27197
27198
27200
27201
27202
27205
27206
27207
27209
27210
27211
27212
27213
27216
27217
27218
27219
27220
27221
27222
27223
27224
27225
27226
27228
27230
27231
27232
27233
27234
27235
27236
27237
27238
27242
27243
27244
27246
27248
27249
27251
27253
27255
27257
27258
27260
27266
27269
27271
27272
27273
27276
27277
27278
27280
27281
27282
27284
27286
27288
27290
27291
27293
27295
27297
27298
27303
27304
27309
27311
27313
27329
27340
27341
27344
27346
27348
27353
27389
27401
27461
28500
28501
28502
28503
28504
28505
28506
28507
28508
28509
28510
28511
28512
28513
28514
28515
28516
28517
28518
28519
28520
28521
28522
28523
28524
28525
28526
28527
28528
28529
28530
28531
28532
28533
28534
28535
28536
28537
28538
28539
28540
28541
28542
28543
28544
28545
28546
28547
28548
28549
28550
28551
28552
28553
28554
28555
28556
28557
28558
28559
28560
28561
28562
28563
28564
28565
28566
28567
28568
28569
28570
28571
28572
28573
28574
28575
28576
28577
28578
28579
28580
28581
28582
28583
28584
28585
28586
28587
28588
28589
28590
28591
28592
28593
28594
28595
28596
28597
28598
28599
28600
28601
28602
28603
28604
28605
28606
28607
28608
28609
28610
28611
28612
28613
28614
28615
28616
28617
28618
28619
28620
28621
28622
28623
28624
28625
28626
28627
28628
28629
28630
28631
28632
28633
28634
28635
28636
28638
28639
28640
28641
28642
28643
28644
28645
28646
28647
28648
28649
28650
28651
28652
28653
28654
28655
28656
28657
28658
28659
28660
28661
28662
28663
28664
28665
28666
28667
28668
28669
28670
28671
28672
28673
28674
28675
28676
28677
28678
28679
28680
28681
28682
28683
28684
28685
28686
28687
28688
28689
28690
28691
28692
28693
28694
28696
28698
28699
28700
28701
28702
28703
28704
28705
28706
28707
28708
28709
28710
28711
28712
28713
28715
28716
28717
28718
28720
28721
28722
28723
28724
28725
28727
28728
28729
28730
28731
28732
28733
28734
28735
28736
28737
28738
28739
28741
28742
28745
28747
28748
28749
28752
28753
28754
28756
28759
28760
28761
28763
28764
28765
28767
28768
28770
28772
28773
28775
28777
28780
28783
28784
28787
28789
28790
28792
28793
28794
28795
28797
28798
28801
28802
28807
28809
28812
28813
28814
28821
28825
28827
28828
28830
28831
28832
28833
28840
28844
28847
28850
28852
28855
28858
28867
28874
28881
28887
28890
28893
28910
28934
28970
30000
30001
30002
30003
30004
30005
30006
30007
30008
30009
30010
30011
30012
30013
30014
30015
30016
30017
30018
30019
30020
30021
30022
30023
30024
30025
30026
30027
30028
30029
30030
30031
30032
30033
30034
30035
30036
30037
30038
30039
30040
30041
30042
30043
30044
30045
30046
30047
30048
30049
30050
30051
30052
30053
30054
30055
30056
30057
30058
30059
30060
30061
30062
30063
30064
30065
30066
30067
30068
30069
30070
30071
30072
30073
30074
30075
30076
30077
30078
30079
30080
30081
30082
30083
30084
30085
30086
30087
30088
30089
30090
30091
30092
30093
30094
30095
30096
30097
30098
30099
30100
30101
30102
30103
30104
30105
30106
30107
30108
30109
30110
30111
30112
30113
30114
30115
30116
30117
30118
30119
30120
30122
30123
30124
30125
30126
30127
30128
30129
30130
30131
30132
30133
30135
30136
30137
30138
30139
30140
30141
30142
30143
30144
30145
30147
30148
30149
30150
30151
30152
30153
30154
30155
30156
30157
30158
30159
30160
30161
30162
30163
30164
30165
30166
30167
30168
30169
30170
30171
30172
30173
30174
30175
30176
30177
30178
30179
30180
30182
30183
30185
30187
30188
30189
30190
30191
30192
30195
30196
30197
30198
30199
30200
30201
30202
30203
30204
30205
30208
30209
30210
30211
30212
30213
30214
30215
30216
30217
30218
30219
30220
30222
30223
30224
30225
30226
30227
30228
30229
30230
30231
30232
30233
30234
30235
30237
30238
30239
30242
30245
30251
30252
30253
30256
30257
30258
30259
30260
30261
30262
30265
30268
30269
30270
30271
30272
30273
30276
30277
30283
30284
30285
30286
30288
30289
30290
30292
30293
30295
30297
30298
30299
30305
30311
30312
30317
30318
30319
30332
30333
30336
30337
30343
30344
30345
30346
30350
30352
30353
30355
30372
30378
30392
30397
30406
30410
30412
30418
30472
31500
31501
31502
31503
31504
31505
31506
31507
31508
31509
31510
31511
31512
31513
31514
31515
31516
31517
31518
31519
31520
31521
31522
31523
31524
31525
31526
31527
31528
31529
31530
31531
31532
31533
31534
31535
31536
31537
31538
31539
31540
31541
31542
31543
31544
31545
31546
31547
31548
31549
31550
31551
31552
31553
31554
31555
31556
31557
31558
31559
31560
31561
31562
31563
31564
31565
31566
31567
31568
31569
31570
31571
31572
31573
31574
31575
31576
31577
31578
31579
31580
31581
31582
31583
31584
31585
31586
31587
31588
31589
31590
31591
31592
31593
31594
31595
31596
31597
31598
31599
31601
31602
31603
31604
31605
31606
31607
31608
31609
31610
31611
31612
31613
31614
31615
31616
31617
31618
31619
31620
31621
31622
31624
31625
31626
31627
31628
31629
31630
31631
31632
31633
31634
31635
31636
31637
31638
31639
31640
31641
31642
31643
31644
31645
31646
31647
31648
31649
31650
31651
31652
31653
31654
31655
31656
31657
31658
31659
31660
31662
31663
31664
31665
31666
31667
31668
31669
31670
31671
31672
31673
31674
31675
31676
31677
31678
31679
31680
31682
31684
31686
31687
31688
31689
31690
31691
31692
31694
31695
31697
31698
31699
31700
31701
31702
31703
31704
31705
31706
31710
31712
31713
31714
31715
31716
31717
31719
31722
31724
31725
31726
31727
31728
31729
31730
31731
31732
31733
31734
31735
31736
31737
31739
31742
31744
31747
31752
31753
31754
31755
31757
31758
31760
31762
31764
31765
31766
31770
31772
31782
31784
31785
31786
31788
31789
31790
31791
31793
31795
31796
31797
31799
31802
31804
31813
31814
31820
31822
31824
31826
31830
31832
31842
31844
31845
31848
31849
31855
31857
31859
31864
31880
31884
31902
31905
31919
33000
33001
33002
33003
33004
33005
33006
33007
33008
33009
33010
33011
33012
33013
33014
33015
33016
33017
33018
33019
33020
33021
33022
33023
33024
33025
33026
33027
33028
33029
33030
33031
33032
33033
33034
33035
33036
33037
33038
33039
33040
33041
33042
33043
33044
33045
33046
33047
33048
33049
33050
33051
33052
33053
33054
33055
33056
33057
33058
33059
33060
33061
33062
33063
33064
33065
33066
33067
33068
33069
33070
33071
33072
33073
33074
33075
33076
33077
33078
33079
33080
33081
33082
33083
33084
33085
33087
33088
33089
33090
33091
33092
33093
33094
33095
33096
33097
33098
33099
33100
33101
33102
33103
33104
33105
33106
33107
33108
33109
33110
33111
33112
33113
33114
33115
33116
33117
33118
33119
33120
33121
33122
33123
33124
33125
33126
33127
33128
33129
33130
33131
33132
33133
33134
33135
33136
33137
33138
33139
33140
33141
33142
33143
33144
33145
33147
33148
33149
33150
33151
33152
33153
33154
33155
33156
33157
33158
33159
33160
33161
33162
33163
33164
33165
33166
33167
33168
33169
33170
33171
33172
33173
33174
33175
33176
33177
33178
33179
33180
33183
33184
33185
33186
33187
33188
33190
33191
33192
33193
33194
33196
33197
33200
33201
33203
33204
33205
33207
33209
33210
33211
33212
33213
33215
33216
33217
33220
33221
33222
33223
33224
33225
33226
33227
33228
33229
33230
33231
33232
33233
33234
33235
33236
33238
33239
33240
33243
33244
33245
33246
33250
33251
33254
33256
33257
33263
33264
33265
33267
33271
33273
33276
33283
33285
33286
33287
33289
33290
33291
33292
33293
33295
33296
33300
33303
33304
33311
33322
33323
33331
33333
33343
33346
33351
33355
33363
33364
33371
33383
34500
34501
34502
34503
34504
34505
34506
34507
34508
34509
34510
34511
34512
34513
34514
34515
34516
34517
34518
34519
34520
34521
34522
34523
34524
34525
34526
34527
34528
34529
34530
34531
34532
34533
34534
34535
34536
34537
34538
34539
34540
34541
34542
34543
34544
34545
34546
34547
34548
34549
34550
34551
34552
34553
34554
34555
34556
34557
34558
34559
34560
34561
34562
34563
34564
34565
34566
34567
34568
34569
34570
34571
34572
34573
34574
34575
34576
34577
34578
34579
34580
34581
34582
34583
34584
34585
34586
34587
34588
34589
34590
34591
34592
34593
34594
34595
34596
34597
34598
34599
34600
34601
34602
34603
34604
34605
34606
34607
34608
34609
34610
34611
34612
34613
34614
34615
34616
34617
34618
34619
34620
34621
34622
34623
34624
34625
34626
34627
34628
34629
34630
34631
34632
34633
34634
34635
34636
34637
34638
34639
34640
34641
34642
34643
34644
34645
34646
34647
34649
34650
34651
34652
34653
34655
34656
34657
34658
34659
34661
34662
34663
34664
34665
34666
34667
34668
34669
34670
34671
34672
34673
34674
34675
34676
34677
34678
34679
34681
34682
34683
34684
34685
34686
34687
34690
34691
34692
34693
34694
34695
34696
34697
34698
34699
34700
34701
34702
34704
34705
34706
34707
34709
34710
34711
34712
34715
34717
34718
34719
34721
34723
34724
34725
34726
34728
34729
34730
34731
34732
34733
34734
34735
34736
34737
34738
34739
34741
34746
34750
34751
34752
34753
34754
34756
34757
34758
34760
34762
34764
34765
34767
34769
34770
34771
34775
34778
34781
34783
34784
34785
34786
34788
34789
34790
34791
34792
34793
34794
34796
34797
34798
34801
34804
34806
34811
34813
34814
34818
34824
34825
34827
34829
34831
34844
34845
34851
34852
34866
36000
36001
36002
36003
36004
36005
36006
36007
36008
36009
36010
36011
36012
36013
36014
36015
36016
36017
36018
36019
36020
36021
36022
36023
36024
36025
36026
36027
36028
36029
36030
36031
36032
36033
36034
36035
36036
36037
36038
36039
36040
36041
36042
36043
36044
36045
36046
36047
36048
36049
36050
36051
36052
36053
36054
36055
36056
36057
36058
36059
36060
36061
36062
36063
36064
36065
36066
36067
36068
36069
36070
36071
36072
36073
36074
36075
36076
36077
36078
36079
36080
36081
36082
36083
36084
36085
36086
36087
36088
36089
36090
36091
36092
36093
36094
36095
36096
36097
36098
36099
36100
36101
36102
36103
36104
36105
36106
36107
36108
36109
36110
36111
36112
36113
36114
36115
36116
36117
36118
36119
36120
36121
36122
36123
36124
36125
36126
36127
36128
36129
36130
36131
36132
36133
36134
36135
36136
36137
36138
36139
36140
36142
36143
36144
36145
36146
36147
36148
36149
36150
36151
36152
36153
36154
36155
36156
36157
36158
36159
36160
36162
36163
36164
36165
36166
36168
36169
36170
36171
36172
36173
36174
36175
36176
36177
36178
36179
36180
36181
36182
36183
36184
36185
36186
36187
36188
36189
36190
36191
36192
36193
36194
36196
36197
36198
36199
36200
36202
36203
36205
36208
36209
36210
36211
36212
36213
36214
36215
36216
36218
36219
36220
36222
36223
36224
36226
36228
36229
36230
36232
36235
36236
36237
36238
36239
36240
36241
36242
36243
36244
36245
36250
36251
36253
36254
36256
36257
36258
36260
36262
36263
36268
36269
36270
36272
36273
36274
36275
36276
36278
36279
36284
36286
36289
36290
36292
36296
36297
36298
36299
36302
36303
36304
36316
36318
36322
36323
36328
36332
36335
36338
36352
36356
36357
36363
36364
36382
36416
36476
37500
37501
37502
37503
37504
37505
37506
37507
37508
37509
37510
37511
37512
37513
37514
37515
37516
37517
37518
37519
37520
37521
37522
37523
37524
37525
37526
37527
37528
37529
37530
37531
37532
37533
37534
37535
37536
37537
37538
37539
37540
37541
37542
37543
37544
37545
37546
37547
37548
37549
37550
37551
37552
37553
37554
37555
37556
37557
37558
37559
37560
37561
37562
37563
37564
37565
37566
37567
37568
37569
37570
37571
37572
37573
37574
37575
37576
37577
37578
37579
37580
37581
37582
37583
37584
37585
37586
37587
37588
37589
37590
37591
37592
37593
37594
37595
37596
37597
37598
37599
37600
37601
37602
37603
37604
37605
37606
37607
37608
37609
37610
37611
37612
37613
37614
37615
37616
37617
37618
37619
37620
37621
37622
37623
37624
37625
37626
37627
37628
37629
37630
37631
37632
37633
37634
37636
37638
37639
37640
37641
37642
37643
37644
37645
37646
37647
37648
37649
37650
37651
37652
37653
37654
37655
37656
37657
37658
37659
37660
37661
37662
37663
37664
37665
37666
37667
37668
37669
37670
37671
37672
37673
37674
37675
37676
37677
37678
37679
37680
37682
37684
37685
37686
37687
37688
37689
37690
37691
37692
37693
37694
37696
37699
37700
37701
37702
37703
37705
37706
37707
37709
37710
37712
37713
37714
37715
37716
37717
37718
37719
37720
37721
37722
37723
37724
37725
37726
37728
37729
37730
37732
37733
37734
37735
37736
37737
37738
37740
37744
37745
37746
37748
37749
37752
37753
37756
37759
37761
37765
37766
37767
37770
37773
37777
37778
37779
37780
37781
37782
37783
37784
37785
37786
37788
37792
37793
37794
37795
37804
37806
37808
37812
37816
37827
37833
37843
37848
37855
37864
37908
39000
39001
39002
39003
39004
39005
39006
39007
39008
39009
39010
39011
39012
39013
39014
39015
39016
39017
39018
39019
39020
39021
39022
39023
39024
39025
39026
39027
39028
39029
39030
39031
39032
39033
39034
39035
39036
39037
39038
39039
39040
39041
39042
39043
39044
39045
39046
39047
39048
39049
39050
39051
39052
39053
39054
39055
39056
39057
39058
39059
39060
39061
39062
39063
39064
39065
39066
39067
39068
39069
39070
39071
39072
39073
39074
39075
39076
39077
39078
39079
39080
39081
39082
39083
39084
39085
39086
39087
39088
39089
39090
39091
39092
39093
39094
39095
39096
39097
39098
39099
39100
39101
39102
39103
39104
39105
39106
39107
39108
39109
39110
39111
39112
39113
39114
39115
39116
39117
39118
39119
39120
39121
39122
39123
39124
39125
39126
39127
39128
39129
39130
39131
39132
39133
39134
39135
39136
39137
39138
39139
39140
39141
39142
39143
39144
39145
39146
39147
39148
39149
39150
39151
39152
39154
39155
39156
39157
39158
39159
39160
39161
39162
39163
39164
39165
39166
39167
39168
39169
39170
39171
39172
39173
39174
39175
39176
39177
39178
39179
39181
39182
39183
39184
39186
39187
39188
39189
39190
39191
39193
39194
39195
39196
39197
39198
39200
39202
39203
39204
39205
39206
39207
39208
39209
39210
39211
39214
39215
39216
39217
39218
39219
39220
39222
39223
39224
39225
39226
39227
39228
39229
39230
39231
39232
39233
39234
39235
39236
39237
39238
39241
39242
39243
39246
39248
39249
39250
39251
39254
39257
39262
39264
39267
39270
39271
39274
39276
39278
39279
39280
39282
39287
39289
39290
39291
39292
39293
39294
39295
39297
39298
39302
39303
39304
39311
39314
39322
39327
39330
39340
39342
39347
39349
39351
39353
39355
39357
39362
39364
39374
39390
39402
39407
39409
39411
39450
39467
40500
40501
40502
40503
40504
40505
40506
40507
40508
40509
40510
40511
40512
40513
40514
40515
40516
40517
40518
40519
40520
40521
40522
40523
40524
40525
40526
40527
40528
40529
40530
40531
40532
40533
40534
40535
40536
40537
40538
40539
40540
40541
40542
40543
40544
40545
40546
40547
40548
40549
40550
40551
40552
40553
40554
40555
40556
40557
40558
40559
40560
40561
40562
40563
40564
40565
40566
40567
40568
40569
40570
40571
40572
40573
40574
40575
40576
40577
40578
40579
40580
40581
40582
40583
40584
40585
40586
40587
40588
40589
40590
40591
40592
40593
40594
40595
40596
40597
40598
40599
40600
40601
40602
40603
40604
40605
40606
40607
40608
40609
40610
40611
40612
40613
40614
40615
40616
40617
40618
40619
40620
40621
40622
40624
40625
40626
40627
40628
40629
40630
40631
40632
40634
40635
40636
40637
40638
40639
40640
40641
40642
40643
40644
40645
40646
40647
40648
40649
40650
40651
40652
40653
40654
40655
40656
40657
40658
40660
40661
40662
40663
40664
40665
40666
40667
40668
40669
40670
40671
40672
40673
40674
40675
40676
40677
40678
40679
40680
40681
40682
40684
40686
40687
40688
40689
40690
40691
40692
40694
40695
40696
40697
40698
40699
40700
40701
40702
40703
40704
40705
40706
40707
40708
40709
40710
40711
40713
40714
40715
40716
40718
40720
40722
40723
40724
40725
40726
40727
40728
40729
40730
40731
40732
40733
40735
40736
40737
40738
40739
40741
40744
40746
40749
40751
40752
40754
40756
40758
40759
40760
40761
40762
40763
40764
40765
40769
40770
40773
40774
40775
40778
40780
40783
40784
40785
40787
40788
40789
40790
40792
40793
40796
40797
40799
40804
40812
40814
40819
40820
40823
40824
40830
40845
40850
40857
40872
40874
40879
40883
40890
40910
42000
42001
42002
42003
42004
42005
42006
42007
42008
42009
42010
42011
42012
42013
42014
42015
42016
42017
42018
42019
42020
42021
42022
42023
42024
42025
42026
42027
42028
42029
42030
42031
42032
42033
42034
42035
42036
42037
42038
42039
42040
42041
42042
42043
42044
42045
42046
42047
42048
42049
42050
42051
42052
42053
42054
42055
42056
42057
42058
42059
42060
42061
42062
42063
42064
42065
42066
42067
42068
42069
42070
42072
42073
42074
42075
42076
42077
42078
42079
42080
42081
42082
42083
42084
42085
42086
42087
42088
42089
42090
42091
42092
42093
42094
42095
42096
42097
42098
42099
42100
42101
42102
42103
42104
42105
42106
42107
42108
42109
42110
42111
42112
42113
42114
42115
42116
42117
42118
42119
42120
42121
42122
42123
42124
42125
42126
42127
42128
42129
42130
42132
42133
42134
42135
42136
42137
42138
42139
42140
42141
42142
42143
42144
42145
42146
42147
42148
42149
42150
42151
42152
42153
42154
42155
42156
42157
42158
42160
42161
42162
42163
42164
42165
42167
42168
42169
42170
42171
42172
42173
42174
42175
42176
42177
42178
42179
42180
42181
42183
42184
42185
42186
42187
42188
42189
42190
42192
42193
42194
42195
42196
42197
42198
42199
42200
42201
42202
42203
42204
42205
42206
42207
42208
42209
42212
42213
42214
42215
42216
42218
42220
42221
42223
42224
42225
42227
42228
42229
42230
42231
42233
42234
42235
42237
42238
42239
42244
42245
42247
42249
42254
42255
42258
42260
42261
42265
42267
42268
42269
42272
42274
42275
42276
42278
42280
42284
42285
42287
42288
42289
42290
42294
42295
42298
42299
42304
42305
42307
42309
42314
42320
42335
42336
42338
42344
42345
42350
42354
42355
42359
42395
42404
42410
42415
43500
43501
43502
43503
43504
43505
43506
43507
43508
43509
43510
43511
43512
43513
43514
43515
43516
43517
43518
43519
43520
43521
43522
43523
43524
43525
43526
43527
43528
43529
43530
43531
43532
43533
43534
43535
43536
43537
43538
43539
43540
43541
43542
43543
43544
43545
43546
43547
43548
43549
43550
43551
43552
43553
43554
43555
43556
43557
43558
43559
43560
43561
43562
43563
43564
43565
43566
43567
43568
43569
43570
43571
43572
43573
43574
43575
43576
43577
43578
43579
43580
43581
43582
43583
43584
43585
43586
43587
43588
43589
43590
43591
43592
43593
43594
43595
43596
43597
43598
43599
43600
43601
43602
43603
43604
43605
43606
43607
43608
43609
43610
43611
43612
43613
43614
43615
43616
43617
43618
43619
43620
43621
43622
43623
43624
43625
43626
43627
43628
43629
43630
43631
43632
43633
43634
43635
43636
43637
43638
43639
43640
43641
43642
43643
43644
43645
43646
43647
43648
43649
43650
43651
43652
43653
43654
43655
43656
43657
43658
43659
43660
43661
43662
43663
43664
43665
43666
43667
43668
43669
43670
43671
43672
43673
43674
43675
43676
43677
43678
43679
43680
43681
43682
43684
43685
43686
43687
43688
43689
43690
43691
43692
43693
43694
43695
43696
43697
43698
43700
43701
43702
43703
43704
43705
43707
43708
43709
43710
43711
43712
43713
43714
43715
43716
43718
43719
43720
43721
43722
43723
43724
43725
43726
43727
43728
43729
43730
43731
43732
43733
43734
43735
43736
43737
43738
43739
43742
43746
43747
43748
43749
43752
43756
43760
43762
43764
43765
43767
43768
43769
43770
43772
43773
43774
43775
43776
43781
43783
43786
43787
43788
43789
43790
43791
43793
43794
43795
43796
43798
43802
43806
43807
43808
43812
43816
43825
43829
43830
43832
43834
43835
43840
43841
43850
43856
43866
43890
43900
43901
43916
43926
43976
45000
45001
45002
45003
45004
45005
45006
45007
45008
45009
45010
45011
45012
45013
45014
45015
45016
45017
45018
45019
45020
45021
45022
45023
45024
45025
45026
45027
45028
45029
45030
45031
45032
45033
45034
45035
45036
45037
45038
45039
45040
45041
45042
45043
45044
45045
45046
45047
45048
45049
45050
45051
45052
45053
45054
45055
45056
45057
45058
45059
45060
45061
45062
45063
45064
45065
45066
45067
45068
45069
45070
45071
45072
45073
45074
45075
45076
45077
45078
45079
45080
45081
45082
45083
45084
45085
45086
45087
45088
45089
45090
45091
45092
45093
45094
45095
45096
45097
45098
45099
45100
45101
45102
45103
45104
45105
45106
45107
45108
45109
45110
45111
45112
45113
45114
45115
45116
45117
45118
45119
45120
45121
45122
45123
45124
45125
45126
45127
45128
45129
45130
45131
45132
45133
45134
45135
45136
45137
45138
45139
45140
45141
45142
45143
45144
45145
45146
45147
45148
45149
45150
45151
45152
45154
45155
45156
45157
45158
45159
45160
45161
45162
45163
45164
45166
45167
45168
45169
45170
45171
45172
45173
45174
45175
45176
45177
45178
45179
45180
45182
45183
45184
45185
45186
45187
45189
45190
45191
45192
45193
45194
45195
45196
45197
45198
45199
45200
45201
45202
45203
45204
45205
45206
45207
45208
45209
45211
45212
45214
45215
45216
45217
45218
45220
45221
45222
45223
45224
45226
45227
45228
45231
45232
45233
45235
45236
45237
45238
45239
45242
45245
45252
45253
45254
45256
45257
45259
45261
45263
45264
45265
45266
45267
45269
45272
45274
45275
45276
45277
45278
45281
45282
45283
45284
45286
45287
45291
45292
45293
45295
45296
45299
45305
45319
45321
45323
45326
45327
45341
45342
45347
45351
45352
45355
45356
45359
45381
45402
45411
46500
46501
46502
46503
46504
46505
46506
46507
46508
46509
46510
46511
46512
46513
46514
46515
46516
46517
46518
46519
46520
46521
46522
46523
46524
46525
46526
46527
46528
46529
46530
46531
46532
46533
46534
46535
46536
46537
46538
46539
46540
46541
46542
46543
46544
46545
46546
46547
46548
46549
46550
46551
46552
46553
46554
46555
46556
46557
46558
46559
46560
46561
46562
46563
46564
46565
46566
46567
46568
46569
46570
46571
46572
46573
46574
46575
46576
46577
46578
46579
46580
46581
46582
46583
46584
46585
46586
46587
46588
46589
46590
46591
46592
46593
46594
46595
46596
46597
46598
46599
46600
46601
46602
46603
46604
46605
46606
46607
46608
46609
46610
46611
46612
46613
46614
46615
46616
46617
46618
46619
46620
46621
46622
46623
46624
46625
46626
46627
46628
46629
46630
46631
46632
46633
46634
46635
46636
46637
46638
46639
46640
46641
46642
46643
46644
46645
46646
46647
46648
46649
46650
46651
46652
46653
46654
46655
46656
46657
46658
46659
46660
46661
46662
46663
46664
46665
46666
46667
46668
46669
46670
46671
46672
46673
46675
46676
46677
46678
46679
46680
46681
46683
46684
46685
46686
46687
46688
46689
46690
46691
46692
46693
46694
46695
46696
46697
46698
46699
46700
46701
46702
46704
46705
46706
46707
46708
46709
46710
46712
46713
46714
46715
46716
46717
46718
46720
46721
46722
46723
46724
46725
46726
46727
46728
46729
46731
46732
46733
46737
46738
46743
46744
46745
46746
46747
46749
46750
46751
46752
46756
46758
46759
46760
46761
46762
46766
46767
46768
46769
46772
46773
46774
46776
46777
46778
46782
46783
46784
46786
46787
46788
46791
46797
46798
46805
46816
46822
46826
46827
46828
46832
46834
46843
46846
46851
46857
46858
46886
46887
46888
46892
48000
48001
48002
48003
48004
48005
48006
48007
48008
48009
48010
48011
48012
48013
48014
48015
48016
48017
48018
48019
48020
48021
48022
48023
48024
48025
48026
48027
48028
48029
48030
48031
48032
48033
48034
48035
48036
48037
48038
48039
48040
48041
48042
48043
48044
48045
48046
48047
48048
48049
48050
48051
48052
48053
48054
48055
48056
48057
48058
48059
48060
48061
48062
48063
48064
48065
48066
48067
48068
48069
48070
48071
48072
48073
48074
48075
48076
48077
48078
48079
48080
48081
48082
48083
48084
48085
48086
48087
48088
48089
48090
48091
48092
48093
48094
48095
48096
48097
48098
48099
48100
48101
48102
48103
48104
48106
48107
48108
48109
48110
48111
48112
48113
48114
48115
48116
48117
48118
48119
48120
48122
48123
48124
48125
48126
48127
48128
48129
48130
48131
48132
48133
48134
48135
48136
48137
48138
48139
48140
48142
48143
48144
48145
48146
48147
48148
48149
48150
48151
48152
48153
48154
48155
48156
48157
48158
48159
48160
48161
48162
48163
48164
48166
48167
48168
48169
48170
48172
48173
48174
48175
48176
48177
48178
48179
48180
48182
48183
48184
48185
48186
48187
48188
48189
48190
48192
48194
48195
48196
48197
48198
48199
48200
48202
48204
48205
48206
48207
48208
48209
48210
48211
48213
48214
48215
48216
48221
48222
48223
48224
48227
48228
48229
48230
48232
48233
48234
48236
48238
48239
48240
48242
48243
48244
48247
48248
48249
48250
48252
48254
48256
48257
48258
48259
48260
48262
48265
48266
48267
48269
48274
48275
48276
48281
48282
48284
48288
48290
48293
48294
48298
48299
48309
48312
48314
48318
48320
48322
48326
48334
48336
48341
48342
48344
48353
48358
48359
48369
48372
48380
48386
48402
48418
48446
49500
49501
49502
49503
49504
49505
49506
49507
49508
49509
49510
49511
49512
49513
49514
49515
49516
49517
49518
49519
49520
49521
49522
49523
49524
49525
49526
49527
49528
49529
49530
49531
49532
49533
49534
49535
49536
49537
49538
49539
49540
49541
49542
49543
49544
49545
49546
49547
49548
49549
49550
49551
49552
49553
49554
49555
49556
49557
49558
49559
49560
49561
49562
49563
49564
49565
49566
49567
49568
49569
49570
49571
49572
49573
49574
49575
49576
49577
49578
49579
49580
49581
49582
49583
49584
49585
49586
49587
49588
49589
49590
49591
49592
49593
49594
49595
49596
49597
49598
49599
49600
49601
49602
49603
49604
49605
49606
49607
49608
49609
49610
49611
49612
49613
49614
49615
49616
49617
49618
49619
49620
49621
49622
49623
49624
49625
49626
49627
49628
49629
49630
49631
49632
49633
49634
49635
49636
49638
49639
49640
49641
49642
49643
49644
49645
49646
49647
49648
49649
49650
49651
49652
49653
49654
49655
49657
49658
49659
49660
49661
49662
49663
49664
49665
49666
49667
49668
49669
49670
49671
49672
49673
49674
49675
49676
49677
49678
49679
49680
49681
49682
49683
49684
49685
49686
49687
49688
49689
49690
49691
49692
49693
49694
49695
49696
49699
49700
49702
49703
49704
49705
49706
49707
49708
49709
49711
49712
49713
49714
49715
49717
49718
49719
49720
49721
49722
49723
49724
49725
49726
49727
49728
49729
49730
49731
49732
49733
49734
49735
49737
49738
49739
49740
49741
49742
49744
49745
49747
49748
49749
49750
49752
49753
49754
49755
49756
49759
49760
49763
49764
49765
49766
49767
49768
49769
49771
49772
49773
49777
49778
49779
49780
49782
49784
49785
49786
49787
49788
49789
49790
49791
49792
49794
49795
49800
49802
49804
49807
49808
49810
49812
49814
49815
49816
49822
49824
49828
49829
49831
49833
49838
49839
49840
49845
49847
49852
49854
49864
49875
49882
49905
51000
51001
51002
51003
51004
51005
51006
51007
51008
51009
51010
51011
51012
51013
51014
51015
51016
51017
51018
51019
51020
51021
51022
51023
51024
51025
51026
51027
51028
51029
51030
51031
51032
51033
51034
51035
51036
51037
51038
51039
51040
51041
51042
51043
51044
51045
51046
51047
51048
51049
51050
51051
51052
51053
51054
51055
51056
51057
51058
51059
51060
51061
51062
51063
51064
51065
51066
51067
51068
51069
51070
51071
51072
51073
51074
51075
51076
51077
51078
51079
51080
51081
51082
51083
51084
51085
51086
51087
51088
51089
51090
51091
51092
51093
51094
51095
51096
51097
51098
51099
51100
51101
51102
51103
51104
51105
51106
51107
51108
51109
51110
51111
51112
51113
51114
51115
51116
51117
51118
51119
51120
51121
51123
51124
51125
51126
51127
51128
51129
51130
51131
51132
51133
51134
51135
51136
51137
51138
51139
51140
51141
51142
51143
51144
51146
51147
51148
51149
51150
51151
51152
51153
51154
51155
51156
51157
51158
51159
51160
51161
51162
51163
51164
51165
51166
51167
51169
51170
51171
51172
51173
51174
51175
51177
51179
51181
51183
51184
51185
51186
51187
51188
51191
51192
51193
51194
51195
51196
51197
51198
51199
51200
51201
51203
51206
51207
51208
51209
51210
51212
51213
51214
51215
51216
51217
51218
51220
51221
51222
51223
51224
51225
51227
51229
51230
51231
51232
51233
51234
51235
51237
51239
51241
51243
51244
51245
51246
51247
51248
51251
51252
51253
51254
51255
51259
51261
51263
51266
51267
51268
51270
51272
51273
51275
51276
51277
51280
51281
51282
51283
51284
51287
51291
51293
51295
51299
51303
51305
51306
51307
51314
51327
51330
51332
51335
51340
51344
51347
51351
51355
51363
51404
51423
52500
52501
52502
52503
52504
52505
52506
52507
52508
52509
52510
52511
52512
52513
52514
52515
52516
52517
52518
52519
52520
52521
52522
52523
52524
52525
52526
52527
52528
52529
52530
52531
52532
52533
52534
52535
52536
52537
52538
52539
52540
52541
52542
52543
52544
52545
52546
52547
52548
52549
52550
52551
52552
52553
52554
52555
52556
52557
52558
52559
52560
52561
52562
52563
52564
52565
52566
52567
52568
52569
52570
52571
52572
52573
52574
52575
52576
52577
52578
52579
52580
52581
52582
52583
52584
52585
52586
52587
52588
52589
52590
52591
52592
52593
52594
52595
52596
52597
52598
52599
52600
52601
52602
52603
52604
52605
52606
52607
52608
52609
52610
52611
52612
52613
52614
52615
52616
52617
52618
52619
52620
52621
52622
52623
52624
52625
52626
52627
52628
52629
52630
52631
52632
52633
52634
52635
52637
52638
52639
52640
52641
52642
52643
52644
52645
52646
52647
52648
52649
52650
52651
52652
52653
52654
52655
52656
52657
52658
52660
52661
52662
52663
52664
52665
52666
52667
52668
52669
52670
52671
52672
52673
52674
52675
52676
52677
52678
52679
52680
52681
52683
52684
52685
52686
52687
52688
52689
52691
52692
52693
52694
52695
52697
52698
52699
52700
52701
52702
52703
52704
52705
52706
52707
52708
52710
52711
52712
52713
52715
52716
52717
52718
52720
52721
52723
52725
52726
52728
52729
52730
52731
52732
52733
52734
52735
52736
52737
52738
52739
52740
52741
52743
52747
52748
52749
52752
52753
52757
52759
52761
52762
52763
52764
52766
52768
52770
52772
52777
52781
52783
52786
52789
52790
52791
52792
52793
52794
52795
52796
52797
52798
52799
52803
52808
52813
52819
52823
52826
52828
52830
52841
52846
52854
52857
52888
52914
54000
54001
54002
54003
54004
54005
54006
54007
54008
54009
54010
54011
54012
54013
54014
54015
54016
54017
54018
54019
54020
54021
54022
54023
54024
54025
54026
54027
54028
54029
54030
54031
54032
54033
54034
54035
54036
54037
54038
54039
54040
54041
54042
54043
54044
54045
54046
54047
54048
54049
54050
54051
54052
54053
54054
54055
54056
54057
54058
54059
54060
54061
54062
54063
54064
54065
54066
54067
54068
54069
54070
54071
54072
54073
54074
54075
54076
54077
54078
54079
54080
54081
54082
54083
54084
54085
54086
54087
54088
54089
54090
54091
54092
54093
54094
54095
54096
54097
54098
54099
54100
54101
54102
54103
54104
54105
54107
54108
54109
54110
54111
54112
54113
54114
54115
54116
54117
54118
54119
54120
54121
54122
54123
54124
54125
54126
54127
54128
54129
54130
54131
54132
54133
54134
54135
54136
54137
54138
54139
54140
54141
54142
54143
54144
54145
54146
54147
54148
54149
54150
54151
54152
54153
54154
54155
54156
54157
54158
54159
54160
54161
54163
54164
54165
54167
54168
54169
54170
54171
54172
54173
54174
54175
54176
54177
54178
54179
54181
54182
54183
54184
54185
54186
54187
54188
54189
54190
54191
54192
54193
54194
54195
54196
54197
54199
54202
54203
54204
54205
54206
54208
54209
54210
54211
54212
54213
54214
54215
54217
54218
54219
54220
54221
54223
54224
54225
54227
54228
54229
54230
54231
54232
54233
54234
54236
54237
54238
54239
54241
54243
54246
54247
54248
54253
54254
54255
54257
54259
54262
54263
54264
54265
54268
54269
54271
54273
54274
54277
54278
54279
54280
54287
54288
54289
54290
54292
54293
54294
54296
54297
54298
54301
54315
54319
54323
54328
54333
54338
54339
54347
54349
54350
54352
54364
54375
54399
54407
54459
54467
54527
54587
55500
55501
55502
55503
55504
55505
55506
55507
55508
55509
55510
55511
55512
55513
55514
55515
55516
55517
55518
55519
55520
55521
55522
55523
55524
55525
55526
55527
55528
55529
55530
55531
55532
55533
55534
55535
55536
55537
55538
55539
55540
55541
55542
55543
55544
55545
55546
55547
55548
55549
55550
55551
55552
55553
55554
55555
55556
55557
55558
55559
55560
55561
55562
55563
55564
55565
55566
55567
55568
55569
55570
55571
55572
55573
55574
55575
55576
55577
55578
55579
55580
55581
55582
55583
55584
55585
55586
55587
55588
55589
55590
55591
55592
55593
55594
55595
55596
55597
55598
55599
55600
55601
55602
55603
55604
55605
55606
55607
55608
55609
55610
55611
55612
55613
55615
55616
55617
55618
55619
55620
55621
55623
55624
55625
55626
55627
55628
55629
55630
55631
55632
55633
55634
55635
55636
55637
55639
55640
55641
55642
55643
55645
55646
55647
55648
55649
55650
55651
55653
55654
55655
55656
55657
55658
55659
55660
55661
55662
55663
55664
55665
55666
55667
55668
55669
55670
55671
55672
55673
55675
55676
55677
55678
55679
55680
55681
55683
55684
55685
55688
55689
55690
55691
55692
55693
55694
55696
55699
55700
55701
55702
55703
55705
55706
55707
55708
55709
55710
55711
55713
55714
55715
55717
55718
55720
55721
55722
55726
55727
55728
55729
55730
55731
55733
55735
55736
55737
55738
55739
55740
55744
55748
55752
55753
55754
55756
55760
55762
55763
55765
55766
55767
55768
55775
55778
55781
55782
55786
55788
55789
55790
55791
55793
55795
55797
55798
55799
55800
55816
55820
55823
55828
55838
55848
55851
55853
55857
55858
55876
55908
55918
55978
57000
57001
57002
57003
57004
57005
57006
57007
57008
57009
57010
57011
57012
57013
57014
57015
57016
57017
57018
57019
57020
57021
57022
57023
57024
57025
57026
57027
57028
57029
57030
57031
57032
57033
57034
57035
57036
57037
57038
57039
57040
57041
57042
57043
57044
57045
57046
57047
57048
57049
57050
57051
57052
57053
57054
57055
57056
57057
57058
57059
57060
57061
57062
57063
57064
57065
57066
57067
57068
57069
57070
57071
57072
57073
57074
57075
57076
57077
57078
57079
57080
57081
57082
57083
57084
57085
57086
57087
57088
57089
57090
57091
57092
57093
57094
57095
57096
57097
57098
57099
57100
57101
57102
57103
57104
57105
57106
57107
57108
57109
57110
57111
57112
57113
57114
57115
57116
57117
57118
57119
57120
57121
57122
57124
57125
57126
57127
57128
57129
57130
57131
57132
57133
57134
57135
57136
57137
57138
57139
57140
57141
57142
57143
57144
57145
57146
57147
57148
57149
57150
57151
57152
57153
57154
57155
57156
57157
57158
57159
57161
57162
57163
57164
57165
57166
57167
57168
57169
57170
57171
57172
57173
57174
57175
57176
57177
57178
57179
57180
57181
57182
57184
57185
57186
57188
57190
57191
57192
57194
57195
57196
57197
57198
57199
57200
57202
57203
57204
57205
57206
57207
57208
57209
57210
57211
57212
57213
57214
57215
57216
57217
57218
57219
57223
57224
57225
57226
57228
57229
57230
57231
57233
57234
57235
57236
57237
57238
57240
57241
57242
57248
57250
57251
57252
57254
57256
57258
57259
57260
57264
57265
57267
57268
57272
57273
57276
57277
57278
57279
57283
57284
57286
57289
57291
57293
57294
57296
57297
57298
57301
57308
57311
57312
57314
57316
57320
57325
57337
57339
57343
57344
57353
57368
57374
57380
57385
57397
57400
57413
57473
58500
58501
58502
58503
58504
58505
58506
58507
58508
58509
58510
58511
58512
58513
58514
58515
58516
58517
58518
58519
58520
58521
58522
58523
58524
58525
58526
58527
58528
58529
58530
58531
58532
58533
58534
58535
58536
58537
58538
58539
58540
58541
58542
58543
58544
58545
58546
58547
58548
58549
58550
58551
58552
58553
58554
58555
58556
58557
58558
58559
58560
58561
58562
58563
58564
58565
58566
58567
58568
58569
58570
58571
58572
58573
58574
58575
58576
58577
58578
58579
58580
58581
58582
58583
58584
58585
58586
58587
58588
58589
58590
58591
58592
58593
58594
58596
58597
58598
58599
58600
58601
58602
58603
58604
58605
58606
58607
58608
58609
58610
58611
58612
58613
58614
58615
58616
58617
58618
58619
58621
58622
58623
58624
58625
58626
58627
58628
58629
58630
58631
58632
58633
58634
58635
58636
58637
58638
58639
58640
58642
58643
58644
58645
58646
58647
58648
58649
58650
58651
58652
58653
58654
58656
58657
58658
58659
58660
58661
58662
58663
58664
58665
58666
58667
58668
58669
58670
58671
58672
58673
58674
58675
58676
58677
58678
58679
58681
58682
58683
58684
58686
58687
58688
58689
58690
58691
58692
58693
58694
58695
58696
58697
58698
58700
58702
58703
58704
58705
58706
58707
58709
58710
58712
58713
58714
58716
58718
58719
58720
58721
58722
58723
58724
58725
58726
58727
58728
58729
58730
58731
58732
58733
58734
58735
58736
58738
58739
58742
58743
58744
58746
58748
58749
58750
58751
58752
58753
58754
58755
58762
58763
58764
58769
58772
58774
58776
58778
58779
58780
58781
58782
58783
58784
58785
58786
58787
58789
58790
58791
58793
58794
58796
58799
58803
58809
58810
58811
58812
58815
58823
58824
58836
58838
58841
58845
58846
58849
58853
58863
58869
58871
58872
58875
58901
58909
)
;
}
)

// ************************************************************************* //
