     0.004 7.69672e-06
     0.012 2.64099e-05
      0.02 4.75712e-05
     0.028 7.02084e-05
     0.036 9.31302e-05
     0.044 0.00011524
     0.052 0.000135651
      0.06 0.000153702
     0.068 0.000168955
     0.076 0.000181162
     0.084 0.000190233
     0.092 0.000196207
       0.1 0.000199217
     0.108 0.000199469
     0.116 0.00019722
     0.124 0.000192758
     0.132 0.000186387
      0.14 0.000178419
     0.148 0.000169161
     0.156 0.000158911
     0.164 0.000147948
     0.172 0.000136533
      0.18 0.000124902
     0.188 0.000113268
     0.196 0.000101819
  0.204065 9.0644e-05
  0.212415 7.96465e-05
  0.221217 6.88233e-05
  0.230495 5.83537e-05
  0.240275 4.84178e-05
  0.250584 3.91916e-05
  0.261452 3.08396e-05
  0.272907 2.35073e-05
  0.284982 1.7313e-05
  0.297711 1.23394e-05
  0.311128 8.62598e-06
  0.325272 6.16335e-06
   0.34018 4.88986e-06
  0.355896 4.69179e-06
  0.372462 5.40791e-06
  0.389924 6.83887e-06
  0.408331 8.76137e-06
  0.427734 1.09463e-05
  0.448188 1.31792e-05
  0.469747 1.52794e-05
  0.492474 1.7116e-05
  0.516431 1.86155e-05
  0.541683  1.976e-05
  0.568302 2.05768e-05
  0.596362 2.11215e-05
   0.62594 2.14606e-05
  0.657119 2.16573e-05
  0.689984 2.17635e-05
  0.724628 2.18167e-05
  0.761147 2.18414e-05
  0.799642 2.18518e-05
   0.84022 2.18559e-05
  0.882994 2.18574e-05
  0.928082 2.18578e-05
   0.97561 2.1858e-05
