     0.004 1.07875e-14
     0.012 8.88133e-15
      0.02 7.23223e-15
     0.028 5.88247e-15
     0.036 4.78329e-15
     0.044 3.87864e-15
     0.052 3.13725e-15
      0.06 2.53583e-15
     0.068 2.05228e-15
     0.076 1.66614e-15
     0.084 1.35931e-15
     0.092 1.1163e-15
       0.1 9.24086e-16
     0.108 7.71956e-16
     0.116 6.51249e-16
     0.124 5.55088e-16
     0.132 4.78075e-16
      0.14 4.1601e-16
     0.148 3.65637e-16
     0.156 3.24445e-16
     0.164 2.90498e-16
     0.172 2.62304e-16
      0.18 2.38714e-16
     0.188 2.18837e-16
     0.196 2.01977e-16
  0.204065 1.87477e-16
  0.212415 1.7464e-16
  0.221217 1.63087e-16
  0.230495 1.52696e-16
  0.240275 1.43337e-16
  0.250584 1.3489e-16
  0.261452 1.27237e-16
  0.272907 1.20273e-16
  0.284982 1.13903e-16
  0.297711 1.08046e-16
  0.311128 1.02633e-16
  0.325272 9.76061e-17
   0.34018 9.29184e-17
  0.355896 8.85314e-17
  0.372462 8.4414e-17
  0.389924 8.05401e-17
  0.408331 7.68882e-17
  0.427734 7.34404e-17
  0.448188 7.01825e-17
  0.469747 6.71032e-17
  0.492474 6.41939e-17
  0.516431 6.14483e-17
  0.541683 5.88627e-17
  0.568302 5.6435e-17
  0.596362 5.41652e-17
   0.62594 5.2055e-17
  0.657119 5.01074e-17
  0.689984 4.83269e-17
  0.724628 4.67193e-17
  0.761147 4.52922e-17
  0.799642 4.40548e-17
   0.84022 4.30203e-17
  0.882994 4.22104e-17
  0.928082 4.16519e-17
   0.97561 4.13662e-17
