     0.004 -1.60784e-05
     0.012 -1.86218e-05
      0.02 -1.76644e-05
     0.028 -1.6684e-05
     0.036 -1.56704e-05
     0.044 -1.4672e-05
     0.052 -1.37106e-05
      0.06 -1.27948e-05
     0.068 -1.1927e-05
     0.076 -1.11067e-05
     0.084 -1.03325e-05
     0.092 -9.60234e-06
       0.1 -8.9142e-06
     0.108 -8.26606e-06
     0.116 -7.65598e-06
     0.124 -7.08213e-06
     0.132 -6.5428e-06
      0.14 -6.03638e-06
     0.148 -5.56132e-06
     0.156 -5.1162e-06
     0.164 -4.69967e-06
     0.172 -4.31047e-06
      0.18 -3.94749e-06
     0.188 -3.60979e-06
     0.196 -3.29529e-06
  0.204065 -3.01453e-06
  0.212415 -2.7753e-06
  0.221217 -2.53621e-06
  0.230495 -2.30083e-06
  0.240275  -2.07e-06
  0.250584 -1.84496e-06
  0.261452 -1.6272e-06
  0.272907 -1.41835e-06
  0.284982 -1.22009e-06
  0.297711 -1.03409e-06
  0.311128 -8.61906e-07
  0.325272 -7.04933e-07
   0.34018 -5.64311e-07
  0.355896 -4.40852e-07
  0.372462 -3.3496e-07
  0.389924 -2.46562e-07
  0.408331 -1.75058e-07
  0.427734 -1.193e-07
  0.448188 -7.76322e-08
  0.469747 -4.7981e-08
  0.492474 -2.80215e-08
  0.516431 -1.53928e-08
  0.541683 -7.92284e-09
  0.568302 -3.80891e-09
  0.596362 -1.70514e-09
   0.62594 -7.08197e-10
  0.657119 -2.71498e-10
  0.689984 -9.54146e-11
  0.724628 -3.04794e-11
  0.761147 -8.76494e-12
  0.799642 -2.2457e-12
   0.84022 -5.07041e-13
  0.882994 -9.95485e-14
  0.928082 -1.64229e-14
   0.97561 -1.56716e-15
