     0.004 -1.87493e-05
     0.012 -1.68375e-05
      0.02 -1.54591e-05
     0.028 -1.47944e-05
     0.036 -1.43174e-05
     0.044 -1.39025e-05
     0.052 -1.3506e-05
      0.06 -1.31115e-05
     0.068 -1.27132e-05
     0.076 -1.231e-05
     0.084 -1.19023e-05
     0.092 -1.14915e-05
       0.1 -1.10791e-05
     0.108 -1.06664e-05
     0.116 -1.0255e-05
     0.124 -9.84597e-06
     0.132 -9.44056e-06
      0.14 -9.03977e-06
     0.148 -8.64449e-06
     0.156 -8.25552e-06
     0.164 -7.87356e-06
     0.172 -7.49916e-06
      0.18 -7.13272e-06
     0.188 -6.77442e-06
     0.196 -6.42126e-06
  0.204065 -6.06213e-06
  0.212415 -5.6874e-06
  0.221217 -5.30379e-06
  0.230495 -4.92064e-06
  0.240275 -4.54003e-06
  0.250584 -4.16381e-06
  0.261452 -3.79371e-06
  0.272907 -3.43146e-06
  0.284982 -3.0788e-06
  0.297711 -2.73757e-06
  0.311128 -2.40965e-06
  0.325272 -2.09698e-06
   0.34018 -1.80154e-06
  0.355896 -1.52529e-06
  0.372462 -1.27013e-06
  0.389924 -1.03781e-06
  0.408331 -8.29848e-07
  0.427734 -6.47368e-07
  0.448188 -4.90993e-07
  0.469747 -3.60674e-07
  0.492474 -2.55556e-07
  0.516431 -1.73914e-07
  0.541683 -1.13183e-07
  0.568302 -7.0139e-08
  0.596362 -4.12138e-08
   0.62594 -2.28672e-08
  0.657119 -1.19294e-08
  0.689984 -5.82535e-09
  0.724628 -2.65007e-09
  0.761147 -1.11727e-09
  0.799642 -4.33894e-10
   0.84022 -1.53961e-10
  0.882994 -4.92043e-11
  0.928082 -1.35929e-11
   0.97561 -2.52922e-12
