     0.004 0.00392345
     0.012 0.00726772
      0.02  0.0097541
     0.028  0.0118498
     0.036  0.0136477
     0.044  0.0151816
     0.052  0.0164712
      0.06  0.0175329
     0.068  0.0183823
     0.076  0.0190348
     0.084  0.0195056
     0.092  0.0198094
       0.1  0.0199608
     0.108  0.0199735
     0.116  0.0198605
     0.124  0.0196345
     0.132  0.0193073
      0.14  0.0188902
     0.148  0.0183936
     0.156  0.0178276
     0.164  0.0172016
     0.172  0.0165247
      0.18  0.0158052
     0.188  0.0150511
     0.196  0.0142702
  0.204065  0.0134643
  0.212415  0.0126211
  0.221217  0.0117323
  0.230495  0.0108031
  0.240275 0.00984051
  0.250584 0.00885343
  0.261452  0.0078536
  0.272907 0.00685672
  0.284982 0.00588439
  0.297711 0.00496778
  0.311128 0.00415355
  0.325272 0.00351094
   0.34018 0.00312726
  0.355896 0.00306326
  0.372462 0.00328874
  0.389924 0.00369834
  0.408331 0.00418602
  0.427734 0.00467896
  0.448188 0.00513403
  0.469747 0.00552799
  0.492474 0.00585081
  0.516431 0.00610172
  0.541683  0.0062865
  0.568302 0.00641511
  0.596362 0.00649946
   0.62594 0.00655142
  0.657119 0.00658139
  0.689984 0.00659751
  0.724628 0.00660556
  0.761147 0.00660929
  0.799642 0.00661088
   0.84022  0.0066115
  0.882994 0.00661171
  0.928082 0.00661178
   0.97561  0.0066118
