     0.004 0.00414428
     0.012  0.0116446
      0.02  0.0183233
     0.028  0.0246628
     0.036  0.0307817
     0.044  0.0367195
     0.052  0.0424891
      0.06   0.048093
     0.068  0.0535303
     0.076  0.0587989
     0.084  0.0638966
     0.092  0.0688219
       0.1  0.0735737
     0.108  0.0781516
     0.116  0.0825559
     0.124  0.0867874
     0.132  0.0908473
      0.14  0.0947373
     0.148  0.0984597
     0.156   0.102017
     0.164   0.105412
     0.172   0.108647
      0.18   0.111727
     0.188   0.114654
     0.196   0.117432
  0.204065   0.120083
  0.212415   0.122666
  0.221217   0.125212
  0.230495   0.127708
  0.240275   0.130143
  0.250584   0.132503
  0.261452   0.134778
  0.272907   0.136955
  0.284982   0.139022
  0.297711   0.140968
  0.311128   0.142783
  0.325272   0.144457
   0.34018   0.145983
  0.355896   0.147355
  0.372462   0.148569
  0.389924   0.149624
  0.408331   0.150523
  0.427734    0.15127
  0.448188   0.151876
  0.469747   0.152352
  0.492474   0.152713
  0.516431   0.152977
  0.541683   0.153161
  0.568302   0.153284
  0.596362   0.153362
   0.62594   0.153408
  0.657119   0.153434
  0.689984   0.153448
  0.724628   0.153455
  0.761147   0.153458
  0.799642   0.153459
   0.84022   0.153459
  0.882994    0.15346
  0.928082    0.15346
   0.97561    0.15346
