     0.004 -1.50559e-12
     0.012 1.92474e-12
      0.02 9.09876e-13
     0.028 -6.74422e-13
     0.036 9.85163e-14
     0.044 4.50826e-13
     0.052 1.74866e-13
      0.06 -2.295e-14
     0.068 -1.11268e-13
     0.076  -1.21e-13
     0.084 -1.3791e-14
     0.092 1.99461e-13
       0.1 3.73002e-13
     0.108 4.61665e-13
     0.116 4.72694e-13
     0.124 4.37411e-13
     0.132 3.59353e-13
      0.14 2.84562e-13
     0.148 2.25209e-13
     0.156 1.52619e-13
     0.164 9.04202e-14
     0.172 4.62433e-14
      0.18 1.48966e-14
     0.188 -1.62779e-14
     0.196 -2.75262e-14
  0.204065 -1.82723e-14
  0.212415 -1.28278e-14
  0.221217 -2.87161e-14
  0.230495 -5.96538e-14
  0.240275 -8.75828e-14
  0.250584 -1.21069e-13
  0.261452 -1.10034e-13
  0.272907 -3.61382e-14
  0.284982 3.08434e-14
  0.297711 4.56194e-14
  0.311128 2.12083e-14
  0.325272 -1.77052e-15
   0.34018 -2.55605e-15
  0.355896 3.91258e-15
  0.372462 8.28659e-15
  0.389924 1.49519e-14
  0.408331 2.49751e-14
  0.427734 3.43504e-14
  0.448188 3.81265e-14
  0.469747 4.27099e-14
  0.492474 5.07236e-14
  0.516431 5.89862e-14
  0.541683 6.42355e-14
  0.568302 6.05021e-14
  0.596362 5.41106e-14
   0.62594 5.08104e-14
  0.657119 4.50842e-14
  0.689984 3.93435e-14
  0.724628 3.53085e-14
  0.761147 3.22523e-14
  0.799642 3.39473e-14
   0.84022 3.03449e-14
  0.882994 8.7893e-15
  0.928082 1.17092e-14
   0.97561 1.16189e-14
