     0.004 2.95587e-07
     0.012 7.50869e-07
      0.02 6.66603e-07
     0.028 5.61802e-07
     0.036 4.96139e-07
     0.044 4.49619e-07
     0.052 4.11085e-07
      0.06 3.76133e-07
     0.068 3.43014e-07
     0.076 3.11667e-07
     0.084 2.82571e-07
     0.092 2.56073e-07
       0.1 2.32269e-07
     0.108 2.11081e-07
     0.116 1.92293e-07
     0.124 1.7567e-07
     0.132 1.6096e-07
      0.14 1.47964e-07
     0.148 1.36501e-07
     0.156 1.26422e-07
     0.164 1.17566e-07
     0.172 1.09776e-07
      0.18 1.02884e-07
     0.188 9.67325e-08
     0.196 9.11512e-08
  0.204065 8.59758e-08
  0.212415 8.09092e-08
  0.221217 7.58274e-08
  0.230495 7.07608e-08
  0.240275 6.58692e-08
  0.250584 6.11721e-08
  0.261452 5.67808e-08
  0.272907 5.26802e-08
  0.284982 4.89282e-08
  0.297711 4.54804e-08
  0.311128 4.2336e-08
  0.325272 3.94316e-08
   0.34018 3.67536e-08
  0.355896 3.42673e-08
  0.372462 3.19662e-08
  0.389924 2.98288e-08
  0.408331 2.78458e-08
  0.427734 2.59935e-08
  0.448188 2.42561e-08
  0.469747 2.26104e-08
  0.492474 2.10414e-08
  0.516431 1.95316e-08
  0.541683 1.80697e-08
  0.568302 1.66463e-08
  0.596362 1.52553e-08
   0.62594 1.38896e-08
  0.657119  1.254e-08
  0.689984 1.11979e-08
  0.724628 9.85646e-09
  0.761147 8.51664e-09
  0.799642 7.21585e-09
   0.84022 6.01222e-09
  0.882994 4.82072e-09
  0.928082 3.35126e-09
   0.97561 1.27441e-09
