     0.004 4.94836e-07
     0.012 6.84536e-07
      0.02 6.51068e-07
     0.028 5.37886e-07
     0.036 4.07102e-07
     0.044 2.95368e-07
     0.052 2.19359e-07
      0.06 1.76404e-07
     0.068 1.52336e-07
     0.076 1.35178e-07
     0.084 1.20144e-07
     0.092 1.06511e-07
       0.1 9.44805e-08
     0.108 8.40935e-08
     0.116 7.51623e-08
     0.124 6.74477e-08
     0.132 6.07423e-08
      0.14 5.48918e-08
     0.148 4.97716e-08
     0.156 4.52825e-08
     0.164 4.13388e-08
     0.172 3.78712e-08
      0.18 3.48198e-08
     0.188 3.21363e-08
     0.196 2.97771e-08
  0.204065 2.76877e-08
  0.212415 2.57869e-08
  0.221217 2.40321e-08
  0.230495 2.24155e-08
  0.240275 2.09266e-08
  0.250584 1.95519e-08
  0.261452 1.82795e-08
  0.272907 1.70962e-08
  0.284982 1.59911e-08
  0.297711 1.4953e-08
  0.311128 1.39727e-08
  0.325272 1.30419e-08
   0.34018 1.21544e-08
  0.355896 1.13058e-08
  0.372462 1.04937e-08
  0.389924  9.716e-09
  0.408331 8.97191e-09
  0.427734 8.26098e-09
  0.448188 7.58315e-09
  0.469747 6.9388e-09
  0.492474 6.32874e-09
  0.516431 5.75399e-09
  0.541683 5.21589e-09
  0.568302 4.71561e-09
  0.596362 4.25405e-09
   0.62594 3.83181e-09
  0.657119 3.44902e-09
  0.689984 3.10444e-09
  0.724628 2.79519e-09
  0.761147 2.51667e-09
  0.799642 2.2645e-09
   0.84022 2.05085e-09
  0.882994 1.92638e-09
  0.928082 1.93949e-09
   0.97561 2.10738e-09
