     0.004 3.83978e-05
     0.012 0.000140235
      0.02 0.000221148
     0.028 0.000266857
     0.036 0.000281478
     0.044 0.00027318
     0.052 0.000250071
      0.06 0.000218877
     0.068 0.000184653
     0.076 0.000150893
     0.084 0.000119794
     0.092 9.25465e-05
       0.1 6.96173e-05
     0.108 5.09803e-05
     0.116 3.63054e-05
     0.124 2.50987e-05
     0.132 1.68032e-05
      0.14 1.08652e-05
     0.148 6.77519e-06
     0.156 4.08919e-06
     0.164 2.43676e-06
     0.172 1.51981e-06
      0.18 1.10636e-06
     0.188 1.02151e-06
     0.196 1.13752e-06
  0.204065 1.36671e-06
  0.212415 1.65702e-06
  0.221217 1.97295e-06
  0.230495 2.28464e-06
  0.240275 2.57101e-06
  0.250584 2.81922e-06
  0.261452 3.02354e-06
  0.272907 3.18384e-06
  0.284982 3.30389e-06
  0.297711 3.38973e-06
  0.311128 3.4483e-06
  0.325272 3.48638e-06
   0.34018 3.50992e-06
  0.355896 3.52372e-06
  0.372462 3.53135e-06
  0.389924 3.53534e-06
  0.408331 3.53728e-06
  0.427734 3.53816e-06
  0.448188 3.53853e-06
  0.469747 3.53867e-06
  0.492474 3.53872e-06
  0.516431 3.53873e-06
  0.541683 3.53873e-06
  0.568302 3.53872e-06
  0.596362 3.53872e-06
   0.62594 3.53872e-06
  0.657119 3.53871e-06
  0.689984 3.53871e-06
  0.724628 3.53871e-06
  0.761147 3.53871e-06
  0.799642 3.53871e-06
   0.84022 3.5387e-06
  0.882994 3.5387e-06
  0.928082 3.5387e-06
   0.97561 3.5387e-06
