     0.004 1.63288e-18
     0.012 1.67212e-18
      0.02 1.6994e-18
     0.028 1.68807e-18
     0.036 1.64362e-18
     0.044 1.58961e-18
     0.052 1.53746e-18
      0.06 1.48943e-18
     0.068 1.44222e-18
     0.076 1.38961e-18
     0.084 1.32485e-18
     0.092 1.2455e-18
       0.1 1.15275e-18
     0.108 1.05142e-18
     0.116 9.47425e-19
     0.124 8.46607e-19
     0.132 7.52856e-19
      0.14 6.68526e-19
     0.148 5.94447e-19
     0.156 5.30344e-19
     0.164 4.75202e-19
     0.172 4.27856e-19
      0.18 3.87172e-19
     0.188 3.52261e-19
     0.196 3.22386e-19
  0.204065 2.96785e-19
  0.212415 2.7455e-19
  0.221217 2.55329e-19
  0.230495 2.38936e-19
  0.240275 2.25098e-19
  0.250584 2.13543e-19
  0.261452 2.03976e-19
  0.272907 1.96127e-19
  0.284982 1.89799e-19
  0.297711 1.84829e-19
  0.311128 1.81127e-19
  0.325272 1.78623e-19
   0.34018 1.77284e-19
  0.355896 1.77084e-19
  0.372462 1.77991e-19
  0.389924 1.79987e-19
  0.408331 1.83032e-19
  0.427734 1.8709e-19
  0.448188 1.92131e-19
  0.469747 1.98108e-19
  0.492474 2.04996e-19
  0.516431 2.12734e-19
  0.541683 2.21255e-19
  0.568302 2.30507e-19
  0.596362 2.40415e-19
   0.62594 2.50911e-19
  0.657119 2.61899e-19
  0.689984 2.73244e-19
  0.724628 2.84727e-19
  0.761147 2.96046e-19
  0.799642 3.07065e-19
   0.84022 3.1803e-19
  0.882994 3.29331e-19
  0.928082 3.40601e-19
   0.97561 3.49205e-19
