     0.004 0.00876331
     0.012  0.0167472
      0.02  0.0210308
     0.028  0.0231022
     0.036  0.0237267
     0.044  0.0233744
     0.052  0.0223638
      0.06  0.0209226
     0.068  0.0192173
     0.076   0.017372
     0.084  0.0154786
     0.092  0.0136049
       0.1  0.0117998
     0.108  0.0100976
     0.116 0.00852119
     0.124 0.00708501
     0.132 0.00579711
      0.14 0.00466159
     0.148 0.00368108
     0.156 0.00285979
     0.164  0.0022076
     0.172 0.00174345
      0.18 0.00148752
     0.188 0.00142934
     0.196 0.00150833
  0.204065  0.0016533
  0.212415 0.00182045
  0.221217 0.00198643
  0.230495 0.00213759
  0.240275  0.0022676
  0.250584 0.00237454
  0.261452 0.00245908
  0.272907 0.00252343
  0.284982 0.00257056
  0.297711 0.00260374
  0.311128 0.00262614
  0.325272  0.0026406
   0.34018  0.0026495
  0.355896  0.0026547
  0.372462 0.00265758
  0.389924 0.00265907
  0.408331  0.0026598
  0.427734 0.00266014
  0.448188 0.00266027
  0.469747 0.00266033
  0.492474 0.00266034
  0.516431 0.00266035
  0.541683 0.00266035
  0.568302 0.00266035
  0.596362 0.00266035
   0.62594 0.00266034
  0.657119 0.00266034
  0.689984 0.00266034
  0.724628 0.00266034
  0.761147 0.00266034
  0.799642 0.00266034
   0.84022 0.00266034
  0.882994 0.00266034
  0.928082 0.00266034
   0.97561 0.00266034
