     0.004 0.00920324
     0.012  0.0258414
      0.02  0.0407526
     0.028  0.0540596
     0.036   0.065887
     0.044  0.0763562
     0.052  0.0855844
      0.06  0.0936838
     0.068   0.100762
     0.076   0.106919
     0.084   0.112252
     0.092    0.11685
       0.1   0.120795
     0.108   0.124164
     0.116   0.127028
     0.124    0.12945
     0.132   0.131489
      0.14   0.133197
     0.148    0.13462
     0.156   0.135799
     0.164   0.136773
     0.172   0.137571
      0.18   0.138223
     0.188   0.138753
     0.196    0.13918
  0.204065   0.139526
  0.212415   0.139812
  0.221217   0.140047
  0.230495   0.140236
  0.240275   0.140386
  0.250584   0.140502
  0.261452   0.140589
  0.272907   0.140652
  0.284982   0.140697
  0.297711   0.140727
  0.311128   0.140748
  0.325272    0.14076
   0.34018   0.140768
  0.355896   0.140772
  0.372462   0.140775
  0.389924   0.140776
  0.408331   0.140777
  0.427734   0.140777
  0.448188   0.140777
  0.469747   0.140777
  0.492474   0.140777
  0.516431   0.140777
  0.541683   0.140777
  0.568302   0.140777
  0.596362   0.140777
   0.62594   0.140777
  0.657119   0.140777
  0.689984   0.140777
  0.724628   0.140777
  0.761147   0.140777
  0.799642   0.140777
   0.84022   0.140777
  0.882994   0.140777
  0.928082   0.140777
   0.97561   0.140777
