     0.004 -8.63921e-15
     0.012 -5.35473e-14
      0.02 -4.24178e-14
     0.028 2.50113e-14
     0.036 3.41907e-14
     0.044 -9.1089e-15
     0.052 7.88364e-15
      0.06 7.28748e-14
     0.068 1.18761e-13
     0.076 8.46681e-14
     0.084 -1.86341e-17
     0.092 -4.41617e-14
       0.1 -2.32112e-14
     0.108 7.24196e-15
     0.116 1.22352e-14
     0.124   6.76e-15
     0.132 -2.4017e-15
      0.14 -6.90821e-15
     0.148 -7.00824e-15
     0.156 -6.7107e-15
     0.164 -4.69531e-15
     0.172 -1.59046e-15
      0.18 4.35747e-16
     0.188 7.71163e-16
     0.196 4.08482e-16
  0.204065 1.13632e-15
  0.212415 2.22746e-15
  0.221217 5.26199e-16
  0.230495 -1.7862e-15
  0.240275 -3.64723e-15
  0.250584 -5.48368e-15
  0.261452 -5.77726e-15
  0.272907 -5.04646e-15
  0.284982 -3.38946e-15
  0.297711 -3.15779e-16
  0.311128 2.16505e-15
  0.325272 3.48571e-15
   0.34018 3.62809e-15
  0.355896 3.54671e-15
  0.372462 3.73973e-15
  0.389924 2.85326e-15
  0.408331 7.70974e-16
  0.427734 9.79392e-17
  0.448188 -2.55157e-16
  0.469747 -9.21043e-16
  0.492474 -8.43608e-16
  0.516431 -9.63725e-16
  0.541683 -9.54778e-16
  0.568302 -8.32824e-16
  0.596362 -6.55169e-16
   0.62594 -9.77723e-16
  0.657119 -8.81351e-16
  0.689984 -3.96884e-16
  0.724628 -2.82196e-16
  0.761147 -5.41206e-17
  0.799642 4.94032e-16
   0.84022 5.05355e-16
  0.882994 1.86888e-16
  0.928082 9.46693e-16
   0.97561 5.43579e-16
