     0.004 1.48691e-09
     0.012 6.01164e-09
      0.02 1.2894e-08
     0.028 1.93056e-08
     0.036 2.26367e-08
     0.044 2.31909e-08
     0.052 2.20531e-08
      0.06 2.05732e-08
     0.068 1.98075e-08
     0.076 2.04747e-08
     0.084 2.22404e-08
     0.092 2.43371e-08
       0.1 2.60853e-08
     0.108 2.71782e-08
     0.116 2.74873e-08
     0.124 2.71367e-08
     0.132 2.61864e-08
      0.14 2.48996e-08
     0.148 2.33531e-08
     0.156 2.17612e-08
     0.164 2.01291e-08
     0.172 1.86054e-08
      0.18 1.71607e-08
     0.188 1.58683e-08
     0.196 1.46596e-08
  0.204065 1.3618e-08
  0.212415 1.26522e-08
  0.221217 1.17312e-08
  0.230495 1.07945e-08
  0.240275 9.92629e-09
  0.250584 9.07846e-09
  0.261452 8.31431e-09
  0.272907 7.5966e-09
  0.284982 6.96374e-09
  0.297711 6.39189e-09
  0.311128 5.89692e-09
  0.325272 5.46148e-09
   0.34018 5.08652e-09
  0.355896 4.75795e-09
  0.372462 4.47152e-09
  0.389924 4.21652e-09
  0.408331 3.98682e-09
  0.427734 3.77625e-09
  0.448188 3.58013e-09
  0.469747 3.39438e-09
  0.492474 3.2175e-09
  0.516431 3.04793e-09
  0.541683 2.88471e-09
  0.568302 2.72722e-09
  0.596362 2.57387e-09
   0.62594 2.42054e-09
  0.657119 2.26222e-09
  0.689984 2.09577e-09
  0.724628 1.93491e-09
  0.761147 1.81598e-09
  0.799642 1.78337e-09
   0.84022 1.80966e-09
  0.882994 1.72847e-09
  0.928082 1.32839e-09
   0.97561 5.12123e-10
