     0.004 4.58273e-11
     0.012 8.93623e-11
      0.02 9.94016e-11
     0.028 9.66618e-11
     0.036 9.22654e-11
     0.044 8.89756e-11
     0.052 8.69937e-11
      0.06 8.60642e-11
     0.068 8.59661e-11
     0.076 8.65417e-11
     0.084 8.76534e-11
     0.092 8.90852e-11
       0.1 9.07444e-11
     0.108 9.24267e-11
     0.116 9.40661e-11
     0.124 9.55675e-11
     0.132 9.70808e-11
      0.14 9.74357e-11
     0.148 9.76242e-11
     0.156 9.73499e-11
     0.164 9.64728e-11
     0.172 9.49159e-11
      0.18 9.2578e-11
     0.188 8.93391e-11
     0.196 8.50513e-11
  0.204065 7.95763e-11
  0.212415 7.29148e-11
  0.221217 6.53528e-11
  0.230495 5.74098e-11
  0.240275 4.95352e-11
  0.250584 4.22794e-11
  0.261452 3.61211e-11
  0.272907 3.17321e-11
  0.284982 2.9415e-11
  0.297711 2.92639e-11
  0.311128 3.05736e-11
  0.325272 3.27361e-11
   0.34018 3.49835e-11
  0.355896 3.70593e-11
  0.372462 3.86142e-11
  0.389924 3.96823e-11
  0.408331 4.01466e-11
  0.427734 4.0151e-11
  0.448188 3.96738e-11
  0.469747 3.88765e-11
  0.492474 3.77862e-11
  0.516431 3.65286e-11
  0.541683 3.51421e-11
  0.568302 3.37073e-11
  0.596362 3.22722e-11
   0.62594 3.08864e-11
  0.657119 2.9573e-11
  0.689984 2.83674e-11
  0.724628 2.72942e-11
  0.761147 2.63466e-11
  0.799642 2.55692e-11
   0.84022 2.49238e-11
  0.882994 2.44404e-11
  0.928082 2.41592e-11
   0.97561 2.40088e-11
