     0.004 1.40341e-05
     0.012 4.34192e-05
      0.02 7.3577e-05
     0.028 0.000103459
     0.036 0.000131444
     0.044 0.000156121
     0.052 0.000176495
      0.06 0.000191998
     0.068 0.000202441
     0.076 0.000207935
     0.084 0.000208818
     0.092 0.000205584
       0.1 0.000198818
     0.108 0.000189155
     0.116 0.000177235
     0.124 0.00016368
     0.132 0.000149067
      0.14 0.000133921
     0.148 0.000118697
     0.156 0.000103784
     0.164 8.94998e-05
     0.172 7.60914e-05
      0.18 6.37425e-05
     0.188 5.25764e-05
     0.196 4.26634e-05
  0.204065 3.39715e-05
  0.212415  2.635e-05
  0.221217 1.97639e-05
  0.230495 1.42856e-05
  0.240275 9.94706e-06
  0.250584 6.73563e-06
  0.261452 4.59316e-06
  0.272907 3.41732e-06
  0.284982 3.06681e-06
  0.297711 3.37077e-06
  0.311128 4.14175e-06
  0.325272 5.19168e-06
   0.34018 6.34862e-06
  0.355896 7.47177e-06
  0.372462 8.46197e-06
  0.389924 9.26511e-06
  0.408331  9.868e-06
  0.427734 1.0288e-05
  0.448188 1.05599e-05
  0.469747 1.07234e-05
  0.492474 1.08146e-05
  0.516431 1.08619e-05
  0.541683 1.08844e-05
  0.568302 1.08943e-05
  0.596362 1.08983e-05
   0.62594 1.08998e-05
  0.657119 1.09003e-05
  0.689984 1.09004e-05
  0.724628 1.09005e-05
  0.761147 1.09005e-05
  0.799642 1.09005e-05
   0.84022 1.09004e-05
  0.882994 1.09004e-05
  0.928082 1.09004e-05
   0.97561 1.09004e-05
