     0.004 1.78152e-14
     0.012 1.44482e-14
      0.02 1.14488e-14
     0.028 9.0538e-15
     0.036 7.18214e-15
     0.044 5.69986e-15
     0.052 4.52409e-15
      0.06 3.59816e-15
     0.068 2.8743e-15
     0.076 2.31133e-15
     0.084 1.87479e-15
     0.092 1.53658e-15
       0.1 1.27416e-15
     0.108 1.06978e-15
     0.116 9.09664e-16
     0.124 7.8328e-16
     0.132 6.82649e-16
      0.14 6.01767e-16
     0.148 5.36115e-16
     0.156 4.82293e-16
     0.164 4.37734e-16
     0.172  4.005e-16
      0.18 3.69113e-16
     0.188 3.42438e-16
     0.196 3.19596e-16
  0.204065 2.99743e-16
  0.212415 2.81954e-16
  0.221217 2.65717e-16
  0.230495 2.50875e-16
  0.240275 2.37268e-16
  0.250584 2.24743e-16
  0.261452 2.1316e-16
  0.272907 2.02397e-16
  0.284982 1.92346e-16
  0.297711 1.82918e-16
  0.311128 1.74041e-16
  0.325272 1.65654e-16
   0.34018 1.57709e-16
  0.355896 1.50167e-16
  0.372462 1.42995e-16
  0.389924 1.36167e-16
  0.408331 1.29662e-16
  0.427734 1.23465e-16
  0.448188 1.17564e-16
  0.469747 1.11949e-16
  0.492474 1.06617e-16
  0.516431 1.01564e-16
  0.541683 9.67901e-17
  0.568302 9.22973e-17
  0.596362 8.80898e-17
   0.62594 8.41734e-17
  0.657119 8.05563e-17
  0.689984 7.72482e-17
  0.724628 7.4261e-17
  0.761147 7.16094e-17
  0.799642 6.93111e-17
   0.84022 6.73915e-17
  0.882994 6.58915e-17
  0.928082 6.48623e-17
   0.97561 6.43413e-17
