     0.004 -2.58305e-05
     0.012 -2.88097e-05
      0.02 -2.66119e-05
     0.028 -2.45996e-05
     0.036 -2.26353e-05
     0.044 -2.076e-05
     0.052 -1.8992e-05
      0.06 -1.73363e-05
     0.068 -1.57915e-05
     0.076 -1.43535e-05
     0.084 -1.30175e-05
     0.092 -1.17782e-05
       0.1 -1.06304e-05
     0.108 -9.56939e-06
     0.116 -8.59035e-06
     0.124 -7.68888e-06
     0.132 -6.86074e-06
      0.14 -6.10186e-06
     0.148 -5.40834e-06
     0.156 -4.7764e-06
     0.164 -4.20242e-06
     0.172 -3.68291e-06
      0.18 -3.21452e-06
     0.188 -2.79408e-06
     0.196 -2.41768e-06
  0.204065 -2.08956e-06
  0.212415 -1.80841e-06
  0.221217 -1.54309e-06
  0.230495 -1.29701e-06
  0.240275 -1.07151e-06
  0.250584 -8.67955e-07
  0.261452 -6.87452e-07
  0.272907 -5.30718e-07
  0.284982 -3.9793e-07
  0.297711 -2.88611e-07
  0.311128 -2.01573e-07
  0.325272 -1.3491e-07
   0.34018 -8.60871e-08
  0.355896 -5.21062e-08
  0.372462 -2.97703e-08
  0.389924 -1.5984e-08
  0.408331 -8.03223e-09
  0.427734 -3.76274e-09
  0.448188 -1.63591e-09
  0.469747 -6.56489e-10
  0.492474 -2.41519e-10
  0.516431 -8.07984e-11
  0.541683 -2.43569e-11
  0.568302 -6.55183e-12
  0.596362 -1.55623e-12
   0.62594 -3.22476e-13
  0.657119 -5.72684e-14
  0.689984 -8.37385e-15
  0.724628 -8.62446e-16
  0.761147 1.13173e-17
  0.799642 4.67215e-17
   0.84022 2.38075e-17
  0.882994 1.21488e-17
  0.928082 7.94145e-18
   0.97561 3.4127e-18
