     0.004 -2.37405e-05
     0.012 -2.09347e-05
      0.02 -1.90058e-05
     0.028 -1.804e-05
     0.036 -1.73058e-05
     0.044 -1.66396e-05
     0.052 -1.59884e-05
      0.06 -1.53349e-05
     0.068 -1.46746e-05
     0.076 -1.40087e-05
     0.084 -1.33397e-05
     0.092 -1.26712e-05
       0.1 -1.20062e-05
     0.108 -1.13479e-05
     0.116 -1.0699e-05
     0.124 -1.00619e-05
     0.132 -9.43877e-06
      0.14 -8.8314e-06
     0.148 -8.24146e-06
     0.156 -7.67033e-06
     0.164 -7.11921e-06
     0.172 -6.58908e-06
      0.18 -6.08069e-06
     0.188 -5.59453e-06
     0.196 -5.12877e-06
  0.204065 -4.67464e-06
  0.212415 -4.22225e-06
  0.221217 -3.77534e-06
  0.230495 -3.34252e-06
  0.240275 -2.92703e-06
  0.250584 -2.53189e-06
  0.261452 -2.15996e-06
  0.272907 -1.81396e-06
  0.284982 -1.49642e-06
  0.297711 -1.20955e-06
  0.311128 -9.55179e-07
  0.325272 -7.34525e-07
   0.34018 -5.48019e-07
  0.355896 -3.95104e-07
  0.372462 -2.74101e-07
  0.389924 -1.82175e-07
  0.408331 -1.15485e-07
  0.427734 -6.95211e-08
  0.448188 -3.95703e-08
  0.469747 -2.12018e-08
  0.492474 -1.06455e-08
  0.516431 -4.98522e-09
  0.541683 -2.16624e-09
  0.568302 -8.68389e-10
  0.596362 -3.18754e-10
   0.62594 -1.05803e-10
  0.657119 -3.08094e-11
  0.689984 -7.03814e-12
  0.724628 -4.03143e-13
  0.761147 1.10863e-12
  0.799642 1.27725e-12
   0.84022 1.15865e-12
  0.882994 1.01027e-12
  0.928082 8.69529e-13
   0.97561 3.9964e-13
