     0.004 0.00529794
     0.012 0.00931871
      0.02  0.0121307
     0.028  0.0143847
     0.036  0.0162138
     0.044  0.0176704
     0.052   0.018788
      0.06  0.0195958
     0.068  0.0201217
     0.076  0.0203929
     0.084  0.0204362
     0.092  0.0202773
       0.1  0.0199408
     0.108  0.0194502
     0.116  0.0188274
     0.124  0.0180931
     0.132  0.0172666
      0.14  0.0163659
     0.148  0.0154076
     0.156  0.0144073
     0.164  0.0133791
     0.172  0.0123362
      0.18  0.0112909
     0.188  0.0102544
     0.196 0.00923725
  0.204065 0.00824275
  0.212415 0.00725947
  0.221217 0.00628711
  0.230495 0.00534521
  0.240275 0.00446028
  0.250584 0.00367032
  0.261452  0.0030309
  0.272907 0.00261431
  0.284982 0.00247662
  0.297711 0.00259645
  0.311128 0.00287811
  0.325272 0.00322232
   0.34018 0.00356332
  0.355896 0.00386569
  0.372462 0.00411387
  0.389924 0.00430467
  0.408331 0.00444252
  0.427734 0.00453608
  0.448188 0.00459562
  0.469747 0.00463106
  0.492474 0.00465073
  0.516431 0.00466087
  0.541683 0.00466571
  0.568302 0.00466784
  0.596362 0.00466869
   0.62594 0.00466901
  0.657119 0.00466911
  0.689984 0.00466914
  0.724628 0.00466915
  0.761147 0.00466915
  0.799642 0.00466914
   0.84022 0.00466914
  0.882994 0.00466914
  0.928082 0.00466914
   0.97561 0.00466914
