     0.004 0.00530295
     0.012   0.014689
      0.02  0.0229322
     0.028  0.0306939
     0.036  0.0381238
     0.044  0.0452671
     0.052   0.052136
      0.06  0.0587311
     0.068  0.0650496
     0.076  0.0710887
     0.084  0.0768464
     0.092  0.0823221
       0.1  0.0875168
     0.108  0.0924326
     0.116   0.097073
     0.124   0.101442
     0.132   0.105546
      0.14   0.109391
     0.148   0.112983
     0.156   0.116331
     0.164   0.119442
     0.172   0.122326
      0.18   0.124991
     0.188   0.127447
     0.196   0.129702
  0.204065   0.131782
  0.212415   0.133738
  0.221217   0.135589
  0.230495   0.137325
  0.240275   0.138936
  0.250584   0.140414
  0.261452   0.141752
  0.272907   0.142946
  0.284982   0.143993
  0.297711   0.144894
  0.311128   0.145653
  0.325272   0.146275
   0.34018   0.146772
  0.355896   0.147155
  0.372462    0.14744
  0.389924   0.147643
  0.408331   0.147782
  0.427734   0.147872
  0.448188   0.147927
  0.469747   0.147958
  0.492474   0.147976
  0.516431   0.147984
  0.541683   0.147988
  0.568302    0.14799
  0.596362   0.147991
   0.62594   0.147991
  0.657119   0.147991
  0.689984   0.147991
  0.724628   0.147991
  0.761147   0.147991
  0.799642   0.147991
   0.84022   0.147991
  0.882994   0.147991
  0.928082   0.147991
   0.97561   0.147991
