     0.004 -2.9332e-12
     0.012 3.73373e-12
      0.02 1.81741e-12
     0.028 -1.25885e-12
     0.036 4.57747e-15
     0.044 6.14918e-13
     0.052 2.66731e-13
      0.06 4.04033e-16
     0.068 -1.47483e-13
     0.076 -1.35232e-13
     0.084 5.92835e-14
     0.092 3.7551e-13
       0.1 6.17271e-13
     0.108 6.78476e-13
     0.116 6.35278e-13
     0.124 5.7267e-13
     0.132 4.65794e-13
      0.14 3.53902e-13
     0.148 2.45741e-13
     0.156 1.33101e-13
     0.164 6.10477e-14
     0.172 1.23061e-14
      0.18 -2.42031e-14
     0.188 -3.60349e-14
     0.196 -2.49592e-14
  0.204065 -8.82842e-15
  0.212415 -8.83367e-16
  0.221217 -1.25042e-14
  0.230495 -3.08185e-14
  0.240275 -4.5852e-14
  0.250584 -4.39183e-14
  0.261452 -2.15605e-14
  0.272907 -2.83826e-15
  0.284982 5.50379e-15
  0.297711 5.12232e-15
  0.311128 -3.03511e-15
  0.325272 -1.12767e-14
   0.34018 -7.17967e-15
  0.355896 5.55691e-15
  0.372462 1.54591e-14
  0.389924 2.79249e-14
  0.408331 4.2627e-14
  0.427734  4.451e-14
  0.448188 4.01755e-14
  0.469747 3.96883e-14
  0.492474 3.86457e-14
  0.516431 3.53188e-14
  0.541683 3.2537e-14
  0.568302 3.19642e-14
  0.596362 3.13301e-14
   0.62594 3.07473e-14
  0.657119 3.00327e-14
  0.689984 3.11782e-14
  0.724628 3.02044e-14
  0.761147 2.68907e-14
  0.799642 3.03066e-14
   0.84022 2.4874e-14
  0.882994 1.58627e-14
  0.928082 1.56513e-14
   0.97561 -2.54222e-15
