     0.004 4.05943e-07
     0.012 9.7727e-07
      0.02 8.49649e-07
     0.028 7.02664e-07
     0.036 6.16388e-07
     0.044 5.56703e-07
     0.052 5.06523e-07
      0.06 4.60416e-07
     0.068 4.16854e-07
     0.076 3.76126e-07
     0.084 3.38821e-07
     0.092 3.05204e-07
       0.1 2.75248e-07
     0.108 2.48766e-07
     0.116 2.25431e-07
     0.124 2.04907e-07
     0.132 1.86834e-07
      0.14 1.70942e-07
     0.148 1.56991e-07
     0.156 1.44776e-07
     0.164 1.34083e-07
     0.172 1.24695e-07
      0.18 1.16382e-07
     0.188 1.0894e-07
     0.196 1.02145e-07
  0.204065 9.58361e-08
  0.212415 8.96761e-08
  0.221217 8.3558e-08
  0.230495 7.7521e-08
  0.240275 7.1788e-08
  0.250584 6.63809e-08
  0.261452 6.14397e-08
  0.272907 5.6929e-08
  0.284982 5.28929e-08
  0.297711 4.92516e-08
  0.311128 4.59816e-08
  0.325272 4.30076e-08
   0.34018 4.0302e-08
  0.355896 3.78067e-08
  0.372462 3.54923e-08
  0.389924 3.33173e-08
  0.408331 3.1265e-08
  0.427734 2.93132e-08
  0.448188 2.7452e-08
  0.469747 2.56704e-08
  0.492474 2.39582e-08
  0.516431 2.23027e-08
  0.541683 2.06917e-08
  0.568302 1.91157e-08
  0.596362 1.75661e-08
   0.62594 1.6035e-08
  0.657119 1.45128e-08
  0.689984 1.29926e-08
  0.724628 1.14716e-08
  0.761147 9.95763e-09
  0.799642 8.51807e-09
   0.84022 7.25082e-09
  0.882994 6.00467e-09
  0.928082 4.30668e-09
   0.97561 1.67179e-09
