     0.004 5.52848e-07
     0.012 6.83086e-07
      0.02 6.22629e-07
     0.028 5.11273e-07
     0.036 3.97169e-07
     0.044 3.06493e-07
     0.052 2.47371e-07
      0.06 2.11681e-07
     0.068 1.86974e-07
     0.076 1.66083e-07
     0.084 1.47081e-07
     0.092 1.30072e-07
       0.1 1.15259e-07
     0.108 1.02529e-07
     0.116 9.15828e-08
     0.124 8.21244e-08
     0.132 7.39074e-08
      0.14 6.67472e-08
     0.148 6.04892e-08
     0.156 5.50099e-08
     0.164 5.02016e-08
     0.172 4.59782e-08
      0.18 4.22637e-08
     0.188 3.89969e-08
     0.196 3.61208e-08
  0.204065 3.35665e-08
  0.212415 3.12325e-08
  0.221217 2.90668e-08
  0.230495 2.70589e-08
  0.240275 2.5197e-08
  0.250584 2.34658e-08
  0.261452 2.18529e-08
  0.272907 2.03446e-08
  0.284982 1.89309e-08
  0.297711 1.76002e-08
  0.311128 1.6344e-08
  0.325272 1.51546e-08
   0.34018 1.40274e-08
  0.355896 1.29584e-08
  0.372462 1.19459e-08
  0.389924 1.09882e-08
  0.408331 1.00847e-08
  0.427734 9.23455e-09
  0.448188 8.43698e-09
  0.469747 7.69102e-09
  0.492474 6.99573e-09
  0.516431 6.34994e-09
  0.541683 5.75284e-09
  0.568302 5.20345e-09
  0.596362 4.70077e-09
   0.62594 4.24385e-09
  0.657119 3.83135e-09
  0.689984 3.46008e-09
  0.724628 3.12429e-09
  0.761147 2.81524e-09
  0.799642 2.52452e-09
   0.84022 2.27309e-09
  0.882994 2.15102e-09
  0.928082 2.23963e-09
   0.97561 2.5518e-09
