     0.004 1.48187e-05
     0.012 6.61418e-05
      0.02 0.000122201
     0.028 0.000171551
     0.036 0.000210493
     0.044 0.000238312
     0.052 0.00025564
      0.06 0.00026372
     0.068 0.000264025
     0.076 0.000258059
     0.084 0.000247246
     0.092 0.000232874
       0.1 0.000216068
     0.108 0.000197784
     0.116 0.000178813
     0.124 0.000159793
     0.132 0.000141223
      0.14 0.00012348
     0.148 0.000106834
     0.156 9.14654e-05
     0.164 7.74816e-05
     0.172 6.4929e-05
      0.18 5.38058e-05
     0.188 4.40736e-05
     0.196 3.56668e-05
  0.204065 2.84458e-05
  0.212415 2.21893e-05
  0.221217 1.68097e-05
  0.230495 1.23345e-05
  0.240275 8.76635e-06
  0.250584 6.08196e-06
  0.261452 4.23233e-06
  0.272907 3.14459e-06
  0.284982 2.72534e-06
  0.297711 2.86553e-06
  0.311128 3.44646e-06
  0.325272 4.34657e-06
   0.34018 5.44837e-06
  0.355896 6.64488e-06
  0.372462 7.84495e-06
  0.389924 8.97695e-06
  0.408331 9.99046e-06
  0.427734 1.0856e-05
  0.448188 1.15628e-05
  0.469747 1.21152e-05
  0.492474 1.25283e-05
  0.516431 1.28238e-05
  0.541683 1.30255e-05
  0.568302 1.31568e-05
  0.596362 1.32381e-05
   0.62594 1.32856e-05
  0.657119 1.3312e-05
  0.689984 1.33256e-05
  0.724628 1.33323e-05
  0.761147 1.33353e-05
  0.799642 1.33365e-05
   0.84022 1.3337e-05
  0.882994 1.33372e-05
  0.928082 1.33372e-05
   0.97561 1.33373e-05
