     0.004 5.16718e-19
     0.012 5.29523e-19
      0.02 5.3897e-19
     0.028 5.36366e-19
     0.036 5.23126e-19
     0.044 5.07089e-19
     0.052 4.93005e-19
      0.06 4.82784e-19
     0.068 4.75917e-19
     0.076 4.69919e-19
     0.084 4.61108e-19
     0.092 4.4671e-19
       0.1 4.25232e-19
     0.108 3.96998e-19
     0.116 3.63555e-19
     0.124 3.27244e-19
     0.132 2.90306e-19
      0.14 2.54825e-19
     0.148 2.22372e-19
     0.156 1.93941e-19
     0.164  1.699e-19
     0.172 1.50219e-19
      0.18 1.34565e-19
     0.188 1.22436e-19
     0.196  1.132e-19
  0.204065 1.06155e-19
  0.212415 1.00562e-19
  0.221217 9.59231e-20
  0.230495 9.18079e-20
  0.240275 8.78608e-20
  0.250584 8.38695e-20
  0.261452 7.97799e-20
  0.272907 7.5643e-20
  0.284982 7.16151e-20
  0.297711 6.7851e-20
  0.311128 6.45125e-20
  0.325272 6.17125e-20
   0.34018 5.95307e-20
  0.355896 5.79928e-20
  0.372462 5.7085e-20
  0.389924 5.67707e-20
  0.408331 5.6997e-20
  0.427734 5.77098e-20
  0.448188 5.88583e-20
  0.469747 6.03931e-20
  0.492474 6.22772e-20
  0.516431 6.44693e-20
  0.541683 6.69326e-20
  0.568302 6.96395e-20
  0.596362 7.25598e-20
   0.62594 7.56677e-20
  0.657119 7.89305e-20
  0.689984 8.23065e-20
  0.724628 8.57284e-20
  0.761147 8.91043e-20
  0.799642 9.23938e-20
   0.84022 9.56701e-20
  0.882994 9.90505e-20
  0.928082 1.02424e-19
   0.97561 1.04998e-19
