     0.004 0.00544403
     0.012  0.0115015
      0.02  0.0156334
     0.028   0.018523
     0.036  0.0205179
     0.044  0.0218317
     0.052  0.0226115
      0.06  0.0229661
     0.068  0.0229794
     0.076  0.0227182
     0.084  0.0222372
     0.092  0.0215812
       0.1  0.0207879
     0.108  0.0198889
     0.116   0.018911
     0.124   0.017877
     0.132  0.0168062
      0.14   0.015715
     0.148  0.0146174
     0.156  0.0135252
     0.164  0.0124484
     0.172  0.0113955
      0.18  0.0103736
     0.188 0.00938868
     0.196 0.00844592
  0.204065 0.00754266
  0.212415 0.00666173
  0.221217 0.00579823
  0.230495 0.00496679
  0.240275 0.00418721
  0.250584 0.00348768
  0.261452 0.00290941
  0.272907 0.00250782
  0.284982 0.00233467
  0.297711 0.00239396
  0.311128 0.00262544
  0.325272 0.00294841
   0.34018 0.00330102
  0.355896 0.00364551
  0.372462 0.00396105
  0.389924  0.0042372
  0.408331    0.00447
  0.427734 0.00465962
  0.448188 0.00480891
  0.469747 0.00492243
  0.492474 0.00500566
  0.516431 0.00506434
  0.541683 0.00510403
  0.568302 0.00512969
  0.596362 0.00514549
   0.62594 0.00515474
  0.657119 0.00515984
  0.689984 0.00516249
  0.724628 0.00516378
  0.761147 0.00516436
  0.799642  0.0051646
   0.84022  0.0051647
  0.882994 0.00516473
  0.928082 0.00516474
   0.97561 0.00516474
