     0.004 0.00533651
     0.012  0.0154301
      0.02  0.0249415
     0.028  0.0338927
     0.036  0.0423069
     0.044  0.0502071
     0.052  0.0576158
      0.06  0.0645554
     0.068  0.0710476
     0.076  0.0771138
     0.084  0.0827748
     0.092  0.0880512
       0.1  0.0929627
     0.108  0.0975287
     0.116   0.101768
     0.124   0.105699
     0.132   0.109339
      0.14   0.112705
     0.148   0.115813
     0.156    0.11868
     0.164    0.12132
     0.172   0.123748
      0.18   0.125978
     0.188   0.128023
     0.196   0.129896
  0.204065   0.131622
  0.212415   0.133252
  0.221217   0.134808
  0.230495   0.136283
  0.240275    0.13767
  0.250584   0.138964
  0.261452    0.14016
  0.272907   0.141253
  0.284982   0.142243
  0.297711   0.143128
  0.311128    0.14391
  0.325272    0.14459
   0.34018   0.145173
  0.355896   0.145664
  0.372462    0.14607
  0.389924     0.1464
  0.408331   0.146661
  0.427734   0.146864
  0.448188   0.147016
  0.469747   0.147128
  0.492474   0.147207
  0.516431   0.147261
  0.541683   0.147297
  0.568302    0.14732
  0.596362   0.147333
   0.62594   0.147341
  0.657119   0.147345
  0.689984   0.147348
  0.724628   0.147349
  0.761147   0.147349
  0.799642   0.147349
   0.84022   0.147349
  0.882994   0.147349
  0.928082   0.147349
   0.97561   0.147349
