     0.004 -1.53424e-15
     0.012 -5.00494e-15
      0.02 2.09821e-14
     0.028 4.92258e-14
     0.036 1.73413e-14
     0.044 -4.77823e-14
     0.052 -8.05516e-14
      0.06 -4.02999e-14
     0.068 3.4867e-14
     0.076 6.11269e-14
     0.084 4.81412e-14
     0.092 3.57089e-14
       0.1 2.48464e-14
     0.108 1.71229e-14
     0.116 8.75264e-15
     0.124 -4.33163e-16
     0.132 -4.86717e-15
      0.14 -4.85166e-15
     0.148 -7.4284e-15
     0.156 -1.19278e-14
     0.164 -1.18517e-14
     0.172 -8.57361e-15
      0.18 -4.86899e-15
     0.188 -2.5189e-15
     0.196 -3.5975e-15
  0.204065 -4.10769e-15
  0.212415 -1.97896e-15
  0.221217 -2.02418e-15
  0.230495 -3.67116e-15
  0.240275 -1.74838e-15
  0.250584 -5.08995e-16
  0.261452 -2.48945e-15
  0.272907 -4.19753e-15
  0.284982 -3.78335e-15
  0.297711 -3.38894e-15
  0.311128 -3.23892e-15
  0.325272 -2.83621e-15
   0.34018 -2.23943e-15
  0.355896 -1.85266e-15
  0.372462 -2.18955e-16
  0.389924 3.14297e-16
  0.408331 7.53597e-17
  0.427734 7.49662e-16
  0.448188 1.86835e-15
  0.469747 2.04515e-15
  0.492474 2.60412e-15
  0.516431 2.8206e-15
  0.541683 2.68036e-15
  0.568302 2.15497e-15
  0.596362 1.70623e-15
   0.62594 2.66924e-16
  0.657119 -5.60576e-16
  0.689984 -2.89817e-17
  0.724628 -1.96331e-16
  0.761147 -4.05379e-16
  0.799642 -1.5184e-16
   0.84022 7.53765e-16
  0.882994 -1.65862e-15
  0.928082 3.48613e-16
   0.97561 1.94571e-15
