     0.004 8.27762e-10
     0.012 3.58841e-09
      0.02 7.83581e-09
     0.028 1.18786e-08
     0.036 1.4181e-08
     0.044 1.48218e-08
     0.052 1.42707e-08
      0.06 1.32175e-08
     0.068 1.22404e-08
     0.076 1.20249e-08
     0.084 1.26853e-08
     0.092 1.39195e-08
       0.1 1.5257e-08
     0.108 1.63871e-08
     0.116 1.7148e-08
     0.124 1.75183e-08
     0.132 1.74868e-08
      0.14 1.71626e-08
     0.148 1.65688e-08
     0.156 1.5826e-08
     0.164 1.49218e-08
     0.172 1.39785e-08
      0.18 1.29731e-08
     0.188 1.19955e-08
     0.196 1.09954e-08
  0.204065 1.00987e-08
  0.212415 9.2356e-09
  0.221217 8.40845e-09
  0.230495 7.56629e-09
  0.240275 6.81251e-09
  0.250584 6.10099e-09
  0.261452 5.49601e-09
  0.272907 4.95569e-09
  0.284982 4.51784e-09
  0.297711 4.14941e-09
  0.311128 3.86686e-09
  0.325272 3.6328e-09
   0.34018 3.45016e-09
  0.355896 3.27967e-09
  0.372462 3.12441e-09
  0.389924 2.95627e-09
  0.408331 2.78461e-09
  0.427734 2.59828e-09
  0.448188 2.41023e-09
  0.469747 2.22058e-09
  0.492474 2.04066e-09
  0.516431 1.8739e-09
  0.541683 1.72489e-09
  0.568302 1.59379e-09
  0.596362 1.4784e-09
   0.62594 1.37376e-09
  0.657119 1.27383e-09
  0.689984 1.1742e-09
  0.724628 1.08014e-09
  0.761147 1.01003e-09
  0.799642 9.87499e-10
   0.84022 9.97808e-10
  0.882994 9.50444e-10
  0.928082 7.29411e-10
   0.97561 2.81042e-10
