     0.004 2.70627e-11
     0.012 5.54787e-11
      0.02 6.62211e-11
     0.028 7.0702e-11
     0.036 7.4728e-11
     0.044 7.93009e-11
     0.052 8.41893e-11
      0.06 8.90568e-11
     0.068 9.37031e-11
     0.076 9.80031e-11
     0.084 1.01883e-10
     0.092 1.05264e-10
       0.1 1.08122e-10
     0.108 1.10401e-10
     0.116 1.12093e-10
     0.124 1.13179e-10
     0.132 1.13718e-10
      0.14 1.13393e-10
     0.148 1.12491e-10
     0.156 1.10928e-10
     0.164 1.08677e-10
     0.172 1.05717e-10
      0.18 1.02026e-10
     0.188 9.75699e-11
     0.196 9.23205e-11
  0.204065 8.62441e-11
  0.212415  7.934e-11
  0.221217 7.18022e-11
  0.230495 6.4025e-11
  0.240275 5.64051e-11
  0.250584 4.94073e-11
  0.261452 4.34938e-11
  0.272907 3.91809e-11
  0.284982 3.67662e-11
  0.297711 3.62887e-11
  0.311128 3.73114e-11
  0.325272 3.92732e-11
   0.34018 4.15756e-11
  0.355896 4.3828e-11
  0.372462 4.5729e-11
  0.389924 4.71473e-11
  0.408331 4.79824e-11
  0.427734 4.82379e-11
  0.448188 4.79148e-11
  0.469747 4.70769e-11
  0.492474 4.57763e-11
  0.516431 4.4101e-11
  0.541683 4.21303e-11
  0.568302 3.99544e-11
  0.596362 3.76638e-11
   0.62594 3.53376e-11
  0.657119 3.30538e-11
  0.689984 3.08762e-11
  0.724628 2.88643e-11
  0.761147 2.70506e-11
  0.799642 2.54873e-11
   0.84022 2.41797e-11
  0.882994 2.31583e-11
  0.928082 2.24428e-11
   0.97561 2.20074e-11
