0.00181818 4.59341e-06
0.00545455 2.55353e-05
0.00909091 5.32098e-05
 0.0127273 8.24061e-05
 0.0163636 0.000110668
      0.02 0.000136704
 0.0236364 0.000159829
 0.0272727 0.000179715
 0.0309091 0.000196257
 0.0345455 0.000209496
 0.0381818 0.000219568
 0.0418182 0.000226668
 0.0454545 0.000231029
 0.0490909 0.000232902
 0.0527273 0.000232547
 0.0563636 0.000230225
      0.06 0.00022619
 0.0636364 0.000220687
 0.0672727 0.000213946
 0.0709091 0.000206185
 0.0745455 0.000197603
 0.0781818 0.000188385
 0.0818182 0.000178698
 0.0854545 0.000168693
 0.0890909 0.000158506
 0.0927273 0.000148256
 0.0963636 0.000138049
       0.1 0.000127976
  0.103636 0.000118116
  0.107273 0.000108535
  0.110909 9.92894e-05
  0.114545 9.04242e-05
  0.118182 8.19756e-05
  0.121818 7.39715e-05
  0.125455 6.64322e-05
  0.129091 5.93712e-05
  0.132727 5.27961e-05
  0.136364 4.6709e-05
      0.14 4.11076e-05
  0.143636 3.59854e-05
  0.147273 3.13328e-05
  0.150909 2.71371e-05
  0.154545 2.3383e-05
  0.158182 2.00536e-05
  0.161818 1.71304e-05
  0.165455 1.45934e-05
  0.169091 1.2422e-05
  0.172727 1.0595e-05
  0.176364 9.09081e-06
      0.18 7.88781e-06
  0.183636 6.96443e-06
  0.187273 6.29941e-06
  0.190909 5.8719e-06
  0.194545 5.66158e-06
  0.198182 5.64881e-06
  0.202594 5.8759e-06
  0.207869 6.4444e-06
  0.213323 7.3247e-06
   0.21896 8.49232e-06
  0.224788 9.91925e-06
  0.230812 1.15744e-05
   0.23704 1.34242e-05
  0.243477 1.54332e-05
  0.250132 1.75648e-05
  0.257011 1.97817e-05
  0.264122 2.20474e-05
  0.271474 2.43261e-05
  0.279073 2.65843e-05
  0.286929 2.87908e-05
  0.295049 3.09179e-05
  0.303444 3.29416e-05
  0.312122 3.48419e-05
  0.321093 3.66034e-05
  0.330366 3.82151e-05
  0.339952 3.96707e-05
  0.349862 4.09677e-05
  0.360105 4.21078e-05
  0.370695 4.3096e-05
  0.381642 4.39401e-05
  0.392958  4.465e-05
  0.404655 4.52372e-05
  0.416748 4.57141e-05
  0.429248 4.6093e-05
  0.442171 4.63857e-05
  0.455529 4.66029e-05
  0.469338 4.67531e-05
  0.483612 4.68421e-05
  0.498368 4.68723e-05
  0.513623 4.68407e-05
  0.529391 4.67378e-05
  0.545692 4.65451e-05
  0.562543 4.62311e-05
  0.579962 4.5747e-05
  0.597969 4.50196e-05
  0.616583 4.3944e-05
  0.635825 4.23743e-05
  0.655717 4.01184e-05
   0.67628 3.69428e-05
  0.697536 3.26033e-05
  0.719509 2.69327e-05
  0.742224 2.00329e-05
  0.765705 1.26419e-05
  0.789979 6.73999e-06
  0.815071 6.37473e-06
   0.84101 1.8368e-05
  0.867824 5.17841e-05
  0.895542 0.000113446
  0.924196 0.000194472
  0.953816 0.000242801
  0.984436 0.000143103
