0.00181818 2.43678e-17
0.00545455 2.43301e-17
0.00909091 2.43057e-17
 0.0127273 2.42832e-17
 0.0163636 2.42496e-17
      0.02 2.41956e-17
 0.0236364 2.41145e-17
 0.0272727 2.40028e-17
 0.0309091 2.38601e-17
 0.0345455 2.36897e-17
 0.0381818 2.34978e-17
 0.0418182 2.32921e-17
 0.0454545 2.30802e-17
 0.0490909 2.2869e-17
 0.0527273 2.2664e-17
 0.0563636 2.2469e-17
      0.06 2.22867e-17
 0.0636364 2.21181e-17
 0.0672727 2.1963e-17
 0.0709091 2.18201e-17
 0.0745455 2.16874e-17
 0.0781818 2.15622e-17
 0.0818182 2.1441e-17
 0.0854545 2.13203e-17
 0.0890909 2.11967e-17
 0.0927273 2.10669e-17
 0.0963636 2.09278e-17
       0.1 2.07769e-17
  0.103636 2.06122e-17
  0.107273 2.04326e-17
  0.110909 2.02375e-17
  0.114545 2.00267e-17
  0.118182 1.9801e-17
  0.121818 1.95616e-17
  0.125455 1.93101e-17
  0.129091 1.90484e-17
  0.132727 1.87788e-17
  0.136364 1.85037e-17
      0.14 1.82253e-17
  0.143636 1.79463e-17
  0.147273 1.76687e-17
  0.150909 1.73947e-17
  0.154545 1.71263e-17
  0.158182 1.68651e-17
  0.161818 1.66126e-17
  0.165455 1.63699e-17
  0.169091 1.61382e-17
  0.172727 1.59184e-17
  0.176364 1.57112e-17
      0.18 1.55173e-17
  0.183636 1.53375e-17
  0.187273 1.51726e-17
  0.190909 1.50241e-17
  0.194545 1.48922e-17
  0.198182 1.47676e-17
  0.202594 1.45901e-17
  0.207869 1.43596e-17
  0.213323 1.41467e-17
   0.21896 1.39533e-17
  0.224788 1.37771e-17
  0.230812 1.36159e-17
   0.23704 1.3468e-17
  0.243477 1.33319e-17
  0.250132 1.32059e-17
  0.257011 1.30885e-17
  0.264122 1.2978e-17
  0.271474 1.28733e-17
  0.279073 1.27733e-17
  0.286929 1.26771e-17
  0.295049 1.25839e-17
  0.303444 1.24935e-17
  0.312122 1.24053e-17
  0.321093 1.23194e-17
  0.330366 1.22356e-17
  0.339952 1.2154e-17
  0.349862 1.20747e-17
  0.360105 1.19978e-17
  0.370695 1.19235e-17
  0.381642 1.18519e-17
  0.392958 1.17831e-17
  0.404655 1.17173e-17
  0.416748 1.16546e-17
  0.429248 1.15949e-17
  0.442171 1.15383e-17
  0.455529 1.14846e-17
  0.469338 1.14338e-17
  0.483612 1.13857e-17
  0.498368 1.13401e-17
  0.513623 1.12967e-17
  0.529391 1.12552e-17
  0.545692 1.12149e-17
  0.562543 1.11753e-17
  0.579962 1.11357e-17
  0.597969 1.10952e-17
  0.616583 1.10532e-17
  0.635825 1.1009e-17
  0.655717 1.09627e-17
   0.67628 1.0915e-17
  0.697536 1.08679e-17
  0.719509 1.08244e-17
  0.742224 1.07885e-17
  0.765705 1.07667e-17
  0.789979 1.07694e-17
  0.815071 1.08053e-17
   0.84101 1.08934e-17
  0.867824 1.10713e-17
  0.895542 1.12873e-17
  0.924196 1.15568e-17
  0.953816 1.21192e-17
  0.984436 1.19598e-17
