0.00181818 -4.04998e-23
0.00545455 -6.19433e-23
0.00909091 -9.4117e-23
 0.0127273 -1.07982e-22
 0.0163636 -1.24533e-22
      0.02 -1.53831e-22
 0.0236364 -2.03543e-22
 0.0272727 -2.8607e-22
 0.0309091 -3.9374e-22
 0.0345455 -5.11231e-22
 0.0381818 -6.50362e-22
 0.0418182 -8.51335e-22
 0.0454545 -1.1757e-21
 0.0490909 -1.67504e-21
 0.0527273 -2.42793e-21
 0.0563636 -3.35562e-21
      0.06 -3.08077e-21
 0.0636364 -1.77444e-21
 0.0672727 -1.21448e-21
 0.0709091 -1.01237e-21
 0.0745455 -8.80608e-22
 0.0781818 -7.60181e-22
 0.0818182 -6.65468e-22
 0.0854545 -6.01663e-22
 0.0890909 -5.55174e-22
 0.0927273 -5.23393e-22
 0.0963636 -5.05776e-22
       0.1 -5.00804e-22
  0.103636 -5.07381e-22
  0.107273 -5.25901e-22
  0.110909 -5.55126e-22
  0.114545 -5.93708e-22
  0.118182 -6.4254e-22
  0.121818 -7.00776e-22
  0.125455 -7.67985e-22
  0.129091 -8.42575e-22
  0.132727 -9.234e-22
  0.136364 -1.00834e-21
      0.14 -1.09631e-21
  0.143636 -1.18525e-21
  0.147273 -1.27259e-21
  0.150909 -1.35599e-21
  0.154545 -1.43366e-21
  0.158182 -1.50529e-21
  0.161818 -1.5661e-21
  0.165455 -1.61501e-21
  0.169091 -1.64972e-21
  0.172727 -1.66924e-21
  0.176364 -1.66349e-21
      0.18 -1.61107e-21
  0.183636 -1.49021e-21
  0.187273 -1.31332e-21
  0.190909 -1.09114e-21
  0.194545 -9.26831e-22
  0.198182 -1.62676e-21
  0.202594 -2.36712e-21
  0.207869 -1.67442e-21
  0.213323 -1.64082e-21
   0.21896 -1.40936e-21
  0.224788 -1.15128e-21
  0.230812 -9.18109e-22
   0.23704 -7.20163e-22
  0.243477 -5.53807e-22
  0.250132 -4.18126e-22
  0.257011 -3.11426e-22
  0.264122 -2.30199e-22
  0.271474 -1.70251e-22
  0.279073 -1.27603e-22
  0.286929 -9.76061e-23
  0.295049 -7.76111e-23
  0.303444 -6.50061e-23
  0.312122 -5.90452e-23
  0.321093 -5.71511e-23
  0.330366 -5.72957e-23
  0.339952 -5.60063e-23
  0.349862 -5.07866e-23
  0.360105 -3.97203e-23
  0.370695 -2.58465e-23
  0.381642 -1.4566e-23
  0.392958 -7.47199e-24
  0.404655 -3.52543e-24
  0.416748 -1.52113e-24
  0.429248 -5.89394e-25
  0.442171 -1.97691e-25
  0.455529 -5.31013e-26
  0.469338 -9.41677e-27
  0.483612 -5.77723e-28
  0.498368 2.85212e-35
  0.513623 6.16919e-28
  0.529391 1.29639e-26
  0.545692 9.41257e-26
  0.562543 4.67476e-25
  0.579962 1.93979e-24
  0.597969 7.24039e-24
  0.616583 2.48888e-23
  0.635825 7.39197e-23
  0.655717 1.42913e-22
   0.67628 1.94598e-22
  0.697536 2.36012e-22
  0.719509 2.81694e-22
  0.742224 3.52612e-22
  0.765705 4.84794e-22
  0.789979 7.98234e-22
  0.815071 1.98582e-21
   0.84101 1.44455e-21
  0.867824 1.02577e-21
  0.895542 8.86912e-22
  0.924196 3.8143e-21
  0.953816 9.97162e-22
  0.984436 1.23137e-22
