0.00181818 -3.21583e-05
0.00545455 -3.12275e-05
0.00909091 -3.02448e-05
 0.0127273 -2.92702e-05
 0.0163636 -2.8315e-05
      0.02 -2.73816e-05
 0.0236364 -2.64701e-05
 0.0272727 -2.55805e-05
 0.0309091 -2.47125e-05
 0.0345455 -2.38659e-05
 0.0381818 -2.30406e-05
 0.0418182 -2.22361e-05
 0.0454545 -2.14524e-05
 0.0490909 -2.06892e-05
 0.0527273 -1.99461e-05
 0.0563636 -1.9223e-05
      0.06 -1.85196e-05
 0.0636364 -1.78356e-05
 0.0672727 -1.71707e-05
 0.0709091 -1.65246e-05
 0.0745455 -1.58971e-05
 0.0781818 -1.52878e-05
 0.0818182 -1.46966e-05
 0.0854545 -1.41229e-05
 0.0890909 -1.35667e-05
 0.0927273 -1.30275e-05
 0.0963636 -1.2505e-05
       0.1 -1.1999e-05
  0.103636 -1.15091e-05
  0.107273 -1.10351e-05
  0.110909 -1.05764e-05
  0.114545 -1.0133e-05
  0.118182 -9.70441e-06
  0.121818 -9.29033e-06
  0.125455 -8.89046e-06
  0.129091 -8.50447e-06
  0.132727 -8.13204e-06
  0.136364 -7.77285e-06
      0.14 -7.42657e-06
  0.143636 -7.09289e-06
  0.147273 -6.77149e-06
  0.150909 -6.46206e-06
  0.154545 -6.16428e-06
  0.158182 -5.87784e-06
  0.161818 -5.60243e-06
  0.165455 -5.33775e-06
  0.169091 -5.08349e-06
  0.172727 -4.83935e-06
  0.176364 -4.60503e-06
      0.18 -4.38026e-06
  0.183636 -4.16472e-06
  0.187273 -3.95814e-06
  0.190909 -3.76024e-06
  0.194545 -3.57075e-06
  0.198182 -3.38935e-06
  0.202594 -3.18069e-06
  0.207869 -2.94458e-06
  0.213323 -2.7163e-06
   0.21896 -2.49634e-06
  0.224788 -2.28515e-06
  0.230812 -2.08313e-06
   0.23704 -1.89065e-06
  0.243477 -1.70802e-06
  0.250132 -1.53549e-06
  0.257011 -1.37328e-06
  0.264122 -1.22152e-06
  0.271474 -1.08028e-06
  0.279073 -9.49564e-07
  0.286929 -8.29301e-07
  0.295049 -7.19347e-07
  0.303444 -6.19483e-07
  0.312122 -5.29419e-07
  0.321093 -4.48799e-07
  0.330366 -3.77202e-07
  0.339952 -3.14147e-07
  0.349862 -2.59107e-07
  0.360105 -2.11509e-07
  0.370695 -1.70749e-07
  0.381642 -1.36199e-07
  0.392958 -1.07219e-07
  0.404655 -8.31634e-08
  0.416748 -6.33909e-08
  0.429248 -4.72699e-08
  0.442171 -3.41809e-08
  0.455529 -2.35148e-08
  0.469338 -1.46646e-08
  0.483612 -7.00829e-09
  0.498368 1.20773e-10
  0.513623 7.4802e-09
  0.529391 1.59897e-08
  0.545692 2.68365e-08
  0.562543 4.16307e-08
  0.579962 6.26307e-08
  0.597969 9.30694e-08
  0.616583 1.3762e-07
  0.635825 2.03059e-07
  0.655717 2.99193e-07
   0.67628 4.40132e-07
  0.697536 6.46028e-07
  0.719509 9.45351e-07
  0.742224 1.37783e-06
  0.765705 1.99806e-06
  0.789979 2.87983e-06
  0.815071 4.1208e-06
   0.84101 5.84734e-06
  0.867824 8.21867e-06
  0.895542 1.14295e-05
  0.924196 1.57099e-05
  0.953816 2.13216e-05
  0.984436 2.85336e-05
