0.00181818 0.00303098
0.00545455 0.00714638
0.00909091   0.010316
 0.0127273  0.0128379
 0.0163636  0.0148774
      0.02  0.0165351
 0.0236364   0.017879
 0.0272727  0.0189586
 0.0309091  0.0198119
 0.0345455  0.0204693
 0.0381818  0.0209556
 0.0418182  0.0212917
 0.0454545  0.0214955
 0.0490909  0.0215825
 0.0527273   0.021566
 0.0563636  0.0214581
      0.06  0.0212692
 0.0636364  0.0210089
 0.0672727  0.0206856
 0.0709091  0.0203069
 0.0745455  0.0198798
 0.0781818  0.0194106
 0.0818182  0.0189049
 0.0854545  0.0183681
 0.0890909  0.0178048
 0.0927273  0.0172196
 0.0963636  0.0166162
       0.1  0.0159985
  0.103636  0.0153698
  0.107273  0.0147333
  0.110909  0.0140918
  0.114545   0.013448
  0.118182  0.0128043
  0.121818  0.0121632
  0.125455  0.0115267
  0.129091  0.0108969
  0.132727  0.0102758
  0.136364  0.0096653
      0.14 0.00906726
  0.143636 0.00848357
  0.147273 0.00791617
  0.150909  0.0073671
  0.154545 0.00683857
  0.158182 0.00633303
  0.161818 0.00585326
  0.165455 0.00540247
  0.169091 0.00498437
  0.172727 0.00460326
  0.176364 0.00426399
      0.18 0.00397185
  0.183636 0.00373214
  0.187273 0.00354948
  0.190909 0.00342692
  0.194545 0.00336499
  0.198182 0.00336119
  0.202594 0.00342809
  0.207869  0.0035901
  0.213323 0.00382745
   0.21896 0.00412124
  0.224788 0.00445404
  0.230812 0.00481133
   0.23704 0.00518155
  0.243477 0.00555576
  0.250132 0.00592702
  0.257011 0.00628995
  0.264122 0.00664038
  0.271474 0.00697511
  0.279073 0.00729168
  0.286929 0.00758826
  0.295049 0.00786358
  0.303444 0.00811684
  0.312122 0.00834768
  0.321093 0.00855609
  0.330366 0.00874244
  0.339952 0.00890737
  0.349862 0.00905182
  0.360105 0.00917691
  0.370695 0.00928397
  0.381642 0.00937444
  0.392958 0.00944987
  0.404655 0.00951181
  0.416748 0.00956181
  0.429248 0.00960135
  0.442171 0.00963179
  0.455529 0.00965431
  0.469338 0.00966986
  0.483612 0.00967906
  0.498368 0.00968218
  0.513623 0.00967891
  0.529391 0.00966828
  0.545692 0.00964833
  0.562543 0.00961573
  0.579962 0.00956525
  0.597969  0.0094889
  0.616583 0.00937486
  0.635825  0.0092059
  0.655717  0.0089575
   0.67628 0.00859567
  0.697536 0.00807506
  0.719509  0.0073393
  0.742224 0.00632976
  0.765705 0.00502829
  0.789979 0.00367151
  0.815071 0.00357064
   0.84101 0.00606103
  0.867824  0.0101768
  0.895542   0.015063
  0.924196  0.0197217
  0.953816  0.0220364
  0.984436  0.0169176
