0.00181818 0.00311945
0.00545455 0.00918995
0.00909091  0.0150726
 0.0127273  0.0207669
 0.0163636  0.0262764
      0.02  0.0316052
 0.0236364  0.0367574
 0.0272727  0.0417373
 0.0309091   0.046549
 0.0345455  0.0511966
 0.0381818  0.0556843
 0.0418182   0.060016
 0.0454545  0.0641957
 0.0490909  0.0682274
 0.0527273   0.072115
 0.0563636  0.0758623
      0.06  0.0794731
 0.0636364  0.0829512
 0.0672727  0.0863001
 0.0709091  0.0895237
 0.0745455  0.0926253
 0.0781818  0.0956087
 0.0818182  0.0984771
 0.0854545   0.101234
 0.0890909   0.103883
 0.0927273   0.106427
 0.0963636    0.10887
       0.1   0.111214
  0.103636   0.113463
  0.107273   0.115619
  0.110909   0.117687
  0.114545   0.119668
  0.118182   0.121565
  0.121818   0.123382
  0.125455   0.125121
  0.129091   0.126785
  0.132727   0.128377
  0.136364   0.129898
      0.14   0.131352
  0.143636   0.132741
  0.147273   0.134067
  0.150909   0.135333
  0.154545    0.13654
  0.158182   0.137692
  0.161818    0.13879
  0.165455   0.139837
  0.169091   0.140833
  0.172727   0.141783
  0.176364   0.142686
      0.18   0.143545
  0.183636   0.144363
  0.187273   0.145139
  0.190909   0.145878
  0.194545   0.146579
  0.198182   0.147244
  0.202594   0.148011
  0.207869   0.148861
  0.213323   0.149672
   0.21896   0.150445
  0.224788   0.151178
  0.230812   0.151869
   0.23704    0.15252
  0.243477   0.153129
  0.250132   0.153696
  0.257011   0.154221
  0.264122   0.154706
  0.271474    0.15515
  0.279073   0.155555
  0.286929   0.155922
  0.295049   0.156252
  0.303444   0.156546
  0.312122   0.156808
  0.321093   0.157038
  0.330366   0.157238
  0.339952   0.157411
  0.349862    0.15756
  0.360105   0.157686
  0.370695   0.157791
  0.381642   0.157879
  0.392958   0.157951
  0.404655   0.158009
  0.416748   0.158055
  0.429248    0.15809
  0.442171   0.158118
  0.455529   0.158138
  0.469338   0.158151
  0.483612   0.158159
  0.498368   0.158162
  0.513623   0.158159
  0.529391   0.158149
  0.545692   0.158132
  0.562543   0.158102
  0.579962   0.158056
  0.597969   0.157985
  0.616583   0.157876
  0.635825    0.15771
  0.655717   0.157457
   0.67628   0.157071
  0.697536   0.156485
  0.719509   0.155597
  0.742224   0.154255
  0.765705   0.152236
  0.789979   0.149218
  0.815071   0.144732
   0.84101   0.138117
  0.867824   0.128451
  0.895542   0.114464
  0.924196  0.0944492
  0.953816  0.0661565
  0.984436  0.0266816
