0.00181818 7.40077e-10
0.00545455 3.37423e-09
0.00909091 7.34155e-09
 0.0127273 1.20331e-08
 0.0163636 1.70954e-08
      0.02 2.23312e-08
 0.0236364 2.75765e-08
 0.0272727 3.26677e-08
 0.0309091 3.7391e-08
 0.0345455 4.15553e-08
 0.0381818 4.5008e-08
 0.0418182 4.7692e-08
 0.0454545 4.96079e-08
 0.0490909 5.08313e-08
 0.0527273 5.14477e-08
 0.0563636 5.15764e-08
      0.06 5.13124e-08
 0.0636364 5.07746e-08
 0.0672727 5.00457e-08
 0.0709091 4.92266e-08
 0.0745455 4.83782e-08
 0.0781818 4.75822e-08
 0.0818182 4.68789e-08
 0.0854545 4.6321e-08
 0.0890909 4.59217e-08
 0.0927273 4.57044e-08
 0.0963636 4.56577e-08
       0.1 4.57757e-08
  0.103636 4.60281e-08
  0.107273 4.63918e-08
  0.110909 4.68297e-08
  0.114545 4.73122e-08
  0.118182 4.7804e-08
  0.121818 4.82795e-08
  0.125455 4.87111e-08
  0.129091 4.90805e-08
  0.132727 4.9368e-08
  0.136364 4.95653e-08
      0.14 4.96612e-08
  0.143636 4.96558e-08
  0.147273 4.95422e-08
  0.150909 4.93296e-08
  0.154545 4.90165e-08
  0.158182 4.86175e-08
  0.161818 4.81319e-08
  0.165455 4.75813e-08
  0.169091 4.69685e-08
  0.172727 4.63188e-08
  0.176364 4.56323e-08
      0.18 4.49424e-08
  0.183636 4.42524e-08
  0.187273 4.35979e-08
  0.190909 4.29787e-08
  0.194545 4.23934e-08
  0.198182 4.17703e-08
  0.202594 4.15528e-08
  0.207869 3.98921e-08
  0.213323 3.84237e-08
   0.21896 3.70461e-08
  0.224788 3.57421e-08
  0.230812 3.44652e-08
   0.23704 3.3221e-08
  0.243477 3.20074e-08
  0.250132 3.08362e-08
  0.257011 2.9704e-08
  0.264122 2.86171e-08
  0.271474 2.75679e-08
  0.279073 2.65626e-08
  0.286929 2.55918e-08
  0.295049 2.46604e-08
  0.303444 2.37591e-08
  0.312122 2.28916e-08
  0.321093 2.20516e-08
  0.330366 2.1241e-08
  0.339952 2.04558e-08
  0.349862 1.96954e-08
  0.360105 1.89574e-08
  0.370695 1.82406e-08
  0.381642 1.75442e-08
  0.392958 1.68669e-08
  0.404655 1.62088e-08
  0.416748 1.55697e-08
  0.429248 1.49509e-08
  0.442171 1.43537e-08
  0.455529 1.37816e-08
  0.469338 1.32395e-08
  0.483612 1.27344e-08
  0.498368 1.2275e-08
  0.513623 1.18708e-08
  0.529391 1.15322e-08
  0.545692 1.12677e-08
  0.562543 1.10838e-08
  0.579962 1.09846e-08
  0.597969 1.09731e-08
  0.616583 1.10491e-08
  0.635825 1.12195e-08
  0.655717 1.15013e-08
   0.67628 1.19134e-08
  0.697536 1.25072e-08
  0.719509 1.3382e-08
  0.742224 1.46474e-08
  0.765705 1.65007e-08
  0.789979 1.89758e-08
  0.815071 2.15844e-08
   0.84101 2.36073e-08
  0.867824 2.32266e-08
  0.895542 2.02247e-08
  0.924196 2.37057e-08
  0.953816 2.3691e-08
  0.984436 1.46717e-08
