0.00181818 8.95271e-11
0.00545455 2.28281e-10
0.00909091 3.35011e-10
 0.0127273 4.20671e-10
 0.0163636 4.95556e-10
      0.02 5.65465e-10
 0.0236364 6.33011e-10
 0.0272727 6.98992e-10
 0.0309091 7.63368e-10
 0.0345455 8.25863e-10
 0.0381818 8.86204e-10
 0.0418182 9.44188e-10
 0.0454545 9.99687e-10
 0.0490909 1.05262e-09
 0.0527273 1.10295e-09
 0.0563636 1.15066e-09
      0.06 1.19574e-09
 0.0636364 1.23818e-09
 0.0672727 1.27801e-09
 0.0709091 1.31522e-09
 0.0745455 1.34983e-09
 0.0781818 1.38185e-09
 0.0818182 1.41128e-09
 0.0854545 1.43814e-09
 0.0890909 1.46243e-09
 0.0927273 1.48417e-09
 0.0963636 1.50338e-09
       0.1 1.52005e-09
  0.103636 1.53419e-09
  0.107273 1.54583e-09
  0.110909 1.55496e-09
  0.114545 1.5616e-09
  0.118182 1.56576e-09
  0.121818 1.56745e-09
  0.125455 1.56667e-09
  0.129091 1.56343e-09
  0.132727 1.55775e-09
  0.136364 1.54963e-09
      0.14 1.53909e-09
  0.143636 1.52614e-09
  0.147273 1.51078e-09
  0.150909 1.49303e-09
  0.154545 1.47291e-09
  0.158182 1.45045e-09
  0.161818 1.42566e-09
  0.165455 1.39859e-09
  0.169091 1.36928e-09
  0.172727 1.33779e-09
  0.176364 1.30419e-09
      0.18 1.2686e-09
  0.183636 1.23114e-09
  0.187273 1.19202e-09
  0.190909 1.1515e-09
  0.194545 1.10996e-09
  0.198182 1.06801e-09
  0.202594 1.01851e-09
  0.207869 9.60234e-10
  0.213323 9.01569e-10
   0.21896 8.43099e-10
  0.224788 7.85389e-10
  0.230812 7.29144e-10
   0.23704 6.75087e-10
  0.243477 6.24091e-10
  0.250132 5.77027e-10
  0.257011 5.34907e-10
  0.264122 4.98681e-10
  0.271474 4.69317e-10
  0.279073 4.47484e-10
  0.286929 4.33574e-10
  0.295049 4.27399e-10
  0.303444 4.28332e-10
  0.312122 4.35195e-10
  0.321093 4.46692e-10
  0.330366 4.61364e-10
  0.339952 4.77928e-10
  0.349862 4.95201e-10
  0.360105 5.12268e-10
  0.370695 5.28341e-10
  0.381642 5.42869e-10
  0.392958 5.55393e-10
  0.404655 5.65635e-10
  0.416748 5.73383e-10
  0.429248 5.78561e-10
  0.442171 5.81131e-10
  0.455529 5.81166e-10
  0.469338 5.78757e-10
  0.483612 5.74074e-10
  0.498368 5.67311e-10
  0.513623 5.58708e-10
  0.529391 5.48483e-10
  0.545692 5.36903e-10
  0.562543 5.24214e-10
  0.579962 5.10674e-10
  0.597969 4.96526e-10
  0.616583 4.82024e-10
  0.635825 4.67361e-10
  0.655717 4.5277e-10
   0.67628 4.38382e-10
  0.697536 4.24348e-10
  0.719509 4.1069e-10
  0.742224 3.97344e-10
  0.765705 3.84147e-10
  0.789979 3.70609e-10
  0.815071 3.56074e-10
   0.84101 3.39858e-10
  0.867824 3.21549e-10
  0.895542 3.07136e-10
  0.924196 3.16153e-10
  0.953816 4.48298e-10
  0.984436 5.87097e-10
