     0.004 1.97766e-05
     0.012 8.39114e-05
      0.02 0.000149165
     0.028 0.000201985
     0.036 0.000239209
     0.044 0.00026137
     0.052 0.000270446
      0.06 0.000268898
     0.068 0.000259205
     0.076 0.000243643
     0.084 0.000224186
     0.092 0.00020248
       0.1 0.000179843
     0.108 0.000157295
     0.116 0.00013559
     0.124 0.000115258
     0.132 9.66403e-05
      0.14 7.99281e-05
     0.148 6.51939e-05
     0.156 5.24212e-05
     0.164 4.15281e-05
     0.172 3.23879e-05
      0.18 2.48462e-05
     0.188 1.87338e-05
     0.196 1.38766e-05
  0.204065 1.00763e-05
  0.212415 7.12461e-06
  0.221217 4.91225e-06
  0.230495 3.38489e-06
  0.240275 2.47059e-06
  0.250584 2.08329e-06
  0.261452 2.12742e-06
  0.272907 2.50313e-06
  0.284982 3.11182e-06
  0.297711 3.86146e-06
  0.311128 4.67117e-06
  0.325272 5.47467e-06
   0.34018 6.2222e-06
  0.355896 6.8809e-06
  0.372462 7.4335e-06
  0.389924 7.87615e-06
  0.408331 8.21505e-06
  0.427734 8.46302e-06
  0.448188 8.6363e-06
  0.469747 8.7518e-06
  0.492474  8.825e-06
  0.516431 8.86905e-06
  0.541683 8.8941e-06
  0.568302 8.90755e-06
  0.596362 8.9143e-06
   0.62594 8.91745e-06
  0.657119 8.9188e-06
  0.689984 8.91935e-06
  0.724628 8.91955e-06
  0.761147 8.91965e-06
  0.799642 8.91965e-06
   0.84022 8.91965e-06
  0.882994 8.91965e-06
  0.928082 8.91965e-06
   0.97561 8.91965e-06
