     0.004 7.24289e-19
     0.012 7.42028e-19
      0.02 7.54833e-19
     0.028 7.50586e-19
     0.036 7.3147e-19
     0.044 7.08445e-19
     0.052 6.87759e-19
      0.06 6.71517e-19
     0.068 6.58533e-19
     0.076 6.45195e-19
     0.084 6.26662e-19
     0.092 5.99736e-19
       0.1 5.63207e-19
     0.108 5.18376e-19
     0.116 4.68081e-19
     0.124 4.15982e-19
     0.132 3.65304e-19
      0.14 3.18708e-19
     0.148 2.77956e-19
     0.156 2.43855e-19
     0.164 2.16319e-19
     0.172 1.94727e-19
      0.18 1.78119e-19
     0.188 1.65421e-19
     0.196 1.55542e-19
  0.204065 1.47472e-19
  0.212415 1.40306e-19
  0.221217 1.3353e-19
  0.230495 1.26817e-19
  0.240275 1.1999e-19
  0.250584 1.1307e-19
  0.261452 1.06258e-19
  0.272907 9.98213e-20
  0.284982 9.40276e-20
  0.297711 8.90546e-20
  0.311128 8.50254e-20
  0.325272 8.19757e-20
   0.34018 7.9888e-20
  0.355896 7.86924e-20
  0.372462 7.82942e-20
  0.389924 7.86051e-20
  0.408331 7.95401e-20
  0.427734 8.10312e-20
  0.448188 8.30246e-20
  0.469747 8.54726e-20
  0.492474 8.83452e-20
  0.516431 9.16035e-20
  0.541683 9.52114e-20
  0.568302 9.91413e-20
  0.596362 1.03359e-19
   0.62594 1.07833e-19
  0.657119 1.12521e-19
  0.689984 1.17365e-19
  0.724628 1.2227e-19
  0.761147 1.27107e-19
  0.799642 1.31818e-19
   0.84022 1.36508e-19
  0.882994 1.41344e-19
  0.928082 1.46169e-19
   0.97561 1.49851e-19
