     0.004 0.00628914
     0.012  0.0129546
      0.02  0.0172722
     0.028   0.020099
     0.036  0.0218728
     0.044  0.0228635
     0.052  0.0232571
      0.06  0.0231904
     0.068  0.0227686
     0.076  0.0220745
     0.084  0.0211748
     0.092  0.0201236
       0.1  0.0189654
     0.108  0.0177367
     0.116  0.0164676
     0.124  0.0151828
     0.132  0.0139025
      0.14  0.0126434
     0.148  0.0114188
     0.156  0.0102393
     0.164 0.00911352
     0.172 0.00804834
      0.18 0.00704929
     0.188 0.00612107
     0.196 0.00526812
  0.204065 0.00448917
  0.212415 0.00377481
  0.221217 0.00313441
  0.230495 0.00260188
  0.240275 0.00222287
  0.250584 0.00204122
  0.261452 0.00206273
  0.272907 0.00223747
  0.284982 0.00249472
  0.297711 0.00277901
  0.311128 0.00305652
  0.325272 0.00330898
   0.34018 0.00352766
  0.355896 0.00370969
  0.372462 0.00385577
  0.389924 0.00396892
  0.408331 0.00405341
  0.427734 0.00411413
  0.448188 0.00415603
  0.469747 0.00418373
  0.492474 0.00420119
  0.516431 0.00421166
  0.541683 0.00421761
  0.568302 0.00422079
  0.596362 0.00422239
   0.62594 0.00422314
  0.657119 0.00422346
  0.689984 0.00422359
  0.724628 0.00422364
  0.761147 0.00422366
  0.799642 0.00422366
   0.84022 0.00422366
  0.882994 0.00422366
  0.928082 0.00422366
   0.97561 0.00422366
