     0.004 0.00624955
     0.012  0.0179455
      0.02  0.0288393
     0.028  0.0389675
     0.036   0.048368
     0.044  0.0570784
     0.052  0.0651353
      0.06  0.0725749
     0.068  0.0794322
     0.076  0.0857414
     0.084  0.0915359
     0.092  0.0968477
       0.1   0.101708
     0.108   0.106147
     0.116   0.110193
     0.124   0.113874
     0.132   0.117216
      0.14   0.120245
     0.148   0.122984
     0.156   0.125456
     0.164   0.127682
     0.172   0.129684
      0.18   0.131479
     0.188   0.133086
     0.196   0.134522
  0.204065   0.135811
  0.212415   0.136997
  0.221217   0.138096
  0.230495   0.139106
  0.240275   0.140024
  0.250584   0.140848
  0.261452    0.14158
  0.272907   0.142221
  0.284982   0.142775
  0.297711   0.143244
  0.311128   0.143635
  0.325272   0.143956
   0.34018   0.144212
  0.355896   0.144413
  0.372462   0.144566
  0.389924    0.14468
  0.408331   0.144762
  0.427734   0.144819
  0.448188   0.144857
  0.469747   0.144882
  0.492474   0.144897
  0.516431   0.144906
  0.541683   0.144911
  0.568302   0.144914
  0.596362   0.144915
   0.62594   0.144915
  0.657119   0.144916
  0.689984   0.144916
  0.724628   0.144916
  0.761147   0.144916
  0.799642   0.144916
   0.84022   0.144916
  0.882994   0.144916
  0.928082   0.144916
   0.97561   0.144916
