     0.004 -2.18848e-15
     0.012 -1.00892e-14
      0.02 1.69016e-14
     0.028 5.20574e-14
     0.036 1.84412e-14
     0.044 -5.45542e-14
     0.052 -8.58847e-14
      0.06 -3.5234e-14
     0.068 4.97128e-14
     0.076 7.49104e-14
     0.084 5.35722e-14
     0.092 3.41432e-14
       0.1 1.89695e-14
     0.108 8.39697e-15
     0.116 -2.05091e-15
     0.124 -5.35064e-15
     0.132 -4.17262e-15
      0.14 -5.10144e-15
     0.148 -7.77635e-15
     0.156 -1.14278e-14
     0.164 -1.12133e-14
     0.172 -8.21496e-15
      0.18 -4.12885e-15
     0.188 -1.38895e-15
     0.196 -2.68331e-15
  0.204065 -3.5185e-15
  0.212415 -1.6978e-15
  0.221217 -3.21566e-16
  0.230495 1.5931e-18
  0.240275 -9.64791e-16
  0.250584 -2.82852e-15
  0.261452 -3.6876e-15
  0.272907 -4.61366e-15
  0.284982 -5.32996e-15
  0.297711 -5.00034e-15
  0.311128 -4.03455e-15
  0.325272 -3.03716e-15
   0.34018 -2.13192e-15
  0.355896 -5.42049e-16
  0.372462 1.25436e-15
  0.389924 1.62713e-15
  0.408331 2.32754e-15
  0.427734 3.11177e-15
  0.448188 3.37333e-15
  0.469747 2.59049e-15
  0.492474 2.39551e-15
  0.516431 1.72142e-15
  0.541683 8.89446e-16
  0.568302 2.80007e-16
  0.596362 1.19653e-16
   0.62594 -8.30477e-16
  0.657119 -1.40167e-15
  0.689984 -5.98909e-16
  0.724628 -5.05706e-16
  0.761147 -4.95008e-16
  0.799642 -1.30467e-17
   0.84022 1.00135e-15
  0.882994 -1.5058e-15
  0.928082 7.84689e-16
   0.97561 2.39943e-15
