     0.004 9.84766e-10
     0.012 4.18516e-09
      0.02 9.0874e-09
     0.028 1.37108e-08
     0.036 1.62484e-08
     0.044 1.68263e-08
     0.052 1.60495e-08
      0.06 1.47853e-08
     0.068 1.37788e-08
     0.076 1.38067e-08
     0.084 1.48876e-08
     0.092 1.65335e-08
       0.1 1.81744e-08
     0.108 1.94667e-08
     0.116 2.02467e-08
     0.124 2.05201e-08
     0.132 2.02867e-08
      0.14 1.9699e-08
     0.148 1.87888e-08
     0.156 1.7717e-08
     0.164 1.64732e-08
     0.172 1.52128e-08
      0.18 1.39117e-08
     0.188 1.26837e-08
     0.196 1.14785e-08
  0.204065 1.0429e-08
  0.212415 9.46187e-09
  0.221217 8.58311e-09
  0.230495 7.74681e-09
  0.240275 7.04091e-09
  0.250584 6.41541e-09
  0.261452 5.91072e-09
  0.272907 5.47552e-09
  0.284982 5.12574e-09
  0.297711 4.81319e-09
  0.311128 4.54645e-09
  0.325272 4.28356e-09
   0.34018 4.03616e-09
  0.355896 3.77635e-09
  0.372462 3.52289e-09
  0.389924 3.2645e-09
  0.408331 3.01946e-09
  0.427734 2.78665e-09
  0.448188 2.57653e-09
  0.469747 2.38795e-09
  0.492474 2.2226e-09
  0.516431 2.07695e-09
  0.541683 1.94743e-09
  0.568302 1.82993e-09
  0.596362 1.72032e-09
   0.62594 1.61376e-09
  0.657119 1.50553e-09
  0.689984 1.39283e-09
  0.724628 1.28405e-09
  0.761147 1.20253e-09
  0.799642 1.17724e-09
   0.84022 1.19079e-09
  0.882994 1.13499e-09
  0.928082 8.71322e-10
   0.97561 3.35763e-10
