     0.004 3.15095e-11
     0.012 6.32084e-11
      0.02 7.34049e-11
     0.028 7.59554e-11
     0.036 7.81136e-11
     0.044 8.13003e-11
     0.052 8.5284e-11
      0.06 8.96317e-11
     0.068 9.40443e-11
     0.076 9.83193e-11
     0.084 1.02319e-10
     0.092 1.05909e-10
       0.1 1.09031e-10
     0.108 1.11597e-10
     0.116 1.13585e-10
     0.124 1.14965e-10
     0.132 1.15809e-10
      0.14 1.15696e-10
     0.148 1.1501e-10
     0.156 1.13651e-10
     0.164 1.11584e-10
     0.172 1.08798e-10
      0.18 1.05272e-10
     0.188 1.00979e-10
     0.196 9.58872e-11
  0.204065 8.99626e-11
  0.212415 8.31836e-11
  0.221217 7.56837e-11
  0.230495 6.77861e-11
  0.240275 5.97972e-11
  0.250584 5.2091e-11
  0.261452 4.50567e-11
  0.272907 3.92351e-11
  0.284982 3.5109e-11
  0.297711 3.31354e-11
  0.311128 3.32292e-11
  0.325272 3.49474e-11
   0.34018 3.75342e-11
  0.355896 4.04117e-11
  0.372462 4.30914e-11
  0.389924 4.53314e-11
  0.408331 4.69416e-11
  0.427734 4.78871e-11
  0.448188 4.81349e-11
  0.469747 4.77522e-11
  0.492474 4.67919e-11
  0.516431 4.53634e-11
  0.541683 4.35619e-11
  0.568302 4.1498e-11
  0.596362 3.92775e-11
   0.62594 3.69924e-11
  0.657119 3.47283e-11
  0.689984 3.2555e-11
  0.724628 3.05358e-11
  0.761147 2.87033e-11
  0.799642 2.71135e-11
   0.84022 2.57714e-11
  0.882994 2.47081e-11
  0.928082 2.39526e-11
   0.97561 2.34719e-11
