0.00181818 1.13113e-05
0.00545455 5.65082e-05
0.00909091 0.000108708
 0.0127273 0.000156311
 0.0163636 0.000195355
      0.02 0.000224788
 0.0236364 0.000244854
 0.0272727 0.000256414
 0.0309091 0.000260597
 0.0345455 0.00025862
 0.0381818 0.000251676
 0.0418182 0.000240879
 0.0454545 0.000227232
 0.0490909 0.000211616
 0.0527273 0.000194783
 0.0563636 0.000177361
      0.06 0.000159866
 0.0636364 0.000142707
 0.0672727 0.000126201
 0.0709091 0.000110582
 0.0745455 9.60169e-05
 0.0781818 8.26098e-05
 0.0818182 7.04176e-05
 0.0854545 5.94572e-05
 0.0890909 4.97132e-05
 0.0927273 4.1146e-05
 0.0963636 3.36974e-05
       0.1 2.72965e-05
  0.103636 2.18636e-05
  0.107273 1.73144e-05
  0.110909 1.35626e-05
  0.114545 1.05227e-05
  0.118182 8.11147e-06
  0.121818 6.24974e-06
  0.125455 4.86304e-06
  0.129091 3.88245e-06
  0.132727 3.2449e-06
  0.136364 2.89338e-06
      0.14 2.77687e-06
  0.143636 2.85021e-06
  0.147273 3.07385e-06
  0.150909 3.41346e-06
  0.154545 3.83959e-06
  0.158182 4.32725e-06
  0.161818 4.85549e-06
  0.165455 5.40693e-06
  0.169091 5.96743e-06
  0.172727 6.52562e-06
  0.176364 7.07256e-06
      0.18 7.60141e-06
  0.183636 8.1071e-06
  0.187273 8.58605e-06
  0.190909 9.03592e-06
  0.194545 9.45538e-06
  0.198182 9.84397e-06
  0.202594 1.02797e-05
  0.207869 1.07377e-05
  0.213323 1.11493e-05
   0.21896 1.15141e-05
  0.224788 1.18327e-05
  0.230812 1.21071e-05
   0.23704 1.23399e-05
  0.243477 1.25346e-05
  0.250132 1.26948e-05
  0.257011 1.28246e-05
  0.264122 1.29281e-05
  0.271474 1.30093e-05
  0.279073 1.30718e-05
  0.286929 1.31191e-05
  0.295049 1.31543e-05
  0.303444 1.31799e-05
  0.312122 1.31982e-05
  0.321093 1.32111e-05
  0.330366 1.32198e-05
  0.339952 1.32257e-05
  0.349862 1.32296e-05
  0.360105 1.32321e-05
  0.370695 1.32336e-05
  0.381642 1.32346e-05
  0.392958 1.32352e-05
  0.404655 1.32356e-05
  0.416748 1.32358e-05
  0.429248 1.32359e-05
  0.442171 1.3236e-05
  0.455529 1.3236e-05
  0.469338 1.32361e-05
  0.483612 1.32361e-05
  0.498368 1.32361e-05
  0.513623 1.32361e-05
  0.529391 1.32361e-05
  0.545692 1.32361e-05
  0.562543 1.3236e-05
  0.579962 1.32358e-05
  0.597969 1.32352e-05
  0.616583 1.32339e-05
  0.635825 1.32304e-05
  0.655717 1.32219e-05
   0.67628 1.32007e-05
  0.697536 1.31489e-05
  0.719509 1.30242e-05
  0.742224 1.27316e-05
  0.765705 1.20714e-05
  0.789979 1.06752e-05
  0.815071 8.05482e-06
   0.84101 4.28953e-06
  0.867824 2.86201e-06
  0.895542 1.80186e-05
  0.924196 8.3063e-05
  0.953816 0.000219981
  0.984436 0.00025486
