0.00181818 6.69579e-17
0.00545455 6.68732e-17
0.00909091 6.68202e-17
 0.0127273 6.67664e-17
 0.0163636 6.66765e-17
      0.02 6.65246e-17
 0.0236364 6.62914e-17
 0.0272727 6.59666e-17
 0.0309091 6.55501e-17
 0.0345455 6.50523e-17
 0.0381818 6.44922e-17
 0.0418182 6.38925e-17
 0.0454545 6.3276e-17
 0.0490909 6.26627e-17
 0.0527273 6.20687e-17
 0.0563636 6.15059e-17
      0.06 6.09815e-17
 0.0636364 6.04992e-17
 0.0672727 6.00588e-17
 0.0709091 5.96574e-17
 0.0745455 5.92892e-17
 0.0781818 5.8947e-17
 0.0818182 5.86217e-17
 0.0854545 5.83037e-17
 0.0890909 5.79832e-17
 0.0927273 5.76508e-17
 0.0963636 5.7298e-17
       0.1 5.69172e-17
  0.103636 5.65025e-17
  0.107273 5.60498e-17
  0.110909 5.55567e-17
  0.114545 5.50224e-17
  0.118182 5.44479e-17
  0.121818 5.38358e-17
  0.125455  5.319e-17
  0.129091 5.25153e-17
  0.132727 5.18174e-17
  0.136364 5.11025e-17
      0.14 5.03773e-17
  0.143636 4.96484e-17
  0.147273 4.89221e-17
  0.150909 4.82045e-17
  0.154545 4.75015e-17
  0.158182 4.68181e-17
  0.161818 4.61588e-17
  0.165455 4.55275e-17
  0.169091 4.49276e-17
  0.172727 4.4362e-17
  0.176364 4.38329e-17
      0.18 4.33423e-17
  0.183636 4.28919e-17
  0.187273 4.24837e-17
  0.190909 4.21204e-17
  0.194545 4.18019e-17
  0.198182 4.1507e-17
  0.202594 4.10976e-17
  0.207869 4.05657e-17
  0.213323 4.00738e-17
   0.21896 3.96272e-17
  0.224788 3.92211e-17
  0.230812 3.88499e-17
   0.23704 3.85095e-17
  0.243477 3.81954e-17
  0.250132 3.79036e-17
  0.257011 3.76298e-17
  0.264122 3.73703e-17
  0.271474 3.71217e-17
  0.279073 3.68813e-17
  0.286929 3.66472e-17
  0.295049 3.64177e-17
  0.303444 3.61922e-17
  0.312122 3.59703e-17
  0.321093 3.57521e-17
  0.330366 3.55381e-17
  0.339952 3.53286e-17
  0.349862 3.51245e-17
  0.360105 3.49262e-17
  0.370695 3.47346e-17
  0.381642 3.45501e-17
  0.392958 3.43734e-17
  0.404655 3.42047e-17
  0.416748 3.40442e-17
  0.429248 3.3892e-17
  0.442171 3.37481e-17
  0.455529 3.36122e-17
  0.469338 3.34841e-17
  0.483612 3.33632e-17
  0.498368 3.32488e-17
  0.513623 3.31402e-17
  0.529391 3.30362e-17
  0.545692 3.29351e-17
  0.562543 3.28353e-17
  0.579962 3.27345e-17
  0.597969 3.26302e-17
  0.616583 3.25202e-17
  0.635825 3.24029e-17
  0.655717 3.22784e-17
   0.67628 3.21489e-17
  0.697536 3.20199e-17
  0.719509 3.19006e-17
  0.742224 3.18036e-17
  0.765705 3.17477e-17
  0.789979 3.17648e-17
  0.815071 3.18804e-17
   0.84101 3.21509e-17
  0.867824 3.2689e-17
  0.895542 3.33412e-17
  0.924196 3.41549e-17
  0.953816 3.58416e-17
  0.984436 3.53676e-17
