0.00181818 -1.00196e-22
0.00545455 -1.53893e-22
0.00909091 -2.3408e-22
 0.0127273 -2.68271e-22
 0.0163636 -3.09252e-22
      0.02 -3.83161e-22
 0.0236364 -5.12876e-22
 0.0272727 -7.36499e-22
 0.0309091 -1.03216e-21
 0.0345455 -1.35518e-21
 0.0381818 -1.74253e-21
 0.0418182 -2.31611e-21
 0.0454545 -3.26193e-21
 0.0490909 -4.73544e-21
 0.0527273 -6.97349e-21
 0.0563636 -9.74012e-21
      0.06 -8.9039e-21
 0.0636364 -4.97753e-21
 0.0672727 -3.29488e-21
 0.0709091 -2.68956e-21
 0.0745455 -2.29892e-21
 0.0781818 -1.94446e-21
 0.0818182 -1.66916e-21
 0.0854545 -1.48746e-21
 0.0890909 -1.35825e-21
 0.0927273 -1.27214e-21
 0.0963636 -1.22754e-21
       0.1 -1.21925e-21
  0.103636 -1.24375e-21
  0.107273 -1.30114e-21
  0.110909 -1.38787e-21
  0.114545 -1.49975e-21
  0.118182 -1.63928e-21
  0.121818 -1.80322e-21
  0.125455 -1.99031e-21
  0.129091 -2.196e-21
  0.132727 -2.41664e-21
  0.136364 -2.64561e-21
      0.14 -2.87959e-21
  0.143636 -3.11304e-21
  0.147273 -3.33838e-21
  0.150909 -3.54897e-21
  0.154545 -3.73934e-21
  0.158182 -3.909e-21
  0.161818 -4.0454e-21
  0.165455 -4.14605e-21
  0.169091 -4.20436e-21
  0.172727 -4.21807e-21
  0.176364 -4.15747e-21
      0.18 -3.95994e-21
  0.183636 -3.56013e-21
  0.187273 -3.01026e-21
  0.190909 -2.37475e-21
  0.194545 -1.8907e-21
  0.198182 -2.99088e-21
  0.202594 -4.03595e-21
  0.207869 -2.11962e-21
  0.213323 -1.70698e-21
   0.21896 -1.11465e-21
  0.224788 -5.81765e-22
  0.230812 -2.37562e-22
   0.23704 -8.3001e-23
  0.243477 -2.69529e-23
  0.250132 -8.43947e-24
  0.257011 -2.58736e-24
  0.264122 -7.93585e-25
  0.271474 -2.50132e-25
  0.279073 -8.28123e-26
  0.286929 -2.80927e-26
  0.295049 -9.39768e-27
  0.303444 -2.95733e-27
  0.312122 -8.58776e-28
  0.321093 -2.23893e-28
  0.330366 -5.22617e-29
  0.339952 -1.08063e-29
  0.349862 -1.98516e-30
  0.360105 -3.23712e-31
  0.370695 -4.69617e-32
  0.381642 -6.06308e-33
  0.392958 -6.9828e-34
  0.404655 -7.24583e-35
  0.416748 -6.93049e-36
  0.429248 -5.24034e-37
  0.442171 1.77663e-37
  0.455529 3.14891e-37
  0.469338 3.68523e-37
  0.483612 3.93941e-37
  0.498368 4.08196e-37
  0.513623 4.26794e-37
  0.529391 4.93915e-37
  0.545692 9.07003e-37
  0.562543 6.35167e-36
  0.579962 1.29994e-34
  0.597969 3.53069e-33
  0.616583   1.01e-31
  0.635825 2.8576e-30
  0.655717 7.76639e-29
   0.67628 1.97667e-27
  0.697536 4.59011e-26
  0.719509 9.48746e-25
  0.742224 1.72847e-23
  0.765705 2.83256e-22
  0.789979 1.63437e-21
  0.815071 5.43881e-21
   0.84101 3.90839e-21
  0.867824 2.71011e-21
  0.895542 2.44726e-21
  0.924196 1.13912e-20
  0.953816 2.98219e-21
  0.984436 3.67906e-22
