0.00181818 -5.01965e-05
0.00545455 -4.77743e-05
0.00909091 -4.52279e-05
 0.0127273 -4.27361e-05
 0.0163636 -4.03333e-05
      0.02 -3.80252e-05
 0.0236364 -3.58118e-05
 0.0272727 -3.36919e-05
 0.0309091 -3.1664e-05
 0.0345455 -2.97263e-05
 0.0381818 -2.7877e-05
 0.0418182 -2.61141e-05
 0.0454545 -2.44357e-05
 0.0490909 -2.28396e-05
 0.0527273 -2.13237e-05
 0.0563636 -1.98857e-05
      0.06 -1.85234e-05
 0.0636364 -1.72344e-05
 0.0672727 -1.60164e-05
 0.0709091 -1.48669e-05
 0.0745455 -1.37834e-05
 0.0781818 -1.27636e-05
 0.0818182 -1.1805e-05
 0.0854545 -1.0905e-05
 0.0890909 -1.00613e-05
 0.0927273 -9.27134e-06
 0.0963636 -8.53279e-06
       0.1 -7.84323e-06
  0.103636 -7.20029e-06
  0.107273 -6.60165e-06
  0.110909 -6.04504e-06
  0.114545 -5.52824e-06
  0.118182 -5.04908e-06
  0.121818 -4.60545e-06
  0.125455 -4.19531e-06
  0.129091 -3.81666e-06
  0.132727 -3.4676e-06
  0.136364 -3.14628e-06
      0.14 -2.85093e-06
  0.143636 -2.57985e-06
  0.147273 -2.3314e-06
  0.150909 -2.10405e-06
  0.154545 -1.89629e-06
  0.158182 -1.70674e-06
  0.161818 -1.53405e-06
  0.165455 -1.37696e-06
  0.169091 -1.23428e-06
  0.172727 -1.10489e-06
  0.176364 -9.87723e-07
      0.18 -8.81794e-07
  0.183636 -7.86172e-07
  0.187273 -6.99991e-07
  0.190909 -6.22437e-07
  0.194545 -5.52731e-07
  0.198182 -4.90128e-07
  0.202594 -4.23497e-07
  0.207869 -3.53952e-07
  0.213323 -2.93099e-07
   0.21896 -2.40359e-07
  0.224788 -1.95099e-07
  0.230812 -1.56655e-07
   0.23704 -1.24355e-07
  0.243477 -9.75281e-08
  0.250132 -7.55175e-08
  0.257011 -5.7691e-08
  0.264122 -4.34499e-08
  0.271474 -3.22369e-08
  0.279073 -2.35427e-08
  0.286929 -1.69098e-08
  0.295049 -1.19354e-08
  0.303444 -8.2713e-09
  0.312122 -5.62299e-09
  0.321093 -3.74642e-09
  0.330366 -2.44395e-09
  0.339952 -1.55917e-09
  0.349862 -9.71323e-10
  0.360105 -5.89557e-10
  0.370695 -3.47301e-10
  0.381642 -1.97123e-10
  0.392958 -1.06182e-10
  0.404655 -5.23982e-11
  0.416748 -2.13617e-11
  0.429248 -3.93755e-12
  0.442171 5.50574e-12
  0.455529 1.0358e-11
  0.469338 1.2631e-11
  0.483612 1.35358e-11
  0.498368 1.38831e-11
  0.513623 1.44193e-11
  0.529391 1.62616e-11
  0.545692 2.17388e-11
  0.562543 3.63293e-11
  0.579962 7.33518e-11
  0.597969 1.65411e-10
  0.616583 3.92238e-10
  0.635825 9.47832e-10
  0.655717 2.30044e-09
   0.67628 5.56761e-09
  0.697536 1.33772e-08
  0.719509 3.17926e-08
  0.742224 7.44764e-08
  0.765705 1.71329e-07
  0.789979 3.85494e-07
  0.815071 8.44683e-07
   0.84101 1.79404e-06
  0.867824 3.67526e-06
  0.895542 7.22553e-06
  0.924196 1.35652e-05
  0.953816 2.42109e-05
  0.984436 4.08878e-05
