0.00181818 0.00475632
0.00545455  0.0106309
0.00909091   0.014745
 0.0127273  0.0176811
 0.0163636  0.0197664
      0.02  0.0212032
 0.0236364  0.0221294
 0.0272727  0.0226457
 0.0309091  0.0228297
 0.0345455  0.0227429
 0.0381818  0.0224355
 0.0418182   0.021949
 0.0454545  0.0213182
 0.0490909  0.0205726
 0.0527273  0.0197374
 0.0563636  0.0188341
      0.06   0.017881
 0.0636364  0.0168942
 0.0672727  0.0158871
 0.0709091  0.0148716
 0.0745455  0.0138576
 0.0781818  0.0128538
 0.0818182  0.0118674
 0.0854545  0.0109048
 0.0890909 0.00997128
 0.0927273 0.00907149
 0.0963636 0.00820944
       0.1 0.00738871
  0.103636 0.00661266
  0.107273 0.00588462
  0.110909 0.00520819
  0.114545 0.00458752
  0.118182 0.00402777
  0.121818 0.00353546
  0.125455 0.00311867
  0.129091 0.00278656
  0.132727 0.00254751
  0.136364 0.00240557
      0.14 0.00235664
  0.143636 0.00238756
  0.147273 0.00247946
  0.150909 0.00261284
  0.154545 0.00277113
  0.158182 0.00294185
  0.161818 0.00311624
  0.165455 0.00328844
  0.169091 0.00345469
  0.172727 0.00361265
  0.176364   0.003761
      0.18 0.00389908
  0.183636 0.00402669
  0.187273 0.00414392
  0.190909  0.0042511
  0.194545 0.00434865
  0.198182 0.00443711
  0.202594 0.00453424
  0.207869 0.00463415
  0.213323 0.00472214
   0.21896 0.00479877
  0.224788 0.00486472
  0.230812  0.0049208
   0.23704 0.00496788
  0.243477 0.00500691
  0.250132  0.0050388
  0.257011  0.0050645
  0.264122  0.0050849
  0.271474 0.00510084
  0.279073 0.00511308
  0.286929 0.00512233
  0.295049 0.00512919
  0.303444 0.00513419
  0.312122 0.00513775
  0.321093 0.00514025
  0.330366 0.00514195
  0.339952  0.0051431
  0.349862 0.00514385
  0.360105 0.00514433
  0.370695 0.00514464
  0.381642 0.00514483
  0.392958 0.00514494
  0.404655 0.00514501
  0.416748 0.00514505
  0.429248 0.00514507
  0.442171 0.00514509
  0.455529  0.0051451
  0.469338 0.00514511
  0.483612 0.00514511
  0.498368 0.00514511
  0.513623 0.00514511
  0.529391 0.00514511
  0.545692 0.00514511
  0.562543 0.00514509
  0.579962 0.00514505
  0.597969 0.00514494
  0.616583 0.00514468
  0.635825 0.00514401
  0.655717 0.00514235
   0.67628 0.00513823
  0.697536 0.00512813
  0.719509 0.00510376
  0.742224 0.00504611
  0.765705 0.00491353
  0.789979 0.00462064
  0.815071 0.00401368
   0.84101   0.002929
  0.867824 0.00239249
  0.895542  0.0060031
  0.924196   0.012889
  0.953816  0.0209753
  0.984436   0.022577
