0.00181818 0.00491284
0.00545455  0.0143011
0.00909091  0.0231997
 0.0127273  0.0316133
 0.0163636   0.039558
      0.02  0.0470519
 0.0236364  0.0541131
 0.0272727  0.0607597
 0.0309091  0.0670095
 0.0345455  0.0728799
 0.0381818   0.078388
 0.0418182  0.0835505
 0.0454545  0.0883838
 0.0490909  0.0929039
 0.0527273  0.0971263
 0.0563636   0.101066
      0.06   0.104738
 0.0636364   0.108156
 0.0672727   0.111335
 0.0709091   0.114287
 0.0745455   0.117026
 0.0781818   0.119563
 0.0818182   0.121911
 0.0854545   0.124082
 0.0890909   0.126085
 0.0927273   0.127933
 0.0963636   0.129634
       0.1   0.131199
  0.103636   0.132636
  0.107273   0.133955
  0.110909   0.135163
  0.114545   0.136269
  0.118182   0.137279
  0.121818   0.138202
  0.125455   0.139042
  0.129091   0.139808
  0.132727   0.140503
  0.136364   0.141135
      0.14   0.141708
  0.143636   0.142226
  0.147273   0.142695
  0.150909   0.143119
  0.154545     0.1435
  0.158182   0.143844
  0.161818   0.144154
  0.165455   0.144432
  0.169091   0.144681
  0.172727   0.144904
  0.176364   0.145104
      0.18   0.145282
  0.183636   0.145441
  0.187273   0.145583
  0.190909   0.145709
  0.194545   0.145821
  0.198182   0.145921
  0.202594   0.146028
  0.207869   0.146135
  0.213323   0.146227
   0.21896   0.146306
  0.224788   0.146372
  0.230812   0.146427
   0.23704   0.146473
  0.243477    0.14651
  0.250132    0.14654
  0.257011   0.146564
  0.264122   0.146582
  0.271474   0.146597
  0.279073   0.146608
  0.286929   0.146616
  0.295049   0.146622
  0.303444   0.146626
  0.312122   0.146629
  0.321093   0.146631
  0.330366   0.146633
  0.339952   0.146634
  0.349862   0.146634
  0.360105   0.146635
  0.370695   0.146635
  0.381642   0.146635
  0.392958   0.146635
  0.404655   0.146635
  0.416748   0.146635
  0.429248   0.146635
  0.442171   0.146635
  0.455529   0.146635
  0.469338   0.146635
  0.483612   0.146635
  0.498368   0.146635
  0.513623   0.146635
  0.529391   0.146635
  0.545692   0.146635
  0.562543   0.146635
  0.579962   0.146635
  0.597969   0.146635
  0.616583   0.146635
  0.635825   0.146634
  0.655717   0.146633
   0.67628   0.146629
  0.697536   0.146621
  0.719509   0.146599
  0.742224   0.146545
  0.765705   0.146416
  0.789979   0.146112
  0.815071   0.145408
   0.84101   0.143829
  0.867824   0.140398
  0.895542   0.133222
  0.924196   0.118847
  0.953816  0.0914111
  0.984436  0.0417375
