0.00181818 1.13119e-09
0.00545455 5.06362e-09
0.00909091 1.10557e-08
 0.0127273 1.83257e-08
 0.0163636 2.64392e-08
      0.02 3.51058e-08
 0.0236364 4.39969e-08
 0.0272727 5.27458e-08
 0.0309091 6.09012e-08
 0.0345455 6.80751e-08
 0.0381818 7.39712e-08
 0.0418182 7.8479e-08
 0.0454545 8.15976e-08
 0.0490909 8.34621e-08
 0.0527273 8.4224e-08
 0.0563636 8.40949e-08
      0.06 8.32407e-08
 0.0636364 8.1872e-08
 0.0672727 8.01327e-08
 0.0709091 7.8205e-08
 0.0745455 7.61996e-08
 0.0781818 7.42717e-08
 0.0818182 7.25024e-08
 0.0854545 7.10034e-08
 0.0890909 6.98128e-08
 0.0927273 6.89917e-08
 0.0963636 6.85329e-08
       0.1 6.84388e-08
  0.103636 6.86612e-08
  0.107273 6.91618e-08
  0.110909 6.98727e-08
  0.114545 7.07362e-08
  0.118182 7.16852e-08
  0.121818 7.26652e-08
  0.125455 7.36225e-08
  0.129091 7.4515e-08
  0.132727 7.5305e-08
  0.136364 7.59676e-08
      0.14 7.64807e-08
  0.143636 7.68344e-08
  0.147273 7.70162e-08
  0.150909 7.70311e-08
  0.154545 7.68759e-08
  0.158182 7.65652e-08
  0.161818 7.60976e-08
  0.165455 7.54993e-08
  0.169091 7.47735e-08
  0.172727 7.39526e-08
  0.176364 7.30356e-08
      0.18 7.20668e-08
  0.183636 7.1049e-08
  0.187273 7.00303e-08
  0.190909 6.90095e-08
  0.194545 6.79916e-08
  0.198182 6.68907e-08
  0.202594 6.63508e-08
  0.207869 6.38755e-08
  0.213323  6.169e-08
   0.21896 5.9619e-08
  0.224788 5.76378e-08
  0.230812 5.56905e-08
   0.23704 5.37852e-08
  0.243477 5.19236e-08
  0.250132  5.012e-08
  0.257011 4.83756e-08
  0.264122 4.66954e-08
  0.271474 4.50745e-08
  0.279073 4.35155e-08
  0.286929 4.20115e-08
  0.295049 4.05619e-08
  0.303444 3.91592e-08
  0.312122 3.78019e-08
  0.321093 3.64847e-08
  0.330366 3.52052e-08
  0.339952 3.39609e-08
  0.349862 3.27491e-08
  0.360105 3.15681e-08
  0.370695 3.0416e-08
  0.381642 2.9292e-08
  0.392958 2.81949e-08
  0.404655 2.7124e-08
  0.416748 2.60793e-08
  0.429248 2.50623e-08
  0.442171 2.40762e-08
  0.455529 2.31261e-08
  0.469338 2.22209e-08
  0.483612 2.13717e-08
  0.498368 2.05929e-08
  0.513623 1.9899e-08
  0.529391 1.93052e-08
  0.545692 1.88219e-08
  0.562543 1.84546e-08
  0.579962 1.82037e-08
  0.597969 1.80677e-08
  0.616583 1.80404e-08
  0.635825 1.81342e-08
  0.655717 1.83902e-08
   0.67628 1.88638e-08
  0.697536 1.96823e-08
  0.719509 2.1053e-08
  0.742224 2.31617e-08
  0.765705 2.62924e-08
  0.789979 3.04128e-08
  0.815071 3.46611e-08
   0.84101 3.80259e-08
  0.867824 3.76161e-08
  0.895542 3.30953e-08
  0.924196 4.00876e-08
  0.953816 4.05398e-08
  0.984436 2.51935e-08
