0.00181818 1.31495e-10
0.00545455 3.23288e-10
0.00909091 4.54192e-10
 0.0127273 5.42576e-10
 0.0163636 6.06975e-10
      0.02 6.5915e-10
 0.0236364 7.05406e-10
 0.0272727 7.48461e-10
 0.0309091 7.89083e-10
 0.0345455 8.27305e-10
 0.0381818 8.62982e-10
 0.0418182 8.96018e-10
 0.0454545 9.26415e-10
 0.0490909 9.54246e-10
 0.0527273 9.79644e-10
 0.0563636 1.00277e-09
      0.06 1.02379e-09
 0.0636364 1.0429e-09
 0.0672727 1.06026e-09
 0.0709091 1.07604e-09
 0.0745455 1.09037e-09
 0.0781818 1.10338e-09
 0.0818182 1.11519e-09
 0.0854545 1.12588e-09
 0.0890909 1.13555e-09
 0.0927273 1.14424e-09
 0.0963636 1.15201e-09
       0.1 1.15889e-09
  0.103636 1.16491e-09
  0.107273 1.17006e-09
  0.110909 1.17434e-09
  0.114545 1.17773e-09
  0.118182 1.18019e-09
  0.121818 1.18168e-09
  0.125455 1.18213e-09
  0.129091 1.18147e-09
  0.132727 1.17961e-09
  0.136364 1.17646e-09
      0.14 1.17188e-09
  0.143636 1.16577e-09
  0.147273 1.15796e-09
  0.150909 1.1483e-09
  0.154545 1.13662e-09
  0.158182 1.12271e-09
  0.161818 1.10638e-09
  0.165455 1.08739e-09
  0.169091 1.0655e-09
  0.172727 1.04044e-09
  0.176364 1.01194e-09
      0.18 9.79701e-10
  0.183636 9.43425e-10
  0.187273 9.02839e-10
  0.190909 8.57683e-10
  0.194545 8.07918e-10
  0.198182 7.53376e-10
  0.202594 6.83289e-10
  0.207869 6.06294e-10
  0.213323 5.32866e-10
   0.21896 4.63915e-10
  0.224788 4.00577e-10
  0.230812 3.44574e-10
   0.23704 2.97779e-10
  0.243477 2.62642e-10
  0.250132 2.40935e-10
  0.257011 2.33352e-10
  0.264122 2.3791e-10
  0.271474 2.5138e-10
  0.279073 2.69924e-10
  0.286929 2.90834e-10
  0.295049 3.11958e-10
  0.303444 3.32207e-10
  0.312122 3.5069e-10
  0.321093 3.67133e-10
  0.330366 3.81193e-10
  0.339952 3.92929e-10
  0.349862 4.02243e-10
  0.360105 4.09306e-10
  0.370695 4.14132e-10
  0.381642 4.16948e-10
  0.392958 4.17811e-10
  0.404655 4.16956e-10
  0.416748 4.14462e-10
  0.429248 4.10549e-10
  0.442171 4.05309e-10
  0.455529 3.98949e-10
  0.469338 3.91556e-10
  0.483612 3.83325e-10
  0.498368 3.74336e-10
  0.513623 3.64769e-10
  0.529391 3.54705e-10
  0.545692 3.44309e-10
  0.562543 3.3368e-10
  0.579962 3.22948e-10
  0.597969 3.12201e-10
  0.616583 3.01589e-10
  0.635825 2.91218e-10
  0.655717 2.81233e-10
   0.67628 2.71772e-10
  0.697536 2.63002e-10
  0.719509 2.55032e-10
  0.742224 2.48224e-10
  0.765705 2.42802e-10
  0.789979 2.39381e-10
  0.815071 2.39015e-10
   0.84101 2.44168e-10
  0.867824 2.5978e-10
  0.895542 3.05609e-10
  0.924196 4.12353e-10
  0.953816 7.25427e-10
  0.984436 9.80648e-10
