     0.004 1.77616e-05
     0.012 7.68619e-05
      0.02 0.000138717
     0.028 0.000190526
     0.036 0.000228822
     0.044 0.000253569
     0.052 0.000266165
      0.06 0.000268562
     0.068 0.000262832
     0.076 0.000250951
     0.084 0.000234694
     0.092 0.000215585
       0.1 0.000194891
     0.108 0.000173632
     0.116 0.000152601
     0.124 0.000132392
     0.132 0.000113426
      0.14 9.59804e-05
     0.148 8.02171e-05
     0.156 6.62028e-05
     0.164 5.39327e-05
     0.172 4.3348e-05
      0.18 3.43516e-05
     0.188 2.68209e-05
     0.196 2.06182e-05
  0.204065 1.55622e-05
  0.212415 1.14361e-05
  0.221217 8.1369e-06
  0.230495 5.63692e-06
  0.240275 3.88602e-06
  0.250584 2.81384e-06
  0.261452 2.33303e-06
  0.272907 2.3439e-06
  0.284982 2.73989e-06
  0.297711 3.41351e-06
  0.311128 4.26236e-06
  0.325272 5.19448e-06
   0.34018 6.13264e-06
  0.355896 7.01705e-06
  0.372462 7.8065e-06
  0.389924 8.4775e-06
  0.408331 9.0221e-06
  0.427734 9.44479e-06
  0.448188 9.75845e-06
  0.469747 9.9809e-06
  0.492474 1.01314e-05
  0.516431 1.02284e-05
  0.541683 1.02878e-05
  0.568302 1.03221e-05
  0.596362 1.03409e-05
   0.62594 1.03506e-05
  0.657119 1.03552e-05
  0.689984 1.03573e-05
  0.724628 1.03581e-05
  0.761147 1.03584e-05
  0.799642 1.03586e-05
   0.84022 1.03586e-05
  0.882994 1.03586e-05
  0.928082 1.03586e-05
   0.97561 1.03586e-05
