     0.004 6.38222e-19
     0.012 6.53921e-19
      0.02 6.65347e-19
     0.028 6.61793e-19
     0.036 6.45121e-19
     0.044 6.25009e-19
     0.052 6.0711e-19
      0.06 5.93476e-19
     0.068 5.83211e-19
     0.076 5.73153e-19
     0.084 5.58896e-19
     0.092 5.37362e-19
       0.1 5.0717e-19
     0.108 4.69178e-19
     0.116 4.25681e-19
     0.124 3.79808e-19
     0.132 3.34424e-19
      0.14 2.91999e-19
     0.148 2.54278e-19
     0.156 2.22198e-19
     0.164 1.95899e-19
     0.172 1.75024e-19
      0.18 1.58874e-19
     0.188 1.46592e-19
     0.196 1.37248e-19
  0.204065 1.29918e-19
  0.212415 1.23732e-19
  0.221217 1.18141e-19
  0.230495 1.12739e-19
  0.240275 1.07257e-19
  0.250584 1.01608e-19
  0.261452 9.58963e-20
  0.272907 9.03185e-20
  0.284982 8.51273e-20
  0.297711 8.0516e-20
  0.311128 7.66445e-20
  0.325272 7.35933e-20
   0.34018 7.13916e-20
  0.355896 7.0009e-20
  0.372462 6.93789e-20
  0.389924 6.94275e-20
  0.408331 7.00757e-20
  0.427734 7.12559e-20
  0.448188 7.29115e-20
  0.469747 7.49918e-20
  0.492474 7.74629e-20
  0.516431 8.02846e-20
  0.541683 8.34209e-20
  0.568302 8.68447e-20
  0.596362 9.05238e-20
   0.62594  9.443e-20
  0.657119 9.85248e-20
  0.689984 1.02758e-19
  0.724628 1.07045e-19
  0.761147 1.11273e-19
  0.799642 1.15392e-19
   0.84022 1.19493e-19
  0.882994 1.23722e-19
  0.928082 1.27942e-19
   0.97561 1.31162e-19
