     0.004 0.00596013
     0.012  0.0123985
      0.02  0.0166563
     0.028  0.0195205
     0.036  0.0213926
     0.044  0.0225197
     0.052  0.0230723
      0.06  0.0231759
     0.068  0.0229273
     0.076  0.0224032
     0.084  0.0216654
     0.092  0.0207646
       0.1  0.0197429
     0.108   0.018635
     0.116  0.0174701
     0.124  0.0162722
     0.132  0.0150616
      0.14   0.013855
     0.148  0.0126663
     0.156  0.0115068
     0.164  0.0103858
     0.172 0.00931107
      0.18 0.00828874
     0.188 0.00732405
     0.196 0.00642155
  0.204065 0.00557892
  0.212415 0.00478248
  0.221217 0.00403408
  0.230495 0.00335765
  0.240275 0.00278784
  0.250584 0.00237227
  0.261452  0.0021601
  0.272907 0.00216513
  0.284982 0.00234089
  0.297711 0.00261286
  0.311128 0.00291971
  0.325272 0.00322319
   0.34018 0.00350218
  0.355896 0.00374621
  0.372462 0.00395133
  0.389924 0.00411764
  0.408331 0.00424785
  0.427734 0.00434622
  0.448188 0.00441779
  0.469747 0.00446786
  0.492474 0.00450142
  0.516431 0.00452292
  0.541683 0.00453602
  0.568302  0.0045436
  0.596362 0.00454774
   0.62594 0.00454986
  0.657119 0.00455087
  0.689984 0.00455132
  0.724628 0.00455151
  0.761147 0.00455158
  0.799642  0.0045516
   0.84022  0.0045516
  0.882994 0.00455161
  0.928082 0.00455161
   0.97561  0.0045516
