     0.004 0.00588826
     0.012  0.0169544
      0.02  0.0273093
     0.028  0.0369832
     0.036  0.0460076
     0.044  0.0544137
     0.052  0.0622321
      0.06  0.0694929
     0.068  0.0762255
     0.076  0.0824585
     0.084    0.08822
     0.092  0.0935371
       0.1  0.0984361
     0.108   0.102943
     0.116   0.107081
     0.124   0.110875
     0.132   0.114348
      0.14   0.117521
     0.148   0.120415
     0.156    0.12305
     0.164   0.125445
     0.172   0.127618
      0.18   0.129586
     0.188   0.131365
     0.196    0.13297
  0.204065   0.134428
  0.212415   0.135783
  0.221217   0.137054
  0.230495   0.138237
  0.240275   0.139327
  0.250584   0.140322
  0.261452    0.14122
  0.272907   0.142021
  0.284982   0.142725
  0.297711   0.143336
  0.311128   0.143857
  0.325272   0.144295
   0.34018   0.144656
  0.355896   0.144947
  0.372462   0.145176
  0.389924   0.145353
  0.408331   0.145485
  0.427734   0.145581
  0.448188   0.145649
  0.469747   0.145695
  0.492474   0.145725
  0.516431   0.145744
  0.541683   0.145756
  0.568302   0.145762
  0.596362   0.145765
   0.62594   0.145767
  0.657119   0.145768
  0.689984   0.145768
  0.724628   0.145768
  0.761147   0.145768
  0.799642   0.145768
   0.84022   0.145768
  0.882994   0.145768
  0.928082   0.145768
   0.97561   0.145768
