     0.004 -1.87559e-15
     0.012 -7.6987e-15
      0.02 1.92317e-14
     0.028 5.16289e-14
     0.036 1.80974e-14
     0.044 -5.25346e-14
     0.052 -8.51112e-14
      0.06 -3.84358e-14
     0.068 4.34484e-14
     0.076 6.96555e-14
     0.084 5.1958e-14
     0.092 3.54643e-14
       0.1 2.19753e-14
     0.108 1.25738e-14
     0.116 3.25593e-15
     0.124 -3.37935e-15
     0.132 -5.34217e-15
      0.14 -5.48205e-15
     0.148 -7.88955e-15
     0.156 -1.18559e-14
     0.164 -1.16836e-14
     0.172 -8.53624e-15
      0.18 -4.51544e-15
     0.188 -1.93374e-15
     0.196 -3.83005e-15
  0.204065 -4.84608e-15
  0.212415 -2.31143e-15
  0.221217 -1.82126e-15
  0.230495 -1.24787e-15
  0.240275 -2.44781e-16
  0.250584 -2.16234e-15
  0.261452 -3.75282e-15
  0.272907 -4.26612e-15
  0.284982 -4.61282e-15
  0.297711 -4.55235e-15
  0.311128 -3.93299e-15
  0.325272 -3.05907e-15
   0.34018 -2.32353e-15
  0.355896 -1.23699e-15
  0.372462 6.91197e-16
  0.389924 9.87958e-16
  0.408331 1.35431e-15
  0.427734 2.37038e-15
  0.448188 3.09671e-15
  0.469747 2.69766e-15
  0.492474 2.80497e-15
  0.516431 2.49909e-15
  0.541683 1.71405e-15
  0.568302 8.82762e-16
  0.596362 5.7472e-16
   0.62594 -4.98628e-16
  0.657119 -1.16236e-15
  0.689984 -4.60999e-16
  0.724628 -4.74766e-16
  0.761147 -5.26385e-16
  0.799642 -9.24768e-17
   0.84022 9.61841e-16
  0.882994 -1.57873e-15
  0.928082 6.08383e-16
   0.97561 2.30326e-15
