     0.004 9.22828e-10
     0.012 3.9527e-09
      0.02 8.60157e-09
     0.028 1.30011e-08
     0.036  1.545e-08
     0.044 1.60543e-08
     0.052 1.53636e-08
      0.06 1.41741e-08
     0.068 1.31653e-08
     0.076 1.30856e-08
     0.084 1.3999e-08
     0.092 1.54907e-08
       0.1 1.70256e-08
     0.108 1.82693e-08
     0.116 1.90579e-08
     0.124 1.93843e-08
     0.132 1.92436e-08
      0.14 1.87702e-08
     0.148 1.7992e-08
     0.156 1.70536e-08
     0.164 1.5943e-08
     0.172 1.48032e-08
      0.18 1.36096e-08
     0.188 1.24678e-08
     0.196 1.13264e-08
  0.204065 1.0318e-08
  0.212415 9.3704e-09
  0.221217 8.49073e-09
  0.230495 7.63144e-09
  0.240275 6.88976e-09
  0.250584 6.22008e-09
  0.261452 5.67334e-09
  0.272907 5.20331e-09
  0.284982 4.83327e-09
  0.297711 4.51892e-09
  0.311128 4.26759e-09
  0.325272 4.03531e-09
   0.34018 3.82763e-09
  0.355896 3.61005e-09
  0.372462 3.3958e-09
  0.389924 3.16752e-09
  0.408331 2.94241e-09
  0.427734 2.71746e-09
  0.448188 2.50651e-09
  0.469747 2.3107e-09
  0.492474 2.13623e-09
  0.516431 1.9822e-09
  0.541683 1.84716e-09
  0.568302 1.72751e-09
  0.596362 1.61876e-09
   0.62594 1.51542e-09
  0.657119 1.41214e-09
  0.689984 1.30558e-09
  0.724628 1.20313e-09
  0.761147 1.12636e-09
  0.799642 1.10224e-09
   0.84022 1.11452e-09
  0.882994 1.06205e-09
  0.928082 8.15225e-10
   0.97561 3.1413e-10
