     0.004 2.96911e-11
     0.012 5.98081e-11
      0.02 6.98075e-11
     0.028 7.26305e-11
     0.036 7.50631e-11
     0.044 7.84225e-11
     0.052 8.24906e-11
      0.06 8.68615e-11
     0.068 9.1259e-11
     0.076 9.54943e-11
     0.084 9.94396e-11
     0.092 1.0297e-10
       0.1 1.0603e-10
     0.108 1.08536e-10
     0.116 1.10467e-10
     0.124 1.11793e-10
     0.132 1.12582e-10
      0.14 1.12449e-10
     0.148 1.11747e-10
     0.156 1.10385e-10
     0.164 1.08335e-10
     0.172 1.05589e-10
      0.18 1.02132e-10
     0.188 9.79445e-11
     0.196 9.30048e-11
  0.204065 8.72917e-11
  0.212415 8.08002e-11
  0.221217 7.3669e-11
  0.230495 6.62181e-11
  0.240275 5.87485e-11
  0.250584 5.16226e-11
  0.261452 4.51891e-11
  0.272907 3.9928e-11
  0.284982 3.62045e-11
  0.297711 3.43594e-11
  0.311128 3.42806e-11
  0.325272 3.56158e-11
   0.34018 3.77506e-11
  0.355896 4.02041e-11
  0.372462 4.25424e-11
  0.389924 4.45346e-11
  0.408331 4.59904e-11
  0.427734 4.68589e-11
  0.448188 4.70928e-11
  0.469747 4.67367e-11
  0.492474 4.5828e-11
  0.516431 4.44595e-11
  0.541683 4.27156e-11
  0.568302 4.07006e-11
  0.596362 3.85148e-11
   0.62594 3.62517e-11
  0.657119 3.39977e-11
  0.689984 3.18257e-11
  0.724628 2.98018e-11
  0.761147 2.79615e-11
  0.799642 2.63621e-11
   0.84022 2.50096e-11
  0.882994 2.39368e-11
  0.928082 2.31663e-11
   0.97561 2.26747e-11
