     0.004 2.09854e-05
     0.012 8.80354e-05
      0.02 0.000155128
     0.028 0.000208326
     0.036 0.000244706
     0.044 0.000265173
     0.052 0.000272075
      0.06 0.000268181
     0.068 0.000256207
     0.076 0.000238597
     0.084 0.000217432
     0.092 0.00019441
       0.1 0.000170862
     0.108 0.000147794
     0.116 0.000125922
     0.124 0.000105728
     0.132 8.74972e-05
      0.14 7.13638e-05
     0.148 5.73462e-05
     0.156 4.53769e-05
     0.164 3.53303e-05
     0.172 2.70428e-05
      0.18 2.03301e-05
     0.188 1.50002e-05
     0.196 1.08628e-05
  0.204065 7.71405e-06
  0.212415 5.35247e-06
  0.221217 3.66722e-06
  0.230495 2.59276e-06
  0.240275 2.04931e-06
  0.250584 1.94693e-06
  0.261452 2.19041e-06
  0.272907 2.68457e-06
  0.284982 3.3393e-06
  0.297711 4.07422e-06
  0.311128 4.82213e-06
  0.325272 5.53128e-06
   0.34018  6.166e-06
  0.355896 6.70595e-06
  0.372462  7.144e-06
  0.389924 7.4836e-06
  0.408331 7.7351e-06
  0.427734 7.9131e-06
  0.448188 8.0332e-06
  0.469747 8.1104e-06
  0.492474 8.1575e-06
  0.516431 8.1847e-06
  0.541683 8.19955e-06
  0.568302 8.2071e-06
  0.596362 8.21075e-06
   0.62594 8.21235e-06
  0.657119  8.213e-06
  0.689984 8.21325e-06
  0.724628 8.21335e-06
  0.761147 8.21335e-06
  0.799642 8.21335e-06
   0.84022 8.21335e-06
  0.882994 8.21335e-06
  0.928082 8.21335e-06
   0.97561 8.21335e-06
