     0.004 7.7704e-19
     0.012 7.96026e-19
      0.02 8.09672e-19
     0.028 8.04995e-19
     0.036 7.8438e-19
     0.044 7.59563e-19
     0.052 7.37137e-19
      0.06 7.19229e-19
     0.068 7.04472e-19
     0.076 6.88997e-19
     0.084 6.67725e-19
     0.092 6.37423e-19
       0.1 5.97018e-19
     0.108 5.48092e-19
     0.116 4.93812e-19
     0.124 4.3814e-19
     0.132 3.84486e-19
      0.14 3.35586e-19
     0.148 2.93178e-19
     0.156 2.57961e-19
     0.164 2.29695e-19
     0.172 2.07599e-19
      0.18 1.90567e-19
     0.188 1.77415e-19
     0.196 1.66985e-19
  0.204065 1.5824e-19
  0.212415 1.50278e-19
  0.221217 1.42627e-19
  0.230495 1.35019e-19
  0.240275 1.2734e-19
  0.250584 1.19671e-19
  0.261452 1.12263e-19
  0.272907 1.05397e-19
  0.284982 9.93345e-20
  0.297711 9.42285e-20
  0.311128 9.01719e-20
  0.325272 8.71698e-20
   0.34018 8.51771e-20
  0.355896 8.41041e-20
  0.372462 8.38446e-20
  0.389924 8.43074e-20
  0.408331 8.54072e-20
  0.427734 8.70785e-20
  0.448188 8.92703e-20
  0.469747 9.19372e-20
  0.492474 9.50517e-20
  0.516431 9.85752e-20
  0.541683 1.02471e-19
  0.568302 1.06711e-19
  0.596362 1.11259e-19
   0.62594 1.16082e-19
  0.657119 1.21134e-19
  0.689984 1.26354e-19
  0.724628 1.3164e-19
  0.761147 1.36852e-19
  0.799642 1.41927e-19
   0.84022 1.46979e-19
  0.882994 1.52188e-19
  0.928082 1.57385e-19
   0.97561 1.61351e-19
