     0.004 0.00647849
     0.012  0.0132692
      0.02  0.0176141
     0.028  0.0204121
     0.036  0.0221226
     0.044  0.0230292
     0.052   0.023327
      0.06  0.0231595
     0.068  0.0226366
     0.076  0.0218448
     0.084  0.0208534
     0.092  0.0197185
       0.1  0.0184858
     0.108  0.0171927
     0.116  0.0158696
     0.124  0.0145415
     0.132  0.0132285
      0.14  0.0119469
     0.148  0.0107095
     0.156 0.00952648
     0.164 0.00840598
     0.172 0.00735429
      0.18 0.00637654
     0.188 0.00547726
     0.196 0.00466108
  0.204065 0.00392786
  0.212415 0.00327184
  0.221217 0.00270822
  0.230495 0.00227718
  0.240275 0.00202451
  0.250584 0.00197328
  0.261452 0.00209304
  0.272907 0.00231714
  0.284982  0.0025843
  0.297711 0.00285455
  0.311128 0.00310552
  0.325272 0.00332604
   0.34018 0.00351169
  0.355896 0.00366223
  0.372462 0.00377995
  0.389924 0.00386875
  0.408331 0.00393322
  0.427734 0.00397822
  0.448188 0.00400829
  0.469747 0.00402751
  0.492474 0.00403918
  0.516431 0.00404591
  0.541683 0.00404958
  0.568302 0.00405144
  0.596362 0.00405234
   0.62594 0.00405274
  0.657119  0.0040529
  0.689984 0.00405296
  0.724628 0.00405299
  0.761147 0.00405299
  0.799642 0.00405299
   0.84022 0.00405299
  0.882994 0.00405299
  0.928082 0.00405299
   0.97561 0.00405299
