     0.004 0.00646083
     0.012  0.0185225
      0.02  0.0297265
     0.028  0.0401136
     0.036  0.0497256
     0.044  0.0586043
     0.052  0.0667902
      0.06  0.0743232
     0.068  0.0812421
     0.076  0.0875845
     0.084  0.0933871
     0.092  0.0986852
       0.1   0.103513
     0.108   0.107903
     0.116   0.111887
     0.124   0.115494
     0.132   0.118754
      0.14   0.121694
     0.148   0.124338
     0.156   0.126713
     0.164    0.12884
     0.172   0.130741
      0.18   0.132437
     0.188   0.133945
     0.196   0.135284
  0.204065    0.13648
  0.212415   0.137571
  0.221217   0.138577
  0.230495   0.139493
  0.240275   0.140318
  0.250584   0.141053
  0.261452   0.141699
  0.272907   0.142258
  0.284982   0.142735
  0.297711   0.143135
  0.311128   0.143463
  0.325272   0.143728
   0.34018   0.143936
  0.355896   0.144096
  0.372462   0.144216
  0.389924   0.144302
  0.408331   0.144363
  0.427734   0.144405
  0.448188   0.144432
  0.469747   0.144449
  0.492474   0.144459
  0.516431   0.144464
  0.541683   0.144467
  0.568302   0.144469
  0.596362    0.14447
   0.62594    0.14447
  0.657119    0.14447
  0.689984    0.14447
  0.724628    0.14447
  0.761147    0.14447
  0.799642    0.14447
   0.84022    0.14447
  0.882994    0.14447
  0.928082    0.14447
   0.97561    0.14447
