     0.004 -2.4115e-15
     0.012 -1.17505e-14
      0.02 1.50842e-14
     0.028 5.19124e-14
     0.036 1.86375e-14
     0.044 -5.52381e-14
     0.052 -8.54199e-14
      0.06 -3.25555e-14
     0.068 5.36275e-14
     0.076 7.78343e-14
     0.084 5.41824e-14
     0.092 3.29826e-14
       0.1 1.66393e-14
     0.108 4.74858e-15
     0.116 -3.82505e-15
     0.124 -4.60535e-15
     0.132 -3.64696e-15
      0.14 -4.88525e-15
     0.148 -7.63279e-15
     0.156 -1.11014e-14
     0.164 -1.08553e-14
     0.172 -7.80602e-15
      0.18 -3.73515e-15
     0.188 -1.04386e-15
     0.196 -2.23835e-15
  0.204065 -2.92179e-15
  0.212415 -7.22555e-16
  0.221217 7.4139e-16
  0.230495 -5.23019e-16
  0.240275 -1.88273e-15
  0.250584 -2.82052e-15
  0.261452 -3.72542e-15
  0.272907 -4.95031e-15
  0.284982 -5.6754e-15
  0.297711 -5.11605e-15
  0.311128 -4.01427e-15
  0.325272 -3.00048e-15
   0.34018 -1.88937e-15
  0.355896 -6.6244e-17
  0.372462 1.59523e-15
  0.389924 2.06776e-15
  0.408331 2.83074e-15
  0.427734 3.35913e-15
  0.448188 3.32755e-15
  0.469747 2.30381e-15
  0.492474 2.02178e-15
  0.516431 1.25557e-15
  0.541683 4.85121e-16
  0.568302 3.20753e-17
  0.596362 -9.74664e-17
   0.62594 -1.00195e-15
  0.657119 -1.49362e-15
  0.689984 -6.20517e-16
  0.724628 -5.08289e-16
  0.761147 -4.71562e-16
  0.799642 3.96658e-17
   0.84022 9.81411e-16
  0.882994 -1.41824e-15
  0.928082 8.94672e-16
   0.97561 2.35964e-15
