     0.004 1.02089e-09
     0.012 4.31923e-09
      0.02 9.36677e-09
     0.028 1.41184e-08
     0.036 1.67064e-08
     0.044 1.7269e-08
     0.052 1.64451e-08
      0.06 1.51433e-08
     0.068 1.41461e-08
     0.076 1.42412e-08
     0.084 1.54171e-08
     0.092 1.71453e-08
       0.1 1.8838e-08
     0.108 2.01484e-08
     0.116 2.09137e-08
     0.124 2.11482e-08
     0.132 2.08543e-08
      0.14 2.01958e-08
     0.148 1.92071e-08
     0.156 1.80584e-08
     0.164 1.67408e-08
     0.172 1.54164e-08
      0.18 1.40617e-08
     0.188 1.27942e-08
     0.196 1.15646e-08
  0.204065 1.05038e-08
  0.212415 9.53796e-09
  0.221217 8.67082e-09
  0.230495 7.85636e-09
  0.240275 7.17455e-09
  0.250584 6.57262e-09
  0.261452 6.08613e-09
  0.272907 5.66029e-09
  0.284982 5.30955e-09
  0.297711 4.9856e-09
  0.311128 4.6997e-09
  0.325272 4.41249e-09
   0.34018 4.13932e-09
  0.355896 3.85628e-09
  0.372462 3.58409e-09
  0.389924 3.31406e-09
  0.408331 3.0635e-09
  0.427734 2.83124e-09
  0.448188 2.62491e-09
  0.469747 2.44173e-09
  0.492474 2.28119e-09
  0.516431 2.13882e-09
  0.541683 2.01058e-09
  0.568302 1.89262e-09
  0.596362 1.78124e-09
   0.62594 1.67199e-09
  0.657119 1.56043e-09
  0.689984 1.44392e-09
  0.724628 1.33134e-09
  0.761147 1.24701e-09
  0.799642 1.22103e-09
   0.84022 1.23533e-09
  0.882994 1.1776e-09
  0.928082  9.041e-10
   0.97561 3.48405e-10
