     0.004 3.2568e-11
     0.012 6.5207e-11
      0.02 7.55338e-11
     0.028 7.79222e-11
     0.036 7.98867e-11
     0.044 8.29088e-11
     0.052 8.67575e-11
      0.06 9.09933e-11
     0.068 9.53121e-11
     0.076 9.95098e-11
     0.084 1.03447e-10
     0.092 1.06988e-10
       0.1 1.10076e-10
     0.108 1.12618e-10
     0.116 1.14595e-10
     0.124 1.15976e-10
     0.132 1.16836e-10
      0.14 1.16727e-10
     0.148 1.16054e-10
     0.156 1.14709e-10
     0.164 1.12652e-10
     0.172 1.09867e-10
      0.18 1.06326e-10
     0.188 1.01995e-10
     0.196 9.68335e-11
  0.204065 9.07962e-11
  0.212415 8.38543e-11
  0.221217 7.61491e-11
  0.230495 6.80154e-11
  0.240275 5.9778e-11
  0.250584 5.18266e-11
  0.261452 4.45853e-11
  0.272907 3.86285e-11
  0.284982 3.44943e-11
  0.297711 3.26624e-11
  0.311128 3.30009e-11
  0.325272 3.49815e-11
   0.34018 3.77795e-11
  0.355896 4.07956e-11
  0.372462 4.3541e-11
  0.389924 4.57904e-11
  0.408331 4.73656e-11
  0.427734 4.82508e-11
  0.448188 4.84236e-11
  0.469747 4.79659e-11
  0.492474 4.69367e-11
  0.516431 4.54546e-11
  0.541683 4.36147e-11
  0.568302 4.1531e-11
  0.596362 3.93062e-11
   0.62594 3.70311e-11
  0.657119 3.47865e-11
  0.689984 3.26395e-11
  0.724628 3.06499e-11
  0.761147 2.88478e-11
  0.799642 2.72878e-11
   0.84022 2.59734e-11
  0.882994 2.49341e-11
  0.928082 2.42045e-11
   0.97561 2.37418e-11
