     0.004 2.23683e-05
     0.012 9.26618e-05
      0.02 0.000161687
     0.028 0.000215128
     0.036 0.000250379
     0.044 0.000268805
     0.052 0.000273186
      0.06 0.000266646
     0.068 0.000252166
     0.076 0.000232369
     0.084 0.00020944
     0.092 0.000185122
       0.1 0.000160749
     0.108 0.000137291
     0.116 0.000115416
     0.124 9.55382e-05
     0.132 7.78762e-05
      0.14 6.24962e-05
     0.148 4.93536e-05
     0.156 3.83253e-05
     0.164 2.92383e-05
     0.172 2.1891e-05
      0.18 1.60698e-05
     0.188 1.15616e-05
     0.196 8.1625e-06
  0.204065 5.66608e-06
  0.212415 3.88043e-06
  0.221217 2.69482e-06
  0.230495 2.03498e-06
  0.240275 1.81636e-06
  0.250584 1.94865e-06
  0.261452 2.34071e-06
  0.272907 2.90549e-06
  0.284982 3.56443e-06
  0.297711  4.251e-06
  0.311128 4.91299e-06
  0.325272 5.51343e-06
   0.34018 6.03005e-06
  0.355896 6.45355e-06
  0.372462  6.785e-06
  0.389924 7.0329e-06
  0.408331   7.21e-06
  0.427734 7.3307e-06
  0.448188 7.40905e-06
  0.469747 7.4574e-06
  0.492474 7.48565e-06
  0.516431 7.5012e-06
  0.541683 7.5093e-06
  0.568302 7.5132e-06
  0.596362 7.51495e-06
   0.62594 7.5157e-06
  0.657119  7.516e-06
  0.689984 7.5161e-06
  0.724628 7.5161e-06
  0.761147 7.5161e-06
  0.799642 7.5161e-06
   0.84022 7.5161e-06
  0.882994 7.5161e-06
  0.928082 7.5161e-06
   0.97561 7.5161e-06
