     0.004 8.38433e-19
     0.012 8.58869e-19
      0.02 8.73489e-19
     0.028 8.68311e-19
     0.036 8.45952e-19
     0.044 8.19042e-19
     0.052 7.94567e-19
      0.06 7.74662e-19
     0.068 7.57757e-19
     0.076 7.39698e-19
     0.084 7.15164e-19
     0.092 6.8091e-19
       0.1 6.36041e-19
     0.108 5.82473e-19
     0.116 5.23744e-19
     0.124 4.64143e-19
     0.132 4.07248e-19
      0.14 3.5586e-19
     0.148 3.11651e-19
     0.156 2.75175e-19
     0.164 2.46014e-19
     0.172 2.23208e-19
      0.18 2.05502e-19
     0.188 1.9161e-19
     0.196 1.80327e-19
  0.204065 1.70612e-19
  0.212415 1.6158e-19
  0.221217 1.52819e-19
  0.230495 1.44135e-19
  0.240275 1.35488e-19
  0.250584 1.27013e-19
  0.261452 1.19002e-19
  0.272907 1.11735e-19
  0.284982 1.05448e-19
  0.297711 1.00257e-19
  0.311128 9.62163e-20
  0.325272 9.32954e-20
   0.34018 9.14216e-20
  0.355896 9.04875e-20
  0.372462 9.03799e-20
  0.389924 9.10075e-20
  0.408331 9.2288e-20
  0.427734 9.41597e-20
  0.448188 9.65754e-20
  0.469747 9.94923e-20
  0.492474 1.02885e-19
  0.516431 1.06715e-19
  0.541683 1.10945e-19
  0.568302 1.15546e-19
  0.596362 1.20479e-19
   0.62594 1.25708e-19
  0.657119 1.31186e-19
  0.689984 1.36844e-19
  0.724628 1.42573e-19
  0.761147 1.48221e-19
  0.799642 1.53722e-19
   0.84022 1.59197e-19
  0.882994 1.64841e-19
  0.928082 1.70472e-19
   0.97561 1.7477e-19
