     0.004 0.00668855
     0.012  0.0136134
      0.02  0.0179826
     0.028  0.0207426
     0.036  0.0223776
     0.044  0.0231864
     0.052  0.0233746
      0.06  0.0230931
     0.068  0.0224574
     0.076  0.0215578
     0.084  0.0204666
     0.092  0.0192417
       0.1  0.0179303
     0.108  0.0165705
     0.116  0.0151931
     0.124   0.013823
     0.132  0.0124801
      0.14    0.01118
     0.148 0.00993515
     0.156 0.00875503
     0.164   0.007647
     0.172  0.0066168
      0.18 0.00566919
     0.188 0.00480867
     0.196 0.00404042
  0.204065 0.00336633
  0.212415 0.00278583
  0.221217 0.00232156
  0.230495 0.00201741
  0.240275 0.00190597
  0.250584 0.00197416
  0.261452 0.00216366
  0.272907  0.0024106
  0.284982 0.00266999
  0.297711 0.00291582
  0.311128 0.00313464
  0.325272 0.00332067
   0.34018 0.00347277
  0.355896 0.00359265
  0.372462 0.00368375
  0.389924 0.00375044
  0.408331 0.00379737
  0.427734 0.00382902
  0.448188 0.00384943
  0.469747 0.00386197
  0.492474 0.00386928
  0.516431 0.00387329
  0.541683 0.00387538
  0.568302 0.00387639
  0.596362 0.00387684
   0.62594 0.00387703
  0.657119 0.00387711
  0.689984 0.00387714
  0.724628 0.00387714
  0.761147 0.00387714
  0.799642 0.00387714
   0.84022 0.00387714
  0.882994 0.00387714
  0.928082 0.00387714
   0.97561 0.00387714
