     0.004 0.00669806
     0.012  0.0191681
      0.02  0.0307162
     0.028  0.0413879
     0.036  0.0512302
     0.044  0.0602895
     0.052  0.0686112
      0.06  0.0762397
     0.068  0.0832181
     0.076  0.0895883
     0.084  0.0953909
     0.092   0.100665
       0.1   0.105448
     0.108   0.109776
     0.116   0.113683
     0.124   0.117203
     0.132   0.120366
      0.14   0.123202
     0.148   0.125739
     0.156   0.128003
     0.164   0.130018
     0.172   0.131807
      0.18   0.133393
     0.188   0.134793
     0.196   0.136028
  0.204065   0.137122
  0.212415   0.138113
  0.221217   0.139019
  0.230495   0.139836
  0.240275   0.140566
  0.250584   0.141209
  0.261452   0.141767
  0.272907   0.142244
  0.284982   0.142645
  0.297711   0.142977
  0.311128   0.143244
  0.325272   0.143456
   0.34018    0.14362
  0.355896   0.143743
  0.372462   0.143833
  0.389924   0.143896
  0.408331   0.143939
  0.427734   0.143968
  0.448188   0.143986
  0.469747   0.143997
  0.492474   0.144003
  0.516431   0.144006
  0.541683   0.144008
  0.568302   0.144009
  0.596362   0.144009
   0.62594   0.144009
  0.657119   0.144009
  0.689984   0.144009
  0.724628   0.144009
  0.761147   0.144009
  0.799642   0.144009
   0.84022   0.144009
  0.882994   0.144009
  0.928082   0.144009
   0.97561   0.144009
