     0.004 -2.70148e-15
     0.012 -1.38672e-14
      0.02 1.26383e-14
     0.028 5.14253e-14
     0.036 1.89118e-14
     0.044 -5.55079e-14
     0.052 -8.40083e-14
      0.06 -2.8779e-14
     0.068  5.825e-14
     0.076 8.09588e-14
     0.084 5.45666e-14
     0.092 3.13839e-14
       0.1 1.35625e-14
     0.108 -8.80943e-16
     0.116 -4.87772e-15
     0.124 -1.81927e-15
     0.132 -3.12735e-15
      0.14 -4.66852e-15
     0.148 -7.40427e-15
     0.156 -1.06828e-14
     0.164 -1.0415e-14
     0.172 -7.18521e-15
      0.18 -3.3389e-15
     0.188 -9.84881e-16
     0.196 -1.92085e-15
  0.204065 -2.15431e-15
  0.212415 4.38367e-16
  0.221217 1.42445e-15
  0.230495 -7.21393e-16
  0.240275 -2.1431e-15
  0.250584 -2.8225e-15
  0.261452 -3.91196e-15
  0.272907 -5.35869e-15
  0.284982 -5.96517e-15
  0.297711 -5.12534e-15
  0.311128 -3.94437e-15
  0.325272 -2.91773e-15
   0.34018 -1.49283e-15
  0.355896 5.22599e-16
  0.372462 1.94628e-15
  0.389924 2.54784e-15
  0.408331 3.29075e-15
  0.427734 3.43995e-15
  0.448188 3.05466e-15
  0.469747 1.94071e-15
  0.492474 1.57617e-15
  0.516431 7.40557e-16
  0.541683 1.80475e-16
  0.568302 -2.12091e-16
  0.596362 -2.98167e-16
   0.62594 -1.14051e-15
  0.657119 -1.51497e-15
  0.689984 -6.12942e-16
  0.724628 -4.96327e-16
  0.761147 -4.35322e-16
  0.799642 1.13739e-16
   0.84022 9.51467e-16
  0.882994 -1.29532e-15
  0.928082 1.00959e-15
   0.97561 2.27767e-15
