     0.004 1.06139e-09
     0.012 4.46834e-09
      0.02 9.67696e-09
     0.028 1.45708e-08
     0.036 1.72148e-08
     0.044 1.77613e-08
     0.052 1.68879e-08
      0.06 1.55496e-08
     0.068 1.45689e-08
     0.076 1.47411e-08
     0.084 1.6019e-08
     0.092 1.78313e-08
       0.1 1.95726e-08
     0.108 2.08943e-08
     0.116 2.16352e-08
     0.124 2.18197e-08
     0.132 2.14541e-08
      0.14 2.07143e-08
     0.148 1.96382e-08
     0.156 1.84064e-08
     0.164 1.70119e-08
     0.172 1.56232e-08
      0.18 1.42184e-08
     0.188 1.29174e-08
     0.196 1.16717e-08
  0.204065 1.06088e-08
  0.212415 9.65377e-09
  0.221217 8.80643e-09
  0.230495 8.01902e-09
  0.240275 7.36232e-09
  0.250584 6.78044e-09
  0.261452 6.30503e-09
  0.272907 5.87857e-09
  0.284982 5.51614e-09
  0.297711 5.17086e-09
  0.311128 4.85776e-09
  0.325272 4.54116e-09
   0.34018 4.23999e-09
  0.355896 3.93444e-09
  0.372462 3.64615e-09
  0.389924 3.36829e-09
  0.408331 3.11601e-09
  0.427734 2.88727e-09
  0.448188 2.68639e-09
  0.469747 2.50889e-09
  0.492474 2.35246e-09
  0.516431 2.21214e-09
  0.541683 2.08385e-09
  0.568302 1.96426e-09
  0.596362 1.85018e-09
   0.62594 1.73752e-09
  0.657119 1.62202e-09
  0.689984 1.50114e-09
  0.724628 1.38428e-09
  0.761147 1.29681e-09
  0.799642 1.27009e-09
   0.84022 1.28528e-09
  0.882994 1.2254e-09
  0.928082 9.40878e-10
   0.97561 3.62591e-10
