     0.004 3.37439e-11
     0.012 6.74117e-11
      0.02 7.78398e-11
     0.028 7.99733e-11
     0.036 8.16223e-11
     0.044 8.43478e-11
     0.052 8.79294e-11
      0.06 9.19281e-11
     0.068 9.60385e-11
     0.076 1.00058e-10
     0.084 1.03847e-10
     0.092 1.07269e-10
       0.1 1.10266e-10
     0.108 1.12744e-10
     0.116 1.14685e-10
     0.124 1.16053e-10
     0.132 1.1693e-10
      0.14 1.16833e-10
     0.148 1.16192e-10
     0.156 1.14889e-10
     0.164 1.12877e-10
     0.172 1.10131e-10
      0.18 1.06616e-10
     0.188 1.02288e-10
     0.196 9.70959e-11
  0.204065 9.0981e-11
  0.212415 8.39105e-11
  0.221217 7.60378e-11
  0.230495 6.77205e-11
  0.240275 5.93005e-11
  0.250584 5.11957e-11
  0.261452 4.38547e-11
  0.272907 3.78951e-11
  0.284982 3.38836e-11
  0.297711 3.22896e-11
  0.311128 3.29001e-11
  0.325272 3.51032e-11
   0.34018 3.80314e-11
  0.355896 4.10918e-11
  0.372462 4.38119e-11
  0.389924 4.59909e-11
  0.408331 4.7468e-11
  0.427734 4.82467e-11
  0.448188 4.83146e-11
  0.469747 4.77669e-11
  0.492474 4.66668e-11
  0.516431 4.51397e-11
  0.541683 4.32772e-11
  0.568302 4.1196e-11
  0.596362 3.89918e-11
   0.62594 3.67538e-11
  0.657119 3.45559e-11
  0.689984 3.2462e-11
  0.724628 3.05278e-11
  0.761147  2.878e-11
  0.799642 2.72716e-11
   0.84022 2.60033e-11
  0.882994 2.50038e-11
  0.928082 2.43122e-11
   0.97561 2.38763e-11
