     0.004 4.40811e-05
     0.012 0.000154842
      0.02 0.000236395
     0.028 0.000276283
     0.036 0.000282032
     0.044 0.000264541
     0.052 0.000233639
      0.06 0.000196893
     0.068 0.000159554
     0.076 0.000124898
     0.084 9.46846e-05
     0.092 6.95896e-05
       0.1 4.95803e-05
     0.108 3.42034e-05
     0.116 2.27969e-05
     0.124 1.46349e-05
     0.132 9.01835e-06
      0.14 5.3261e-06
     0.148 3.03685e-06
     0.156 1.73303e-06
     0.164 1.09331e-06
     0.172 8.79558e-07
      0.18 9.21655e-07
     0.188 1.10275e-06
     0.196 1.34604e-06
  0.204065 1.60609e-06
  0.212415 1.86155e-06
  0.221217 2.09819e-06
  0.230495 2.30466e-06
  0.240275 2.47562e-06
  0.250584 2.61051e-06
  0.261452 2.71209e-06
  0.272907 2.78515e-06
  0.284982 2.83532e-06
  0.297711 2.86815e-06
  0.311128 2.8886e-06
  0.325272 2.90068e-06
   0.34018 2.90744e-06
  0.355896 2.91099e-06
  0.372462 2.91275e-06
  0.389924 2.91355e-06
  0.408331 2.91389e-06
  0.427734 2.91403e-06
  0.448188 2.91407e-06
  0.469747 2.91408e-06
  0.492474 2.91408e-06
  0.516431 2.91408e-06
  0.541683 2.91408e-06
  0.568302 2.91407e-06
  0.596362 2.91407e-06
   0.62594 2.91407e-06
  0.657119 2.91407e-06
  0.689984 2.91406e-06
  0.724628 2.91406e-06
  0.761147 2.91406e-06
  0.799642 2.91406e-06
   0.84022 2.91406e-06
  0.882994 2.91406e-06
  0.928082 2.91406e-06
   0.97561 2.91406e-06
