     0.004 1.9517e-18
     0.012 1.99857e-18
      0.02 2.03107e-18
     0.028 2.01755e-18
     0.036 1.96454e-18
     0.044 1.89986e-18
     0.052 1.83673e-18
      0.06 1.77774e-18
     0.068 1.71934e-18
     0.076 1.65484e-18
     0.084 1.57696e-18
     0.092 1.48306e-18
       0.1 1.37443e-18
     0.108 1.25602e-18
     0.116 1.13398e-18
     0.124 1.01446e-18
     0.132 9.01672e-19
      0.14 7.98439e-19
     0.148 7.0618e-19
     0.156 6.2524e-19
     0.164 5.55124e-19
     0.172 4.95054e-19
      0.18 4.4411e-19
     0.188 4.01442e-19
     0.196 3.66112e-19
  0.204065 3.37021e-19
  0.212415 3.12812e-19
  0.221217 2.92657e-19
  0.230495 2.75971e-19
  0.240275 2.62135e-19
  0.250584 2.50618e-19
  0.261452 2.40972e-19
  0.272907 2.32878e-19
  0.284982 2.26173e-19
  0.297711 2.20758e-19
  0.311128 2.16629e-19
  0.325272 2.13792e-19
   0.34018 2.12275e-19
  0.355896 2.12087e-19
  0.372462 2.13209e-19
  0.389924 2.15629e-19
  0.408331 2.19305e-19
  0.427734 2.24195e-19
  0.448188 2.30263e-19
  0.469747 2.37453e-19
  0.492474 2.45735e-19
  0.516431 2.55035e-19
  0.541683 2.65272e-19
  0.568302 2.76384e-19
  0.596362 2.88282e-19
   0.62594 3.00884e-19
  0.657119 3.14074e-19
  0.689984 3.27691e-19
  0.724628 3.41473e-19
  0.761147 3.55056e-19
  0.799642 3.68279e-19
   0.84022 3.81436e-19
  0.882994 3.94997e-19
  0.928082 4.08521e-19
   0.97561 4.18844e-19
