     0.004 0.00938947
     0.012  0.0175978
      0.02  0.0217437
     0.028  0.0235067
     0.036    0.02375
     0.044  0.0230018
     0.052  0.0216166
      0.06   0.019844
     0.068  0.0178636
     0.076   0.015805
     0.084  0.0137612
     0.092  0.0117974
       0.1 0.00995795
     0.108 0.00827084
     0.116 0.00675232
     0.124 0.00541015
     0.132 0.00424696
      0.14 0.00326377
     0.148 0.00246449
     0.156 0.00186173
     0.164 0.00147872
     0.172 0.00132632
      0.18 0.00135769
     0.188 0.00148509
     0.196 0.00164075
  0.204065 0.00179225
  0.212415 0.00192953
  0.221217 0.00204851
  0.230495 0.00214693
  0.240275 0.00222514
  0.250584 0.00228495
  0.261452 0.00232899
  0.272907 0.00236015
  0.284982 0.00238131
  0.297711 0.00239506
  0.311128 0.00240358
  0.325272  0.0024086
   0.34018  0.0024114
  0.355896 0.00241288
  0.372462 0.00241361
  0.389924 0.00241394
  0.408331 0.00241408
  0.427734 0.00241414
  0.448188 0.00241415
  0.469747 0.00241416
  0.492474 0.00241416
  0.516431 0.00241416
  0.541683 0.00241416
  0.568302 0.00241416
  0.596362 0.00241415
   0.62594 0.00241415
  0.657119 0.00241415
  0.689984 0.00241415
  0.724628 0.00241415
  0.761147 0.00241415
  0.799642 0.00241415
   0.84022 0.00241415
  0.882994 0.00241415
  0.928082 0.00241415
   0.97561 0.00241415
