     0.004  0.0100187
     0.012  0.0279571
      0.02   0.043859
     0.028  0.0578842
     0.036  0.0701938
     0.044  0.0809441
     0.052  0.0902848
      0.06  0.0983586
     0.068   0.105301
     0.076   0.111237
     0.084   0.116286
     0.092   0.120556
       0.1   0.124147
     0.108    0.12715
     0.116   0.129646
     0.124   0.131708
     0.132   0.133403
      0.14   0.134786
     0.148   0.135908
     0.156   0.136814
     0.164   0.137539
     0.172   0.138117
      0.18   0.138575
     0.188   0.138934
     0.196   0.139215
  0.204065   0.139435
  0.212415    0.13961
  0.221217   0.139748
  0.230495   0.139855
  0.240275   0.139936
  0.250584   0.139995
  0.261452   0.140037
  0.272907   0.140065
  0.284982   0.140084
  0.297711   0.140097
  0.311128   0.140104
  0.325272   0.140108
   0.34018   0.140111
  0.355896   0.140112
  0.372462   0.140112
  0.389924   0.140113
  0.408331   0.140113
  0.427734   0.140113
  0.448188   0.140113
  0.469747   0.140113
  0.492474   0.140113
  0.516431   0.140113
  0.541683   0.140113
  0.568302   0.140113
  0.596362   0.140113
   0.62594   0.140113
  0.657119   0.140113
  0.689984   0.140113
  0.724628   0.140113
  0.761147   0.140113
  0.799642   0.140113
   0.84022   0.140113
  0.882994   0.140113
  0.928082   0.140113
   0.97561   0.140113
