     0.004 -1.13935e-14
     0.012 -7.18838e-14
      0.02 -7.00443e-14
     0.028 1.08075e-14
     0.036 4.58646e-14
     0.044 2.67484e-14
     0.052 6.8219e-14
      0.06 1.24238e-13
     0.068 1.26503e-13
     0.076 4.33782e-14
     0.084 -4.72126e-14
     0.092 -4.45629e-14
       0.1 -7.38087e-15
     0.108 8.56103e-15
     0.116 9.3254e-15
     0.124 -6.05781e-16
     0.132 -6.96467e-15
      0.14 -5.69318e-15
     0.148 -4.66952e-15
     0.156 -3.97503e-15
     0.164 -2.72138e-15
     0.172 -6.80971e-16
      0.18 1.25192e-16
     0.188 4.20456e-16
     0.196 4.33336e-16
  0.204065  7.919e-16
  0.212415 1.12665e-15
  0.221217 -1.35584e-16
  0.230495 -2.59883e-15
  0.240275 -4.38205e-15
  0.250584 -5.32349e-15
  0.261452 -4.88639e-15
  0.272907 -3.01134e-15
  0.284982 -6.91254e-19
  0.297711 3.13919e-15
  0.311128 4.2494e-15
  0.325272 4.13294e-15
   0.34018 3.81149e-15
  0.355896 3.59452e-15
  0.372462 2.80777e-15
  0.389924 1.42603e-15
  0.408331 -5.12847e-17
  0.427734 -4.81223e-16
  0.448188 -7.70214e-16
  0.469747 -1.04392e-15
  0.492474 -8.934e-16
  0.516431 -9.69212e-16
  0.541683 -9.08521e-16
  0.568302 -7.76856e-16
  0.596362 -6.52194e-16
   0.62594 -7.86221e-16
  0.657119 -5.14502e-16
  0.689984 -2.78687e-16
  0.724628 -1.78125e-16
  0.761147 8.0025e-17
  0.799642 4.79569e-16
   0.84022 3.62162e-16
  0.882994 4.94677e-16
  0.928082 6.51382e-16
   0.97561 1.37423e-16
