     0.004 1.62539e-09
     0.012 6.52652e-09
      0.02 1.39873e-08
     0.028 2.09458e-08
     0.036 2.45715e-08
     0.044 2.52026e-08
     0.052 2.40284e-08
      0.06 2.24795e-08
     0.068 2.16368e-08
     0.076 2.22328e-08
     0.084 2.39341e-08
     0.092 2.5984e-08
       0.1 2.76933e-08
     0.108 2.87578e-08
     0.116 2.90491e-08
     0.124 2.86944e-08
     0.132 2.77615e-08
      0.14 2.65038e-08
     0.148 2.49935e-08
     0.156 2.34264e-08
     0.164 2.17991e-08
     0.172 2.02482e-08
      0.18 1.87395e-08
     0.188 1.73476e-08
     0.196 1.60047e-08
  0.204065 1.4811e-08
  0.212415 1.36787e-08
  0.221217 1.25917e-08
  0.230495 1.14978e-08
  0.240275 1.04953e-08
  0.250584 9.54308e-09
  0.261452 8.70589e-09
  0.272907 7.94699e-09
  0.284982 7.29364e-09
  0.297711 6.72017e-09
  0.311128 6.22972e-09
  0.325272 5.80358e-09
   0.34018 5.4348e-09
  0.355896 5.10926e-09
  0.372462 4.82047e-09
  0.389924 4.55901e-09
  0.408331 4.31931e-09
  0.427734 4.09664e-09
  0.448188 3.88717e-09
  0.469747 3.68749e-09
  0.492474 3.49661e-09
  0.516431 3.31325e-09
  0.541683 3.13661e-09
  0.568302 2.96615e-09
  0.596362 2.80015e-09
   0.62594 2.63415e-09
  0.657119 2.46261e-09
  0.689984 2.28208e-09
  0.724628 2.1077e-09
  0.761147 1.97944e-09
  0.799642 1.9461e-09
   0.84022 1.97725e-09
  0.882994 1.89025e-09
  0.928082 1.45341e-09
   0.97561 5.60419e-10
