     0.004 4.98425e-11
     0.012 9.69067e-11
      0.02 1.07248e-10
     0.028 1.03431e-10
     0.036 9.76108e-11
     0.044 9.28893e-11
     0.052 8.95672e-11
      0.06 8.74293e-11
     0.068 8.62845e-11
     0.076 8.59981e-11
     0.084 8.64477e-11
     0.092 8.73942e-11
       0.1 8.87382e-11
     0.108 9.02282e-11
     0.116  9.178e-11
     0.124 9.32729e-11
     0.132 9.48901e-11
      0.14 9.51917e-11
     0.148 9.54057e-11
     0.156 9.5177e-11
     0.164 9.43453e-11
     0.172 9.28315e-11
      0.18 9.05283e-11
     0.188 8.73055e-11
     0.196 8.29959e-11
  0.204065 7.74396e-11
  0.212415 7.06352e-11
  0.221217 6.29075e-11
  0.230495 5.48339e-11
  0.240275 4.6902e-11
  0.250584 3.9721e-11
  0.261452 3.37957e-11
  0.272907 2.98557e-11
  0.284982 2.81016e-11
  0.297711 2.85002e-11
  0.311128 3.01534e-11
  0.325272 3.24662e-11
   0.34018 3.46843e-11
  0.355896 3.66537e-11
  0.372462 3.80508e-11
  0.389924 3.89804e-11
  0.408331 3.93263e-11
  0.427734 3.92718e-11
  0.448188 3.87803e-11
  0.469747 3.8024e-11
  0.492474 3.70154e-11
  0.516431 3.58802e-11
  0.541683 3.46403e-11
  0.568302 3.33691e-11
  0.596362 3.21113e-11
   0.62594 3.09046e-11
  0.657119 2.97677e-11
  0.689984 2.87299e-11
  0.724628 2.78144e-11
  0.761147 2.70053e-11
  0.799642 2.63546e-11
   0.84022 2.58114e-11
  0.882994 2.54098e-11
  0.928082 2.51995e-11
   0.97561 2.50995e-11
