     0.004 1.61458e-05
     0.012 7.10415e-05
      0.02 0.000129845
     0.028 0.000180461
     0.036 0.000219262
     0.044 0.000245817
     0.052 0.00026109
      0.06 0.000266634
     0.068 0.000264194
     0.076 0.00025549
     0.084 0.000242112
     0.092 0.000225463
       0.1 0.000206743
     0.108 0.000186944
     0.116 0.00016687
     0.124 0.000147145
     0.132 0.000128241
      0.14 0.000110494
     0.148 9.41294e-05
     0.156 7.92794e-05
     0.164 6.60012e-05
     0.172 5.42937e-05
      0.18 4.41112e-05
     0.188 3.53753e-05
     0.196 2.79856e-05
  0.204065 2.17811e-05
  0.212415 1.65415e-05
  0.221217 1.21715e-05
  0.230495 8.67181e-06
  0.240275 6.01816e-06
  0.250584 4.16235e-06
  0.261452 3.03383e-06
  0.272907 2.54298e-06
  0.284982 2.58584e-06
  0.297711 3.04977e-06
  0.311128 3.81987e-06
  0.325272 4.78544e-06
   0.34018 5.84598e-06
  0.355896 6.91608e-06
  0.372462 7.92875e-06
  0.389924 8.83685e-06
  0.408331 9.6128e-06
  0.427734 1.02463e-05
  0.448188 1.0741e-05
  0.469747 1.11106e-05
  0.492474 1.13746e-05
  0.516431 1.15546e-05
  0.541683 1.16715e-05
  0.568302 1.17437e-05
  0.596362 1.17859e-05
   0.62594 1.18092e-05
  0.657119 1.18213e-05
  0.689984 1.18271e-05
  0.724628 1.18298e-05
  0.761147 1.18309e-05
  0.799642 1.18313e-05
   0.84022 1.18315e-05
  0.882994 1.18315e-05
  0.928082 1.18315e-05
   0.97561 1.18315e-05
