     0.004 5.70895e-19
     0.012 5.84993e-19
      0.02 5.95327e-19
     0.028 5.92306e-19
     0.036 5.77539e-19
     0.044 5.59692e-19
     0.052 5.43925e-19
      0.06 5.32224e-19
     0.068 5.23912e-19
     0.076 5.16198e-19
     0.084 5.05061e-19
     0.092 4.87572e-19
       0.1 4.62266e-19
     0.108 4.29691e-19
     0.116 3.91719e-19
     0.124 3.51047e-19
     0.132 3.10202e-19
      0.14 2.71463e-19
     0.148 2.36496e-19
     0.156 2.06292e-19
     0.164 1.81132e-19
     0.172 1.60853e-19
      0.18 1.44962e-19
     0.188 1.32798e-19
     0.196 1.23586e-19
  0.204065 1.16515e-19
  0.212415 1.10774e-19
  0.221217 1.05827e-19
  0.230495 1.0124e-19
  0.240275 9.66842e-20
  0.250584 9.19993e-20
  0.261452 8.71972e-20
  0.272907 8.23995e-20
  0.284982 7.78154e-20
  0.297711 7.36263e-20
  0.311128 7.00014e-20
  0.325272 6.70457e-20
   0.34018 6.48202e-20
  0.355896 6.33274e-20
  0.372462 6.25293e-20
  0.389924 6.23706e-20
  0.408331 6.27844e-20
  0.427734 6.3708e-20
  0.448188 6.50865e-20
  0.469747 6.68685e-20
  0.492474 6.90175e-20
  0.516431 7.14928e-20
  0.541683 7.42575e-20
  0.568302 7.72846e-20
  0.596362 8.05431e-20
   0.62594 8.40064e-20
  0.657119 8.76394e-20
  0.689984 9.13963e-20
  0.724628 9.5203e-20
  0.761147 9.89578e-20
  0.799642 1.02616e-19
   0.84022 1.06258e-19
  0.882994 1.10016e-19
  0.928082 1.13766e-19
   0.97561 1.16627e-19
