     0.004 0.00568258
     0.012  0.0119199
      0.02  0.0161149
     0.028  0.0189979
     0.036   0.020941
     0.044  0.0221728
     0.052  0.0228512
      0.06  0.0230926
     0.068  0.0229867
     0.076  0.0226049
     0.084  0.0220051
     0.092   0.021235
       0.1  0.0203343
     0.108  0.0193362
     0.116  0.0182686
     0.124  0.0171549
     0.132   0.016015
      0.14  0.0148657
     0.148  0.0137207
     0.156   0.012592
     0.164  0.0114892
     0.172  0.0104205
      0.18 0.00939268
     0.188 0.00841134
     0.196 0.00748139
  0.204065 0.00660017
  0.212415 0.00575178
  0.221217 0.00493387
  0.230495 0.00416457
  0.240275 0.00346934
  0.250584 0.00288526
  0.261452 0.00246326
  0.272907 0.00225521
  0.284982 0.00227413
  0.297711 0.00246973
  0.311128 0.00276401
  0.325272 0.00309368
   0.34018 0.00341935
  0.355896 0.00371916
  0.372462 0.00398215
  0.389924 0.00420401
  0.408331  0.0043847
  0.427734 0.00452687
  0.448188 0.00463487
  0.469747 0.00471394
  0.492474 0.00476961
  0.516431  0.0048072
  0.541683 0.00483147
  0.568302 0.00484638
  0.596362 0.00485508
   0.62594 0.00485988
  0.657119 0.00486237
  0.689984 0.00486357
  0.724628 0.00486411
  0.761147 0.00486434
  0.799642 0.00486442
   0.84022 0.00486445
  0.882994 0.00486446
  0.928082 0.00486446
   0.97561 0.00486446
