     0.004 0.00558924
     0.012  0.0161299
      0.02  0.0260308
     0.028  0.0353173
     0.036  0.0440165
     0.044  0.0521547
     0.052   0.059758
      0.06  0.0668522
     0.068  0.0734622
     0.076  0.0796127
     0.084  0.0853276
     0.092  0.0906303
       0.1  0.0955436
     0.108   0.100089
     0.116   0.104289
     0.124   0.108163
     0.132   0.111732
      0.14   0.115014
     0.148   0.118028
     0.156   0.120792
     0.164   0.123323
     0.172   0.125636
      0.18   0.127747
     0.188    0.12967
     0.196    0.13142
  0.204065   0.133022
  0.212415   0.134524
  0.221217   0.135946
  0.230495   0.137284
  0.240275   0.138531
  0.250584   0.139682
  0.261452   0.140734
  0.272907   0.141686
  0.284982   0.142537
  0.297711   0.143288
  0.311128    0.14394
  0.325272   0.144499
   0.34018    0.14497
  0.355896   0.145359
  0.372462   0.145674
  0.389924   0.145923
  0.408331   0.146116
  0.427734   0.146261
  0.448188   0.146367
  0.469747   0.146443
  0.492474   0.146494
  0.516431   0.146528
  0.541683   0.146549
  0.568302   0.146562
  0.596362    0.14657
   0.62594   0.146574
  0.657119   0.146576
  0.689984   0.146577
  0.724628   0.146577
  0.761147   0.146577
  0.799642   0.146577
   0.84022   0.146577
  0.882994   0.146577
  0.928082   0.146577
   0.97561   0.146577
