     0.004 -1.67284e-15
     0.012 -6.1077e-15
      0.02 2.04375e-14
     0.028 5.05875e-14
     0.036 1.77389e-14
     0.044 -5.01739e-14
     0.052 -8.31113e-14
      0.06 -3.9872e-14
     0.068 3.86575e-14
     0.076 6.51051e-14
     0.084 5.00777e-14
     0.092 3.58526e-14
       0.1 2.38068e-14
     0.108 1.5349e-14
     0.116 6.55744e-15
     0.124 -2.43114e-15
     0.132 -5.91079e-15
      0.14 -5.25576e-15
     0.148 -7.73974e-15
     0.156 -1.2013e-14
     0.164 -1.18661e-14
     0.172 -8.61355e-15
      0.18 -4.80894e-15
     0.188 -2.29705e-15
     0.196 -3.50508e-15
  0.204065 -5.37744e-15
  0.212415 -3.05193e-15
  0.221217 -1.83093e-15
  0.230495 -2.89575e-15
  0.240275 -4.04368e-16
  0.250584 -8.96797e-16
  0.261452 -3.58641e-15
  0.272907 -4.10711e-15
  0.284982 -4.05478e-15
  0.297711 -3.97769e-15
  0.311128 -3.64666e-15
  0.325272 -2.99658e-15
   0.34018 -2.3189e-15
  0.355896 -1.65531e-15
  0.372462 2.02998e-16
  0.389924 6.05841e-16
  0.408331 5.92413e-16
  0.427734 1.5102e-15
  0.448188 2.54113e-15
  0.469747 2.47137e-15
  0.492474 2.79682e-15
  0.516431 2.82217e-15
  0.541683 2.40322e-15
  0.568302 1.55815e-15
  0.596362 1.09704e-15
   0.62594 -1.16706e-16
  0.657119 -9.00046e-16
  0.689984 -2.47525e-16
  0.724628 -3.44833e-16
  0.761147 -5.08579e-16
  0.799642 -1.47845e-16
   0.84022 8.71064e-16
  0.882994 -1.6087e-15
  0.928082 4.6539e-16
   0.97561 2.11684e-15
