     0.004 8.71386e-10
     0.012 3.75679e-09
      0.02 8.19048e-09
     0.028 1.23992e-08
     0.036 1.47707e-08
     0.044 1.53959e-08
     0.052 1.47801e-08
      0.06 1.36616e-08
     0.068 1.26646e-08
     0.076 1.25062e-08
     0.084 1.32808e-08
     0.092 1.46351e-08
       0.1 1.60676e-08
     0.108 1.72553e-08
     0.116 1.80348e-08
     0.124 1.83908e-08
     0.132 1.83145e-08
      0.14 1.79263e-08
     0.148 1.72515e-08
     0.156 1.64214e-08
     0.164 1.54234e-08
     0.172 1.43895e-08
      0.18 1.32956e-08
     0.188 1.22392e-08
     0.196 1.11691e-08
  0.204065 1.02148e-08
  0.212415 9.30518e-09
  0.221217 8.44581e-09
  0.230495 7.58722e-09
  0.240275 6.83075e-09
  0.250584 6.13183e-09
  0.261452 5.54951e-09
  0.272907 5.04048e-09
  0.284982 4.63654e-09
  0.297711 4.29925e-09
  0.311128 4.03932e-09
  0.325272 3.8148e-09
   0.34018 3.62821e-09
  0.355896 3.44117e-09
  0.372462 3.2612e-09
  0.389924 3.06497e-09
  0.408331 2.86625e-09
  0.427734 2.65828e-09
  0.448188 2.45549e-09
  0.469747 2.25933e-09
  0.492474 2.07944e-09
  0.516431 1.91754e-09
  0.541683 1.77521e-09
  0.568302 1.65044e-09
  0.596362 1.53945e-09
   0.62594 1.43663e-09
  0.657119 1.33607e-09
  0.689984 1.23383e-09
  0.724628 1.13625e-09
  0.761147 1.06325e-09
  0.799642 1.04006e-09
   0.84022 1.0513e-09
  0.882994 1.0016e-09
  0.928082 7.68742e-10
   0.97561 2.96207e-10
