     0.004 2.8221e-11
     0.012 5.72241e-11
      0.02 6.73428e-11
     0.028 7.07179e-11
     0.036 7.3669e-11
     0.044 7.7383e-11
     0.052 8.16465e-11
      0.06 8.60891e-11
     0.068 9.04702e-11
     0.076 9.46288e-11
     0.084 9.84599e-11
     0.092 1.01858e-10
       0.1 1.04779e-10
     0.108 1.07149e-10
     0.116 1.08953e-10
     0.124 1.10162e-10
     0.132 1.10843e-10
      0.14 1.10639e-10
     0.148 1.09874e-10
     0.156 1.08461e-10
     0.164 1.06374e-10
     0.172 1.03601e-10
      0.18 1.00125e-10
     0.188 9.59229e-11
     0.196 9.09737e-11
  0.204065 8.52566e-11
  0.212415 7.87772e-11
  0.221217 7.16996e-11
  0.230495 6.43726e-11
  0.240275 5.71318e-11
  0.250584 5.03647e-11
  0.261452 4.44441e-11
  0.272907 3.9822e-11
  0.284982 3.67929e-11
  0.297711 3.5536e-11
  0.311128 3.58059e-11
  0.325272 3.7204e-11
   0.34018 3.91763e-11
  0.355896 4.13239e-11
  0.372462 4.32966e-11
  0.389924 4.49158e-11
  0.408331 4.60307e-11
  0.427734 4.66073e-11
  0.448188 4.66104e-11
  0.469747 4.60819e-11
  0.492474 4.50554e-11
  0.516431 4.36126e-11
  0.541683 4.18289e-11
  0.568302 3.97978e-11
  0.596362 3.76132e-11
   0.62594 3.53606e-11
  0.657119 3.3124e-11
  0.689984 3.09725e-11
  0.724628 2.89711e-11
  0.761147 2.71547e-11
  0.799642 2.55793e-11
   0.84022 2.42508e-11
  0.882994 2.32012e-11
  0.928082 2.24515e-11
   0.97561 2.1979e-11
