0.00181818 4.03306e-06
0.00545455 2.26867e-05
0.00909091 4.76794e-05
 0.0127273 7.44168e-05
 0.0163636 0.00010068
      0.02 0.000125264
 0.0236364 0.000147492
 0.0272727 0.00016701
 0.0309091 0.000183664
 0.0345455 0.000197434
 0.0381818 0.000208393
 0.0418182 0.00021667
 0.0454545 0.000222436
 0.0490909 0.000225882
 0.0527273 0.000227215
 0.0563636 0.000226647
      0.06 0.000224389
 0.0636364 0.000220647
 0.0672727 0.000215621
 0.0709091 0.000209499
 0.0745455 0.00020246
 0.0781818 0.00019467
 0.0818182 0.000186284
 0.0854545 0.000177442
 0.0890909 0.000168274
 0.0927273 0.000158896
 0.0963636 0.000149413
       0.1 0.000139917
  0.103636 0.000130492
  0.107273 0.000121209
  0.110909 0.000112131
  0.114545 0.000103311
  0.118182 9.47932e-05
  0.121818 8.66153e-05
  0.125455 7.88073e-05
  0.129091 7.13926e-05
  0.132727 6.43888e-05
  0.136364 5.78083e-05
      0.14 5.16585e-05
  0.143636 4.59427e-05
  0.147273 4.06603e-05
  0.150909 3.58076e-05
  0.154545 3.13779e-05
  0.158182 2.73619e-05
  0.161818 2.37484e-05
  0.165455 2.05242e-05
  0.169091 1.76749e-05
  0.172727 1.51847e-05
  0.176364 1.30371e-05
      0.18 1.12147e-05
  0.183636 9.69977e-06
  0.187273 8.47428e-06
  0.190909 7.52006e-06
  0.194545  6.819e-06
  0.198182 6.35316e-06
  0.202594 6.08166e-06
  0.207869 6.13238e-06
  0.213323 6.5666e-06
   0.21896 7.3677e-06
  0.224788 8.51443e-06
  0.230812 9.98112e-06
   0.23704 1.1738e-05
  0.243477 1.37517e-05
  0.250132 1.59858e-05
  0.257011 1.84014e-05
  0.264122 2.09579e-05
  0.271474 2.36141e-05
  0.279073 2.63286e-05
  0.286929 2.90609e-05
  0.295049 3.17726e-05
  0.303444 3.44276e-05
  0.312122 3.69934e-05
  0.321093 3.94413e-05
  0.330366 4.17473e-05
  0.339952 4.38922e-05
  0.349862 4.58618e-05
  0.360105 4.7647e-05
  0.370695 4.92434e-05
  0.381642 5.06511e-05
  0.392958 5.18741e-05
  0.404655 5.29195e-05
  0.416748 5.37968e-05
  0.429248 5.45168e-05
  0.442171 5.5091e-05
  0.455529 5.55295e-05
  0.469338 5.58415e-05
  0.483612 5.60315e-05
  0.498368 5.6099e-05
  0.513623 5.60371e-05
  0.529391 5.5828e-05
  0.545692  5.544e-05
  0.562543 5.4824e-05
  0.579962 5.3908e-05
  0.597969 5.25895e-05
  0.616583 5.0731e-05
  0.635825 4.81569e-05
  0.655717 4.46588e-05
   0.67628 4.00193e-05
  0.697536 3.40736e-05
  0.719509 2.6837e-05
  0.742224 1.87381e-05
  0.765705 1.10022e-05
  0.789979 6.19197e-06
  0.815071 8.79606e-06
   0.84101 2.54332e-05
  0.867824 6.35715e-05
  0.895542 0.00012649
  0.924196 0.000200862
  0.953816 0.000234809
  0.984436 0.000129595
