0.00181818 2.12825e-17
0.00545455 2.12481e-17
0.00909091 2.12261e-17
 0.0127273 2.12064e-17
 0.0163636 2.11777e-17
      0.02 2.11319e-17
 0.0236364 2.10633e-17
 0.0272727 2.09686e-17
 0.0309091 2.08475e-17
 0.0345455 2.07029e-17
 0.0381818  2.054e-17
 0.0418182 2.03654e-17
 0.0454545 2.01858e-17
 0.0490909 2.00071e-17
 0.0527273 1.98341e-17
 0.0563636 1.96702e-17
      0.06 1.95175e-17
 0.0636364 1.93771e-17
 0.0672727 1.92486e-17
 0.0709091 1.9131e-17
 0.0745455 1.90223e-17
 0.0781818 1.89199e-17
 0.0818182 1.88209e-17
 0.0854545 1.87221e-17
 0.0890909  1.862e-17
 0.0927273 1.85118e-17
 0.0963636 1.83946e-17
       0.1 1.82661e-17
  0.103636 1.81243e-17
  0.107273 1.79681e-17
  0.110909 1.77969e-17
  0.114545 1.76106e-17
  0.118182 1.74098e-17
  0.121818 1.71955e-17
  0.125455 1.69692e-17
  0.129091 1.67327e-17
  0.132727 1.64881e-17
  0.136364 1.62376e-17
      0.14 1.59835e-17
  0.143636 1.5728e-17
  0.147273 1.54734e-17
  0.150909 1.52216e-17
  0.154545 1.49746e-17
  0.158182 1.47341e-17
  0.161818 1.45014e-17
  0.165455 1.42778e-17
  0.169091 1.40643e-17
  0.172727 1.3862e-17
  0.176364 1.36716e-17
      0.18 1.34937e-17
  0.183636 1.3329e-17
  0.187273 1.31784e-17
  0.190909 1.30432e-17
  0.194545 1.29235e-17
  0.198182 1.28111e-17
  0.202594 1.26503e-17
  0.207869 1.24412e-17
  0.213323 1.22486e-17
   0.21896 1.20741e-17
  0.224788 1.19155e-17
  0.230812 1.1771e-17
   0.23704 1.16389e-17
  0.243477 1.15176e-17
  0.250132 1.14057e-17
  0.257011 1.13014e-17
  0.264122 1.12035e-17
  0.271474 1.11107e-17
  0.279073 1.10219e-17
  0.286929 1.09365e-17
  0.295049 1.08537e-17
  0.303444 1.07732e-17
  0.312122 1.06947e-17
  0.321093 1.06181e-17
  0.330366 1.05435e-17
  0.339952 1.04709e-17
  0.349862 1.04003e-17
  0.360105 1.03321e-17
  0.370695 1.02662e-17
  0.381642 1.02029e-17
  0.392958 1.01422e-17
  0.404655 1.00843e-17
  0.416748 1.00291e-17
  0.429248 9.97672e-18
  0.442171 9.92708e-18
  0.455529 9.88011e-18
  0.469338 9.83571e-18
  0.483612 9.7937e-18
  0.498368 9.75391e-18
  0.513623 9.71607e-18
  0.529391 9.67984e-18
  0.545692 9.64479e-18
  0.562543 9.61039e-18
  0.579962  9.576e-18
  0.597969 9.54091e-18
  0.616583 9.50451e-18
  0.635825 9.4663e-18
  0.655717 9.42631e-18
   0.67628 9.38515e-18
  0.697536 9.34442e-18
  0.719509 9.30666e-18
  0.742224 9.27545e-18
  0.765705 9.25621e-18
  0.789979 9.25806e-18
  0.815071 9.28847e-18
   0.84101 9.36395e-18
  0.867824 9.51654e-18
  0.895542 9.70147e-18
  0.924196 9.93209e-18
  0.953816 1.04143e-17
  0.984436 1.02776e-17
