0.00181818 -3.47615e-23
0.00545455 -5.31661e-23
0.00909091 -8.07795e-23
 0.0127273 -9.26792e-23
 0.0163636 -1.06885e-22
      0.02 -1.32029e-22
 0.0236364 -1.74686e-22
 0.0272727 -2.45485e-22
 0.0309091 -3.37848e-22
 0.0345455 -4.38642e-22
 0.0381818 -5.57993e-22
 0.0418182 -7.30359e-22
 0.0454545 -1.0085e-21
 0.0490909 -1.43661e-21
 0.0527273 -2.08205e-21
 0.0563636 -2.87731e-21
      0.06 -2.64182e-21
 0.0636364 -1.52219e-21
 0.0672727 -1.0423e-21
 0.0709091 -8.69122e-22
 0.0745455 -7.56229e-22
 0.0781818 -6.53041e-22
 0.0818182 -5.71881e-22
 0.0854545 -5.172e-22
 0.0890909 -4.7735e-22
 0.0927273 -4.50097e-22
 0.0963636 -4.34975e-22
       0.1 -4.30684e-22
  0.103636 -4.36285e-22
  0.107273 -4.52121e-22
  0.110909 -4.77129e-22
  0.114545 -5.10158e-22
  0.118182 -5.51972e-22
  0.121818 -6.01849e-22
  0.125455 -6.59419e-22
  0.129091 -7.2332e-22
  0.132727 -7.9257e-22
  0.136364 -8.65356e-22
      0.14 -9.40741e-22
  0.143636 -1.01696e-21
  0.147273 -1.09182e-21
  0.150909 -1.16331e-21
  0.154545 -1.22989e-21
  0.158182 -1.29131e-21
  0.161818 -1.34346e-21
  0.165455 -1.38541e-21
  0.169091 -1.41521e-21
  0.172727 -1.432e-21
  0.176364 -1.42714e-21
      0.18 -1.3823e-21
  0.183636 -1.2788e-21
  0.187273 -1.12728e-21
  0.190909 -9.36875e-22
  0.194545 -7.9626e-22
  0.198182 -1.39823e-21
  0.202594 -2.0354e-21
  0.207869 -1.44525e-21
  0.213323 -1.41716e-21
   0.21896 -1.21828e-21
  0.224788 -9.96634e-22
  0.230812 -7.96408e-22
   0.23704 -6.26271e-22
  0.243477 -4.83076e-22
  0.250132 -3.66092e-22
  0.257011 -2.73915e-22
  0.264122 -2.03588e-22
  0.271474 -1.5157e-22
  0.279073 -1.14521e-22
  0.286929 -8.84781e-23
  0.295049 -7.11902e-23
  0.303444 -6.03825e-23
  0.312122 -5.56082e-23
  0.321093 -5.49868e-23
  0.330366 -5.73011e-23
  0.339952 -6.01211e-23
  0.349862 -6.1957e-23
  0.360105 -6.05776e-23
  0.370695 -5.44137e-23
  0.381642 -4.2452e-23
  0.392958 -2.74477e-23
  0.404655 -1.50934e-23
  0.416748 -7.39925e-24
  0.429248 -3.23418e-24
  0.442171 -1.21606e-24
  0.455529 -3.62915e-25
  0.469338 -7.08439e-26
  0.483612 -4.84173e-27
  0.498368 -2.18769e-32
  0.513623 4.09303e-27
  0.529391 8.65972e-26
  0.545692 5.84772e-25
  0.562543 2.58641e-24
  0.579962 9.25839e-24
  0.597969 2.88673e-23
  0.616583 7.30726e-23
  0.635825 1.23408e-22
  0.655717 1.59049e-22
   0.67628 1.85262e-22
  0.697536 2.11395e-22
  0.719509 2.4617e-22
  0.742224 3.04916e-22
  0.765705 4.17314e-22
  0.789979 6.85732e-22
  0.815071 1.70355e-21
   0.84101 1.23926e-21
  0.867824 8.79803e-22
  0.895542 7.60411e-22
  0.924196 3.26945e-21
  0.953816 8.54724e-22
  0.984436 1.05547e-22
