0.00181818 -3.03433e-05
0.00545455 -2.95242e-05
0.00909091 -2.866e-05
 0.0127273 -2.78018e-05
 0.0163636 -2.69595e-05
      0.02 -2.6135e-05
 0.0236364 -2.53285e-05
 0.0272727 -2.454e-05
 0.0309091 -2.37693e-05
 0.0345455 -2.30162e-05
 0.0381818 -2.22806e-05
 0.0418182 -2.15622e-05
 0.0454545 -2.08609e-05
 0.0490909 -2.01765e-05
 0.0527273 -1.95088e-05
 0.0563636 -1.88575e-05
      0.06 -1.82226e-05
 0.0636364 -1.76037e-05
 0.0672727 -1.70007e-05
 0.0709091 -1.64134e-05
 0.0745455 -1.58415e-05
 0.0781818 -1.52848e-05
 0.0818182 -1.47431e-05
 0.0854545 -1.42162e-05
 0.0890909 -1.37038e-05
 0.0927273 -1.32058e-05
 0.0963636 -1.27218e-05
       0.1 -1.22516e-05
  0.103636 -1.17951e-05
  0.107273 -1.13519e-05
  0.110909 -1.09219e-05
  0.114545 -1.05047e-05
  0.118182 -1.01002e-05
  0.121818 -9.7081e-06
  0.125455 -9.32814e-06
  0.129091 -8.9601e-06
  0.132727 -8.60372e-06
  0.136364 -8.25876e-06
      0.14 -7.92498e-06
  0.143636 -7.60213e-06
  0.147273 -7.28998e-06
  0.150909 -6.98828e-06
  0.154545 -6.69678e-06
  0.158182 -6.41526e-06
  0.161818 -6.14346e-06
  0.165455 -5.88115e-06
  0.169091 -5.6281e-06
  0.172727 -5.38408e-06
  0.176364 -5.14884e-06
      0.18 -4.92216e-06
  0.183636 -4.70382e-06
  0.187273 -4.49359e-06
  0.190909 -4.29124e-06
  0.194545 -4.09656e-06
  0.198182 -3.90931e-06
  0.202594 -3.69264e-06
  0.207869 -3.44597e-06
  0.213323 -3.20569e-06
   0.21896 -2.97233e-06
  0.224788 -2.74639e-06
  0.230812 -2.52834e-06
   0.23704 -2.31863e-06
  0.243477 -2.11767e-06
  0.250132 -1.92584e-06
  0.257011 -1.74347e-06
  0.264122 -1.57083e-06
  0.271474 -1.40816e-06
  0.279073 -1.25561e-06
  0.286929 -1.11328e-06
  0.295049 -9.81218e-07
  0.303444 -8.59374e-07
  0.312122 -7.47642e-07
  0.321093 -6.45839e-07
  0.330366 -5.53711e-07
  0.339952 -4.70935e-07
  0.349862 -3.97121e-07
  0.360105 -3.31816e-07
  0.370695 -2.74513e-07
  0.381642 -2.24651e-07
  0.392958 -1.81629e-07
  0.404655 -1.44806e-07
  0.416748 -1.13511e-07
  0.429248 -8.70445e-08
  0.442171 -6.46797e-08
  0.455529 -4.56575e-08
  0.469338 -2.91753e-08
  0.483612 -1.43647e-08
  0.498368 -2.55797e-10
  0.513623 1.42792e-08
  0.529391 3.06089e-08
  0.545692 5.04636e-08
  0.562543 7.61072e-08
  0.579962 1.10579e-07
  0.597969 1.58029e-07
  0.616583 2.2418e-07
  0.635825 3.16957e-07
  0.655717 4.47326e-07
   0.67628 6.30405e-07
  0.697536 8.86911e-07
  0.719509 1.24498e-06
  0.742224 1.74242e-06
  0.765705 2.42938e-06
  0.789979 3.37142e-06
  0.815071 4.65274e-06
   0.84101 6.37939e-06
  0.867824 8.68196e-06
  0.895542 1.17173e-05
  0.924196 1.56685e-05
  0.953816 2.07427e-05
  0.984436 2.71523e-05
