0.00181818 0.00284009
0.00545455 0.00673598
0.00909091 0.00976518
 0.0127273  0.0121997
 0.0163636  0.0141902
      0.02  0.0158281
 0.0236364  0.0171751
 0.0272727  0.0182762
 0.0309091  0.0191658
 0.0345455  0.0198713
 0.0381818  0.0204153
 0.0418182  0.0208168
 0.0454545   0.021092
 0.0490909  0.0212547
 0.0527273  0.0213174
 0.0563636  0.0212907
      0.06  0.0211844
 0.0636364   0.021007
 0.0672727  0.0207664
 0.0709091  0.0204694
 0.0745455  0.0201226
 0.0781818  0.0197317
 0.0818182   0.019302
 0.0854545  0.0188384
 0.0890909  0.0183452
 0.0927273  0.0178267
 0.0963636  0.0172866
       0.1  0.0167283
  0.103636   0.016155
  0.107273  0.0155698
  0.110909  0.0149754
  0.114545  0.0143743
  0.118182   0.013769
  0.121818  0.0131617
  0.125455  0.0125545
  0.129091  0.0119493
  0.132727   0.011348
  0.136364  0.0107525
      0.14  0.0101645
  0.143636 0.00958568
  0.147273  0.0090178
  0.150909 0.00846258
  0.154545 0.00792185
  0.158182 0.00739755
  0.161818 0.00689179
  0.165455  0.0064069
  0.169091 0.00594557
  0.172727 0.00551085
  0.176364 0.00510629
      0.18 0.00473597
  0.183636 0.00440449
  0.187273 0.00411686
  0.190909 0.00387816
  0.194545 0.00369296
  0.198182 0.00356459
  0.202594  0.0034876
  0.207869 0.00350211
  0.213323 0.00362398
   0.21896 0.00383867
  0.224788  0.0041266
  0.230812 0.00446791
   0.23704 0.00484521
  0.243477 0.00524437
  0.250132 0.00565434
  0.257011 0.00606653
  0.264122 0.00647425
  0.271474 0.00687228
  0.279073 0.00725652
  0.286929 0.00762377
  0.295049 0.00797153
  0.303444 0.00829791
  0.312122 0.00860156
  0.321093 0.00888158
  0.330366 0.00913753
  0.339952 0.00936933
  0.349862 0.00957724
  0.360105 0.00976186
  0.370695 0.00992405
  0.381642  0.0100649
  0.392958  0.0101857
  0.404655  0.0102878
  0.416748  0.0103727
  0.429248  0.0104419
  0.442171  0.0104968
  0.455529  0.0105385
  0.469338   0.010568
  0.483612   0.010586
  0.498368  0.0105924
  0.513623  0.0105865
  0.529391  0.0105667
  0.545692    0.01053
  0.562543  0.0104713
  0.579962  0.0103834
  0.597969  0.0102557
  0.616583  0.0100728
  0.635825 0.00981396
  0.655717  0.0094508
   0.67628 0.00894643
  0.697536 0.00825514
  0.719509 0.00732625
  0.742224 0.00612178
  0.765705 0.00469088
  0.789979 0.00351908
  0.815071  0.0041943
   0.84101 0.00713207
  0.867824  0.0112758
  0.895542  0.0159053
  0.924196   0.020043
  0.953816  0.0216707
  0.984436  0.0160994
