0.00181818 0.00294074
0.00545455  0.0086739
0.00909091  0.0142419
 0.0127273  0.0196442
 0.0163636  0.0248837
      0.02  0.0299637
 0.0236364  0.0348875
 0.0272727  0.0396588
 0.0309091  0.0442808
 0.0345455  0.0487571
 0.0381818  0.0530909
 0.0418182  0.0572855
 0.0454545  0.0613444
 0.0490909  0.0652706
 0.0527273  0.0690674
 0.0563636  0.0727381
      0.06  0.0762856
 0.0636364  0.0797132
 0.0672727  0.0830239
 0.0709091  0.0862207
 0.0745455  0.0893065
 0.0781818  0.0922844
 0.0818182  0.0951572
 0.0854545  0.0979277
 0.0890909   0.100599
 0.0927273   0.103173
 0.0963636   0.105654
       0.1   0.108043
  0.103636   0.110343
  0.107273   0.112558
  0.110909   0.114688
  0.114545   0.116738
  0.118182   0.118709
  0.121818   0.120604
  0.125455   0.122425
  0.129091   0.124175
  0.132727   0.125855
  0.136364   0.127468
      0.14   0.129016
  0.143636   0.130502
  0.147273   0.131926
  0.150909   0.133292
  0.154545   0.134601
  0.158182   0.135855
  0.161818   0.137057
  0.165455   0.138207
  0.169091   0.139308
  0.172727   0.140361
  0.176364   0.141369
      0.18   0.142332
  0.183636   0.143253
  0.187273   0.144133
  0.190909   0.144973
  0.194545   0.145775
  0.198182   0.146541
  0.202594   0.147428
  0.207869   0.148418
  0.213323   0.149372
   0.21896   0.150288
  0.224788   0.151165
  0.230812      0.152
   0.23704   0.152794
  0.243477   0.153545
  0.250132   0.154252
  0.257011   0.154915
  0.264122   0.155535
  0.271474    0.15611
  0.279073   0.156642
  0.286929    0.15713
  0.295049   0.157577
  0.303444   0.157982
  0.312122   0.158348
  0.321093   0.158676
  0.330366   0.158968
  0.339952   0.159225
  0.349862    0.15945
  0.360105   0.159646
  0.370695   0.159813
  0.381642   0.159956
  0.392958   0.160076
  0.404655   0.160176
  0.416748   0.160257
  0.429248   0.160322
  0.442171   0.160373
  0.455529   0.160412
  0.469338   0.160438
  0.483612   0.160455
  0.498368    0.16046
  0.513623   0.160455
  0.529391   0.160437
  0.545692   0.160403
  0.562543   0.160348
  0.579962   0.160265
  0.597969   0.160142
  0.616583    0.15996
  0.635825   0.159694
  0.655717   0.159305
   0.67628   0.158738
  0.697536   0.157914
  0.719509   0.156715
  0.742224   0.154977
  0.765705   0.152467
  0.789979   0.148855
  0.815071   0.143684
   0.84101   0.136325
  0.867824   0.125926
  0.895542   0.111344
  0.924196  0.0910765
  0.953816  0.0631748
  0.984436  0.0251616
