0.00181818 7.07563e-10
0.00545455 3.23602e-09
0.00909091 7.03688e-09
 0.0127273 1.15165e-08
 0.0163636 1.63256e-08
      0.02 2.12697e-08
 0.0236364 2.61941e-08
 0.0272727 3.09503e-08
 0.0309091 3.53466e-08
 0.0345455 3.92119e-08
 0.0381818 4.24097e-08
 0.0418182 4.48895e-08
 0.0454545 4.6653e-08
 0.0490909 4.77704e-08
 0.0527273 4.83211e-08
 0.0563636 4.84154e-08
      0.06 4.81415e-08
 0.0636364 4.76104e-08
 0.0672727 4.68996e-08
 0.0709091 4.61042e-08
 0.0745455 4.52822e-08
 0.0781818 4.45115e-08
 0.0818182 4.38315e-08
 0.0854545 4.3293e-08
 0.0890909  4.291e-08
 0.0927273 4.27052e-08
 0.0963636 4.26689e-08
       0.1 4.27952e-08
  0.103636 4.30558e-08
  0.107273 4.34277e-08
  0.110909 4.38756e-08
  0.114545  4.437e-08
  0.118182 4.48768e-08
  0.121818 4.53702e-08
  0.125455 4.58235e-08
  0.129091 4.6218e-08
  0.132727 4.65345e-08
  0.136364 4.67639e-08
      0.14 4.68951e-08
  0.143636 4.6927e-08
  0.147273 4.68528e-08
  0.150909 4.66803e-08
  0.154545 4.64077e-08
  0.158182 4.60482e-08
  0.161818 4.56006e-08
  0.165455 4.50854e-08
  0.169091 4.45046e-08
  0.172727 4.38824e-08
  0.176364 4.32186e-08
      0.18 4.25454e-08
  0.183636 4.1866e-08
  0.187273 4.1215e-08
  0.190909 4.05931e-08
  0.194545 4.00005e-08
  0.198182 3.93723e-08
  0.202594 3.91412e-08
  0.207869 3.75341e-08
  0.213323 3.61168e-08
   0.21896 3.4786e-08
  0.224788 3.35254e-08
  0.230812 3.22912e-08
   0.23704 3.10895e-08
  0.243477 2.99193e-08
  0.250132 2.87924e-08
  0.257011 2.77062e-08
  0.264122 2.66671e-08
  0.271474 2.56684e-08
  0.279073 2.47157e-08
  0.286929   2.38e-08
  0.295049 2.29257e-08
  0.303444 2.20832e-08
  0.312122 2.12753e-08
  0.321093 2.04951e-08
  0.330366 1.97438e-08
  0.339952 1.90166e-08
  0.349862 1.83125e-08
  0.360105 1.76285e-08
  0.370695 1.69635e-08
  0.381642 1.63159e-08
  0.392958 1.56849e-08
  0.404655 1.50703e-08
  0.416748 1.44723e-08
  0.429248 1.38922e-08
  0.442171 1.33319e-08
  0.455529 1.27948e-08
  0.469338 1.22865e-08
  0.483612 1.18139e-08
  0.498368 1.13858e-08
  0.513623 1.10116e-08
  0.529391 1.07014e-08
  0.545692 1.0463e-08
  0.562543 1.0302e-08
  0.579962 1.02206e-08
  0.597969 1.0219e-08
  0.616583 1.02937e-08
  0.635825 1.04474e-08
  0.655717 1.06942e-08
   0.67628 1.10558e-08
  0.697536 1.15931e-08
  0.719509 1.24223e-08
  0.742224 1.36689e-08
  0.765705 1.55141e-08
  0.789979  1.794e-08
  0.815071 2.04174e-08
   0.84101 2.22177e-08
  0.867824 2.16882e-08
  0.895542 1.87643e-08
  0.924196 2.20128e-08
  0.953816 2.20216e-08
  0.984436 1.36109e-08
