0.00181818 8.36848e-11
0.00545455 2.13751e-10
0.00909091 3.1411e-10
 0.0127273 3.94792e-10
 0.0163636 4.65323e-10
      0.02 5.31066e-10
 0.0236364 5.94449e-10
 0.0272727 6.56229e-10
 0.0309091 7.16391e-10
 0.0345455 7.74703e-10
 0.0381818 8.30929e-10
 0.0418182 8.84899e-10
 0.0454545 9.3651e-10
 0.0490909 9.85699e-10
 0.0527273 1.03244e-09
 0.0563636 1.07672e-09
      0.06 1.11855e-09
 0.0636364 1.15793e-09
 0.0672727 1.19487e-09
 0.0709091 1.22938e-09
 0.0745455 1.26148e-09
 0.0781818 1.29117e-09
 0.0818182 1.31847e-09
 0.0854545 1.34339e-09
 0.0890909 1.36593e-09
 0.0927273 1.3861e-09
 0.0963636 1.40392e-09
       0.1 1.4194e-09
  0.103636 1.43253e-09
  0.107273 1.44333e-09
  0.110909 1.45182e-09
  0.114545 1.45799e-09
  0.118182 1.46185e-09
  0.121818 1.46341e-09
  0.125455 1.46269e-09
  0.129091 1.45969e-09
  0.132727 1.45442e-09
  0.136364 1.44688e-09
      0.14 1.4371e-09
  0.143636 1.42507e-09
  0.147273 1.41083e-09
  0.150909 1.39438e-09
  0.154545 1.37574e-09
  0.158182 1.35495e-09
  0.161818 1.33202e-09
  0.165455 1.30702e-09
  0.169091 1.27998e-09
  0.172727 1.25098e-09
  0.176364 1.22011e-09
      0.18 1.18749e-09
  0.183636 1.15328e-09
  0.187273 1.11768e-09
  0.190909  1.081e-09
  0.194545 1.04363e-09
  0.198182 1.00624e-09
  0.202594 9.62766e-10
  0.207869 9.12038e-10
  0.213323 8.61531e-10
   0.21896 8.1179e-10
  0.224788 7.63303e-10
  0.230812 7.16658e-10
   0.23704 6.72404e-10
  0.243477 6.31161e-10
  0.250132 5.93472e-10
  0.257011 5.59911e-10
  0.264122 5.30922e-10
  0.271474 5.06914e-10
  0.279073 4.88074e-10
  0.286929 4.74468e-10
  0.295049 4.65888e-10
  0.303444 4.62003e-10
  0.312122 4.62187e-10
  0.321093 4.65811e-10
  0.330366 4.72079e-10
  0.339952 4.80269e-10
  0.349862 4.89641e-10
  0.360105 4.99569e-10
  0.370695 5.09453e-10
  0.381642 5.18831e-10
  0.392958 5.27269e-10
  0.404655 5.34452e-10
  0.416748 5.40103e-10
  0.429248 5.44049e-10
  0.442171 5.46143e-10
  0.455529 5.46337e-10
  0.469338 5.44603e-10
  0.483612 5.40992e-10
  0.498368 5.35593e-10
  0.513623 5.28547e-10
  0.529391 5.1999e-10
  0.545692 5.10117e-10
  0.562543 4.99122e-10
  0.579962 4.8722e-10
  0.597969 4.74624e-10
  0.616583 4.6156e-10
  0.635825 4.48203e-10
  0.655717 4.34763e-10
   0.67628 4.21348e-10
  0.697536 4.08072e-10
  0.719509 3.94916e-10
  0.742224 3.81762e-10
  0.765705 3.68388e-10
  0.789979 3.54278e-10
  0.815071 3.38806e-10
   0.84101 3.21393e-10
  0.867824 3.01936e-10
  0.895542 2.86341e-10
  0.924196 2.93368e-10
  0.953816 4.15419e-10
  0.984436 5.44155e-10
