0.00181818 3.25564e-06
0.00545455 1.86415e-05
0.00909091 3.96793e-05
 0.0127273 6.26467e-05
 0.0163636 8.56845e-05
      0.02 0.000107736
 0.0236364 0.000128171
 0.0272727 0.000146623
 0.0309091 0.000162891
 0.0345455 0.000176893
 0.0381818 0.000188625
 0.0418182 0.00019814
 0.0454545 0.000205527
 0.0490909 0.000210904
 0.0527273 0.000214406
 0.0563636 0.000216177
      0.06 0.000216366
 0.0636364 0.000215126
 0.0672727 0.000212607
 0.0709091 0.000208956
 0.0745455 0.000204313
 0.0781818 0.000198815
 0.0818182 0.000192589
 0.0854545 0.000185756
 0.0890909 0.00017843
 0.0927273 0.000170714
 0.0963636 0.000162706
       0.1 0.000154493
  0.103636 0.000146157
  0.107273 0.00013777
  0.110909 0.000129399
  0.114545 0.000121103
  0.118182 0.000112932
  0.121818 0.000104934
  0.125455 9.71474e-05
  0.129091 8.96071e-05
  0.132727 8.2342e-05
  0.136364 7.53762e-05
      0.14 6.87294e-05
  0.143636 6.24172e-05
  0.147273 5.64514e-05
  0.150909 5.08404e-05
  0.154545 4.55894e-05
  0.158182 4.07008e-05
  0.161818 3.61744e-05
  0.165455 3.2008e-05
  0.169091 2.81969e-05
  0.172727 2.47351e-05
  0.176364 2.16149e-05
      0.18 1.88271e-05
  0.183636 1.63616e-05
  0.187273 1.42072e-05
  0.190909 1.2352e-05
  0.194545 1.07835e-05
  0.198182 9.48864e-06
  0.202594 8.26765e-06
  0.207869 7.27539e-06
  0.213323 6.74436e-06
   0.21896 6.67538e-06
  0.224788 7.06403e-06
  0.230812 7.90036e-06
   0.23704 9.16887e-06
  0.243477 1.08484e-05
  0.250132 1.29125e-05
  0.257011 1.53293e-05
  0.264122 1.80623e-05
  0.271474 2.10706e-05
  0.279073  2.431e-05
  0.286929 2.77332e-05
  0.295049 3.12912e-05
  0.303444 3.49341e-05
  0.312122 3.8612e-05
  0.321093 4.22763e-05
  0.330366 4.58804e-05
  0.339952 4.93811e-05
  0.349862 5.27389e-05
  0.360105 5.59189e-05
  0.370695 5.88917e-05
  0.381642 6.16328e-05
  0.392958 6.41233e-05
  0.404655 6.63494e-05
  0.416748 6.83015e-05
  0.429248 6.99737e-05
  0.442171 7.13621e-05
  0.455529 7.24635e-05
  0.469338 7.3273e-05
  0.483612 7.37819e-05
  0.498368 7.3974e-05
  0.513623 7.3823e-05
  0.529391 7.3289e-05
  0.545692 7.23125e-05
  0.562543 7.0812e-05
  0.579962 6.86795e-05
  0.597969 6.5779e-05
  0.616583 6.19504e-05
  0.635825 5.70215e-05
  0.655717 5.08384e-05
   0.67628 4.33225e-05
  0.697536 3.45732e-05
  0.719509 2.50329e-05
  0.742224 1.57313e-05
  0.765705 8.60532e-06
  0.789979 6.83306e-06
  0.815071 1.49883e-05
   0.84101 3.85609e-05
  0.867824 8.19393e-05
  0.895542 0.000143335
  0.924196 0.000204806
  0.953816 0.000218131
  0.984436 0.000109424
