0.00181818 1.70773e-17
0.00545455 1.70478e-17
0.00909091 1.70292e-17
 0.0127273 1.70134e-17
 0.0163636 1.69913e-17
      0.02 1.69564e-17
 0.0236364 1.69042e-17
 0.0272727 1.68321e-17
 0.0309091 1.67398e-17
 0.0345455 1.66295e-17
 0.0381818 1.65053e-17
 0.0418182 1.63723e-17
 0.0454545 1.62359e-17
 0.0490909 1.61007e-17
 0.0527273 1.59707e-17
 0.0563636 1.58484e-17
      0.06 1.57358e-17
 0.0636364 1.56334e-17
 0.0672727 1.55412e-17
 0.0709091 1.54582e-17
 0.0745455 1.53826e-17
 0.0781818 1.53125e-17
 0.0818182 1.52451e-17
 0.0854545 1.51777e-17
 0.0890909 1.51075e-17
 0.0927273 1.50318e-17
 0.0963636 1.4948e-17
       0.1 1.48541e-17
  0.103636 1.47483e-17
  0.107273 1.46294e-17
  0.110909 1.44967e-17
  0.114545  1.435e-17
  0.118182 1.41896e-17
  0.121818 1.40163e-17
  0.125455 1.38312e-17
  0.129091 1.36359e-17
  0.132727 1.3432e-17
  0.136364 1.32215e-17
      0.14 1.30063e-17
  0.143636 1.27885e-17
  0.147273 1.25701e-17
  0.150909 1.23528e-17
  0.154545 1.21385e-17
  0.158182 1.19289e-17
  0.161818 1.17252e-17
  0.165455 1.15288e-17
  0.169091 1.13408e-17
  0.172727 1.11621e-17
  0.176364 1.09935e-17
      0.18 1.08359e-17
  0.183636 1.06899e-17
  0.187273 1.05564e-17
  0.190909 1.04365e-17
  0.194545 1.03306e-17
  0.198182 1.02312e-17
  0.202594 1.00884e-17
  0.207869 9.90246e-18
  0.213323 9.7319e-18
   0.21896 9.57791e-18
  0.224788 9.43865e-18
  0.230812 9.31244e-18
   0.23704 9.19784e-18
  0.243477 9.09348e-18
  0.250132 8.9979e-18
  0.257011 8.90965e-18
  0.264122 8.82736e-18
  0.271474 8.74985e-18
  0.279073 8.67611e-18
  0.286929 8.60533e-18
  0.295049 8.53687e-18
  0.303444 8.47029e-18
  0.312122 8.40533e-18
  0.321093 8.3419e-18
  0.330366 8.28002e-18
  0.339952 8.21974e-18
  0.349862 8.16122e-18
  0.360105 8.10459e-18
  0.370695   8.05e-18
  0.381642 7.99762e-18
  0.392958 7.94753e-18
  0.404655 7.89982e-18
  0.416748 7.85452e-18
  0.429248 7.81162e-18
  0.442171 7.77107e-18
  0.455529 7.7328e-18
  0.469338 7.69671e-18
  0.483612 7.66266e-18
  0.498368 7.63048e-18
  0.513623 7.59995e-18
  0.529391 7.57078e-18
  0.545692 7.54264e-18
  0.562543 7.51508e-18
  0.579962 7.48762e-18
  0.597969 7.45966e-18
  0.616583 7.43073e-18
  0.635825 7.40041e-18
  0.655717 7.36869e-18
   0.67628 7.33601e-18
  0.697536 7.30361e-18
  0.719509 7.27342e-18
  0.742224 7.24831e-18
  0.765705 7.23256e-18
  0.789979 7.2334e-18
  0.815071 7.25676e-18
   0.84101 7.31547e-18
  0.867824 7.43418e-18
  0.895542 7.57767e-18
  0.924196 7.75655e-18
  0.953816 8.13176e-18
  0.984436 8.02543e-18
