0.00181818 -2.70615e-23
0.00545455 -4.1389e-23
0.00909091 -6.28849e-23
 0.0127273 -7.21481e-23
 0.0163636 -8.32068e-23
      0.02 -1.0278e-22
 0.0236364 -1.35982e-22
 0.0272727 -1.9108e-22
 0.0309091 -2.62957e-22
 0.0345455 -3.41398e-22
 0.0381818 -4.34279e-22
 0.0418182 -5.68397e-22
 0.0454545 -7.84784e-22
 0.0490909 -1.11782e-21
 0.0527273 -1.61988e-21
 0.0563636 -2.23848e-21
      0.06 -2.05537e-21
 0.0636364 -1.1846e-21
 0.0672727 -8.11395e-22
 0.0709091 -6.7674e-22
 0.0745455 -5.88965e-22
 0.0781818 -5.08733e-22
 0.0818182 -4.45625e-22
 0.0854545 -4.03106e-22
 0.0890909 -3.72114e-22
 0.0927273 -3.50914e-22
 0.0963636 -3.39144e-22
       0.1 -3.35794e-22
  0.103636 -3.40132e-22
  0.107273 -3.52429e-22
  0.110909 -3.71856e-22
  0.114545 -3.97521e-22
  0.118182 -4.30018e-22
  0.121818 -4.68788e-22
  0.125455 -5.13541e-22
  0.129091 -5.63219e-22
  0.132727 -6.17059e-22
  0.136364 -6.73652e-22
      0.14 -7.32271e-22
  0.143636 -7.91542e-22
  0.147273 -8.49757e-22
  0.150909 -9.05351e-22
  0.154545 -9.57135e-22
  0.158182 -1.00491e-21
  0.161818 -1.04547e-21
  0.165455 -1.07811e-21
  0.169091 -1.1013e-21
  0.172727 -1.11438e-21
  0.176364 -1.11063e-21
      0.18 -1.07579e-21
  0.183636 -9.95341e-22
  0.187273 -8.77531e-22
  0.190909 -7.29462e-22
  0.194545 -6.20228e-22
  0.198182 -1.08942e-21
  0.202594 -1.58629e-21
  0.207869 -1.12927e-21
  0.213323 -1.10772e-21
   0.21896 -9.52865e-22
  0.224788 -7.80291e-22
  0.230812 -6.24402e-22
   0.23704 -4.91866e-22
  0.243477 -3.80212e-22
  0.250132 -2.88899e-22
  0.257011 -2.16854e-22
  0.264122 -1.61802e-22
  0.271474 -1.21015e-22
  0.279073 -9.19362e-23
  0.286929 -7.1503e-23
  0.295049 -5.79875e-23
  0.303444 -4.95901e-23
  0.312122 -4.60117e-23
  0.321093 -4.59317e-23
  0.330366 -4.8647e-23
  0.339952 -5.25388e-23
  0.349862 -5.68826e-23
  0.360105 -6.04253e-23
  0.370695 -6.25189e-23
  0.381642 -6.22278e-23
  0.392958 -5.87169e-23
  0.404655 -5.07821e-23
  0.416748 -3.75874e-23
  0.429248 -2.16634e-23
  0.442171 -9.60341e-24
  0.455529 -3.2488e-24
  0.469338 -7.07201e-25
  0.483612 -5.42681e-26
  0.498368 -1.50932e-30
  0.513623 3.61474e-26
  0.529391 7.69966e-25
  0.545692 4.78165e-24
  0.562543 1.82993e-23
  0.579962 4.90367e-23
  0.597969 8.45885e-23
  0.616583 1.10586e-22
  0.635825 1.28082e-22
  0.655717 1.40653e-22
   0.67628 1.5259e-22
  0.697536 1.68668e-22
  0.719509 1.93708e-22
  0.742224 2.38451e-22
  0.765705 3.25499e-22
  0.789979 5.3418e-22
  0.815071 1.32572e-21
   0.84101 9.64387e-22
  0.867824 6.84551e-22
  0.895542 5.91521e-22
  0.924196 2.54293e-21
  0.953816 6.64791e-22
  0.984436 8.20928e-23
