0.00181818 -2.76927e-05
0.00545455 -2.70249e-05
0.00909091 -2.6321e-05
 0.0127273 -2.56208e-05
 0.0163636 -2.49322e-05
      0.02 -2.42566e-05
 0.0236364 -2.35941e-05
 0.0272727 -2.29448e-05
 0.0309091 -2.23084e-05
 0.0345455 -2.1685e-05
 0.0381818 -2.10743e-05
 0.0418182 -2.04763e-05
 0.0454545 -1.98908e-05
 0.0490909 -1.93178e-05
 0.0527273 -1.8757e-05
 0.0563636 -1.82083e-05
      0.06 -1.76717e-05
 0.0636364 -1.71469e-05
 0.0672727 -1.66339e-05
 0.0709091 -1.61325e-05
 0.0745455 -1.56426e-05
 0.0781818 -1.5164e-05
 0.0818182 -1.46966e-05
 0.0854545 -1.42402e-05
 0.0890909 -1.37947e-05
 0.0927273 -1.33599e-05
 0.0963636 -1.29358e-05
       0.1 -1.2522e-05
  0.103636 -1.21186e-05
  0.107273 -1.17254e-05
  0.110909 -1.13421e-05
  0.114545 -1.09686e-05
  0.118182 -1.06048e-05
  0.121818 -1.02506e-05
  0.125455 -9.90569e-06
  0.129091 -9.57002e-06
  0.132727 -9.2434e-06
  0.136364 -8.92567e-06
      0.14 -8.61669e-06
  0.143636 -8.31628e-06
  0.147273 -8.0243e-06
  0.150909 -7.74059e-06
  0.154545 -7.46499e-06
  0.158182 -7.19734e-06
  0.161818 -6.93749e-06
  0.165455 -6.68528e-06
  0.169091 -6.44055e-06
  0.172727 -6.20316e-06
  0.176364 -5.97295e-06
      0.18 -5.74976e-06
  0.183636 -5.53345e-06
  0.187273 -5.32386e-06
  0.190909 -5.12085e-06
  0.194545 -4.92426e-06
  0.198182 -4.73394e-06
  0.202594 -4.51195e-06
  0.207869 -4.25711e-06
  0.213323 -4.00635e-06
   0.21896 -3.76018e-06
  0.224788 -3.51912e-06
  0.230812 -3.28368e-06
   0.23704 -3.05436e-06
  0.243477 -2.83164e-06
  0.250132 -2.61601e-06
  0.257011 -2.40791e-06
  0.264122 -2.20776e-06
  0.271474 -2.01597e-06
  0.279073 -1.83288e-06
  0.286929 -1.6588e-06
  0.295049 -1.494e-06
  0.303444 -1.33867e-06
  0.312122 -1.19297e-06
  0.321093 -1.05698e-06
  0.330366 -9.3071e-07
  0.339952 -8.14099e-07
  0.349862 -7.07015e-07
  0.360105 -6.09244e-07
  0.370695 -5.20494e-07
  0.381642 -4.40392e-07
  0.392958 -3.6848e-07
  0.404655 -3.04215e-07
  0.416748 -2.46966e-07
  0.429248 -1.96007e-07
  0.442171 -1.5051e-07
  0.455529 -1.0953e-07
  0.469338 -7.19858e-08
  0.483612 -3.66245e-08
  0.498368 -1.97795e-09
  0.513623 3.37046e-08
  0.529391 7.25486e-08
  0.545692 1.17181e-07
  0.562543 1.70903e-07
  0.579962 2.37918e-07
  0.597969 3.23638e-07
  0.616583 4.35077e-07
  0.635825 5.81364e-07
  0.655717 7.74388e-07
   0.67628 1.02961e-06
  0.697536 1.36705e-06
  0.719509 1.81251e-06
  0.742224 2.39894e-06
  0.765705 3.16806e-06
  0.789979 4.17209e-06
  0.815071 5.47554e-06
   0.84101 7.15695e-06
  0.867824 9.31035e-06
  0.895542 1.20463e-05
  0.924196 1.5492e-05
  0.953816 1.9791e-05
  0.984436  2.509e-05
