0.00181818 0.00255172
0.00545455 0.00610599
0.00909091 0.00890835
 0.0127273  0.0111935
 0.0163636  0.0130908
      0.02  0.0146789
 0.0236364  0.0160107
 0.0272727  0.0171244
 0.0309091  0.0180495
 0.0345455  0.0188092
 0.0381818  0.0194229
 0.0418182  0.0199068
 0.0454545  0.0202745
 0.0490909   0.020538
 0.0527273  0.0207078
 0.0563636  0.0207931
      0.06  0.0208022
 0.0636364  0.0207425
 0.0672727  0.0206207
 0.0709091  0.0204429
 0.0745455  0.0202145
 0.0781818  0.0199406
 0.0818182   0.019626
 0.0854545  0.0192747
 0.0890909  0.0188907
 0.0927273  0.0184778
 0.0963636  0.0180392
       0.1   0.017578
  0.103636  0.0170972
  0.107273  0.0165994
  0.110909  0.0160872
  0.114545  0.0155629
  0.118182  0.0150288
  0.121818  0.0144868
  0.125455   0.013939
  0.129091  0.0133871
  0.132727  0.0128329
  0.136364  0.0122781
      0.14  0.0117243
  0.143636  0.0111729
  0.147273  0.0106256
  0.150909  0.0100837
  0.154545 0.00954876
  0.158182 0.00902228
  0.161818 0.00850581
  0.165455   0.008001
  0.169091 0.00750958
  0.172727 0.00703351
  0.176364 0.00657493
      0.18  0.0061363
  0.183636 0.00572041
  0.187273 0.00533051
  0.190909 0.00497032
  0.194545 0.00464403
  0.198182 0.00435629
  0.202594 0.00406636
  0.207869 0.00381455
  0.213323  0.0036727
   0.21896 0.00365387
  0.224788 0.00375873
  0.230812 0.00397501
   0.23704 0.00428226
  0.243477 0.00465799
  0.250132 0.00508183
  0.257011 0.00553702
  0.264122 0.00601037
  0.271474 0.00649163
  0.279073  0.0069728
  0.286929 0.00744758
  0.295049 0.00791091
  0.303444 0.00835872
  0.312122 0.00878772
  0.321093 0.00919525
  0.330366 0.00957919
  0.339952 0.00993792
  0.349862  0.0102702
  0.360105  0.0105753
  0.370695  0.0108528
  0.381642  0.0111025
  0.392958  0.0113246
  0.404655  0.0115195
  0.416748  0.0116877
  0.429248  0.0118299
  0.442171  0.0119467
  0.455529  0.0120386
  0.469338  0.0121056
  0.483612  0.0121476
  0.498368  0.0121634
  0.513623   0.012151
  0.529391  0.0121069
  0.545692   0.012026
  0.562543  0.0119006
  0.579962    0.01172
  0.597969  0.0114699
  0.616583  0.0111311
  0.635825  0.0106791
  0.655717  0.0100835
   0.67628 0.00930833
  0.697536 0.00831543
  0.719509 0.00707572
  0.742224 0.00560916
  0.765705 0.00414857
  0.789979 0.00369677
  0.815071 0.00547509
   0.84101  0.0087819
  0.867824  0.0128015
  0.895542  0.0169313
  0.924196  0.0202389
  0.953816  0.0208869
  0.984436  0.0147935
