0.00181818 0.00268031
0.00545455 0.00791976
0.00909091  0.0130248
 0.0127273  0.0179948
 0.0163636  0.0228318
      0.02  0.0275382
 0.0236364  0.0321166
 0.0272727  0.0365695
 0.0309091  0.0408993
 0.0345455  0.0451086
 0.0381818  0.0491998
 0.0418182  0.0531753
 0.0454545  0.0570376
 0.0490909   0.060789
 0.0527273  0.0644319
 0.0563636  0.0679687
      0.06  0.0714016
 0.0636364   0.074733
 0.0672727  0.0779651
 0.0709091  0.0811001
 0.0745455  0.0841402
 0.0781818  0.0870876
 0.0818182  0.0899446
 0.0854545  0.0927131
 0.0890909  0.0953954
 0.0927273  0.0979934
 0.0963636   0.100509
       0.1   0.102945
  0.103636   0.105302
  0.107273   0.107584
  0.110909    0.10979
  0.114545   0.111925
  0.118182   0.113989
  0.121818   0.115984
  0.125455   0.117913
  0.129091   0.119776
  0.132727   0.121576
  0.136364   0.123314
      0.14   0.124992
  0.143636   0.126612
  0.147273   0.128176
  0.150909   0.129684
  0.154545   0.131139
  0.158182   0.132541
  0.161818   0.133894
  0.165455   0.135197
  0.169091   0.136453
  0.172727   0.137662
  0.176364   0.138827
      0.18   0.139948
  0.183636   0.141028
  0.187273   0.142067
  0.190909   0.143066
  0.194545   0.144027
  0.198182   0.144951
  0.202594   0.146028
  0.207869   0.147245
  0.213323   0.148431
   0.21896   0.149583
  0.224788   0.150699
  0.230812   0.151777
   0.23704   0.152815
  0.243477   0.153811
  0.250132   0.154765
  0.257011   0.155673
  0.264122   0.156536
  0.271474   0.157353
  0.279073   0.158122
  0.286929   0.158842
  0.295049   0.159515
  0.303444    0.16014
  0.312122   0.160717
  0.321093   0.161247
  0.330366   0.161731
  0.339952    0.16217
  0.349862   0.162565
  0.360105   0.162919
  0.370695   0.163232
  0.381642   0.163508
  0.392958   0.163748
  0.404655   0.163954
  0.416748   0.164128
  0.429248   0.164273
  0.442171    0.16439
  0.455529    0.16448
  0.469338   0.164546
  0.483612   0.164586
  0.498368   0.164601
  0.513623   0.164589
  0.529391   0.164546
  0.545692   0.164466
  0.562543   0.164341
  0.579962   0.164157
  0.597969   0.163896
  0.616583   0.163531
  0.635825   0.163027
  0.655717   0.162331
   0.67628   0.161374
  0.697536    0.16006
  0.719509   0.158257
  0.742224   0.155787
  0.765705    0.15241
  0.789979   0.147806
  0.815071   0.141546
   0.84101   0.133067
  0.867824   0.121632
  0.895542   0.106287
  0.924196  0.0858155
  0.953816  0.0586749
  0.984436  0.0229423
