0.00181818 6.56635e-10
0.00545455 3.01668e-09
0.00909091 6.55637e-09
 0.0127273 1.07115e-08
 0.0163636 1.51436e-08
      0.02 1.96631e-08
 0.0236364 2.41277e-08
 0.0272727 2.8408e-08
 0.0309091 3.23422e-08
 0.0345455 3.57869e-08
 0.0381818 3.86279e-08
 0.0418182 4.08241e-08
 0.0454545 4.23791e-08
 0.0490909 4.33548e-08
 0.0527273 4.38209e-08
 0.0563636 4.38745e-08
      0.06 4.35933e-08
 0.0636364 4.30756e-08
 0.0672727 4.23907e-08
 0.0709091 4.16244e-08
 0.0745455  4.083e-08
 0.0781818 4.00791e-08
 0.0818182 3.94098e-08
 0.0854545 3.88706e-08
 0.0890909 3.8477e-08
 0.0927273 3.82524e-08
 0.0963636 3.81905e-08
       0.1 3.82875e-08
  0.103636 3.85188e-08
  0.107273 3.88636e-08
  0.110909 3.92898e-08
  0.114545 3.97692e-08
  0.118182 4.02701e-08
  0.121818 4.0767e-08
  0.125455 4.12348e-08
  0.129091 4.16542e-08
  0.132727 4.20068e-08
  0.136364 4.22822e-08
      0.14 4.24696e-08
  0.143636 4.25659e-08
  0.147273 4.25644e-08
  0.150909 4.24701e-08
  0.154545 4.2281e-08
  0.158182 4.20073e-08
  0.161818 4.16476e-08
  0.165455 4.12189e-08
  0.169091 4.07227e-08
  0.172727 4.01799e-08
  0.176364 3.95899e-08
      0.18 3.89814e-08
  0.183636 3.83568e-08
  0.187273 3.77478e-08
  0.190909 3.71546e-08
  0.194545 3.65781e-08
  0.198182 3.59645e-08
  0.202594 3.57377e-08
  0.207869 3.42234e-08
  0.213323 3.28913e-08
   0.21896 3.16366e-08
  0.224788 3.04435e-08
  0.230812 2.92716e-08
   0.23704 2.81286e-08
  0.243477 2.70142e-08
  0.250132 2.59409e-08
  0.257011 2.49076e-08
  0.264122 2.39216e-08
  0.271474 2.29775e-08
  0.279073 2.20814e-08
  0.286929 2.12259e-08
  0.295049 2.0415e-08
  0.303444 1.96403e-08
  0.312122 1.89033e-08
  0.321093 1.81972e-08
  0.330366 1.75222e-08
  0.339952 1.68727e-08
  0.349862 1.62467e-08
  0.360105 1.56405e-08
  0.370695 1.5052e-08
  0.381642 1.44789e-08
  0.392958 1.39201e-08
  0.404655 1.33743e-08
  0.416748 1.28419e-08
  0.429248 1.23236e-08
  0.442171 1.18218e-08
  0.455529  1.134e-08
  0.469338 1.08838e-08
  0.483612 1.04605e-08
  0.498368 1.00791e-08
  0.513623 9.74857e-09
  0.529391 9.47812e-09
  0.545692 9.27426e-09
  0.562543 9.14015e-09
  0.579962 9.07509e-09
  0.597969 9.07594e-09
  0.616583 9.13669e-09
  0.635825 9.26006e-09
  0.655717 9.46459e-09
   0.67628 9.78467e-09
  0.697536 1.02986e-08
  0.719509 1.11328e-08
  0.742224 1.24001e-08
  0.765705 1.42158e-08
  0.789979 1.64801e-08
  0.815071 1.86508e-08
   0.84101 2.0055e-08
  0.867824 1.93209e-08
  0.895542 1.65855e-08
  0.924196 1.95281e-08
  0.953816 1.95607e-08
  0.984436 1.20445e-08
