0.00181818 7.57613e-11
0.00545455 1.94979e-10
0.00909091 2.88209e-10
 0.0127273 3.64013e-10
 0.0163636 4.30629e-10
      0.02 4.92645e-10
 0.0236364 5.52136e-10
 0.0272727 6.09769e-10
 0.0309091 6.65555e-10
 0.0345455 7.19329e-10
 0.0381818 7.70919e-10
 0.0418182 8.20208e-10
 0.0454545 8.67137e-10
 0.0490909 9.11679e-10
 0.0527273 9.53835e-10
 0.0563636 9.93616e-10
      0.06 1.03105e-09
 0.0636364 1.06615e-09
 0.0672727 1.09895e-09
 0.0709091 1.12947e-09
 0.0745455 1.15774e-09
 0.0781818 1.18378e-09
 0.0818182 1.2076e-09
 0.0854545 1.22923e-09
 0.0890909 1.24869e-09
 0.0927273 1.26597e-09
 0.0963636 1.28112e-09
       0.1 1.29412e-09
  0.103636  1.305e-09
  0.107273 1.31377e-09
  0.110909 1.32044e-09
  0.114545 1.32501e-09
  0.118182 1.3275e-09
  0.121818 1.32792e-09
  0.125455 1.32626e-09
  0.129091 1.32255e-09
  0.132727 1.31678e-09
  0.136364 1.30897e-09
      0.14 1.29913e-09
  0.143636 1.28727e-09
  0.147273 1.27339e-09
  0.150909 1.25753e-09
  0.154545 1.23968e-09
  0.158182 1.21989e-09
  0.161818 1.19819e-09
  0.165455 1.17461e-09
  0.169091 1.14922e-09
  0.172727 1.12208e-09
  0.176364 1.0933e-09
      0.18  1.063e-09
  0.183636 1.03135e-09
  0.187273 9.98579e-10
  0.190909 9.64997e-10
  0.194545 9.31037e-10
  0.198182 8.97367e-10
  0.202594 8.58855e-10
  0.207869 8.14989e-10
  0.213323 7.72569e-10
   0.21896 7.32191e-10
  0.224788 6.9436e-10
  0.230812 6.59618e-10
   0.23704 6.28388e-10
  0.243477 6.01041e-10
  0.250132 5.77753e-10
  0.257011 5.58593e-10
  0.264122  5.434e-10
  0.271474 5.31913e-10
  0.279073 5.23677e-10
  0.286929 5.18201e-10
  0.295049 5.14904e-10
  0.303444 5.13304e-10
  0.312122 5.12831e-10
  0.321093 5.1309e-10
  0.330366 5.13676e-10
  0.339952 5.1433e-10
  0.349862 5.14823e-10
  0.360105 5.15019e-10
  0.370695 5.14799e-10
  0.381642 5.14118e-10
  0.392958 5.12915e-10
  0.404655 5.11172e-10
  0.416748 5.08849e-10
  0.429248 5.05928e-10
  0.442171 5.02364e-10
  0.455529 4.98132e-10
  0.469338 4.93183e-10
  0.483612 4.87494e-10
  0.498368 4.81048e-10
  0.513623 4.73846e-10
  0.529391 4.65881e-10
  0.545692 4.57194e-10
  0.562543 4.47831e-10
  0.579962 4.37865e-10
  0.597969 4.27378e-10
  0.616583 4.16482e-10
  0.635825 4.05252e-10
  0.655717 3.93804e-10
   0.67628 3.82168e-10
  0.697536 3.70379e-10
  0.719509 3.58365e-10
  0.742224 3.4597e-10
  0.765705 3.32971e-10
  0.789979 3.18945e-10
  0.815071 3.03475e-10
   0.84101 2.86281e-10
  0.867824 2.67706e-10
  0.895542 2.53337e-10
  0.924196 2.59863e-10
  0.953816 3.67641e-10
  0.984436 4.81085e-10
