     0.004 9.87715e-06
     0.012 3.25107e-05
      0.02 5.7182e-05
     0.028 8.28396e-05
     0.036 0.000108099
     0.044 0.000131712
     0.052 0.000152707
      0.06 0.000170417
     0.068 0.000184454
     0.076 0.000194664
     0.084 0.000201086
     0.092 0.000203901
       0.1 0.000203395
     0.108 0.000199925
     0.116 0.000193887
     0.124  0.0001857
     0.132 0.000175783
      0.14 0.000164544
     0.148 0.000152368
     0.156 0.000139611
     0.164 0.000126592
     0.172 0.000113595
      0.18 0.000100865
     0.188 8.86058e-05
     0.196 7.69851e-05
  0.204065 6.6063e-05
  0.212415 5.57303e-05
  0.221217 4.5989e-05
  0.230495 3.70064e-05
  0.240275 2.89332e-05
  0.250584 2.1897e-05
  0.261452 1.59945e-05
  0.272907 1.12848e-05
  0.284982 7.78257e-06
  0.297711 5.45468e-06
  0.311128 4.21849e-06
  0.325272 3.94458e-06
   0.34018 4.46363e-06
  0.355896 5.57785e-06
  0.372462 7.07652e-06
  0.389924 8.75423e-06
  0.408331 1.04295e-05
  0.427734 1.19605e-05
  0.448188 1.32555e-05
  0.469747 1.4274e-05
  0.492474 1.50205e-05
  0.516431 1.55304e-05
  0.541683 1.58551e-05
  0.568302 1.60477e-05
  0.596362 1.61538e-05
   0.62594 1.62081e-05
  0.657119 1.62338e-05
  0.689984 1.62449e-05
  0.724628 1.62494e-05
  0.761147 1.6251e-05
  0.799642 1.62515e-05
   0.84022 1.62517e-05
  0.882994 1.62517e-05
  0.928082 1.62517e-05
   0.97561 1.62517e-05
