     0.004 1.32877e-14
     0.012 1.08742e-14
      0.02 8.75998e-15
     0.028 7.04656e-15
     0.036 5.67408e-15
     0.044 4.56152e-15
     0.052 3.66132e-15
      0.06 2.93945e-15
     0.068 2.36539e-15
     0.076 1.91171e-15
     0.084 1.55469e-15
     0.092 1.27443e-15
       0.1 1.05452e-15
     0.108 8.81664e-16
     0.116 7.45302e-16
     0.124 6.37164e-16
     0.132 5.50849e-16
      0.14 4.81444e-16
     0.148 4.25183e-16
     0.156 3.79189e-16
     0.164 3.41265e-16
     0.172 3.09732e-16
      0.18 2.83304e-16
     0.188 2.60988e-16
     0.196 2.42011e-16
  0.204065 2.25644e-16
  0.212415 2.11104e-16
  0.221217 1.97963e-16
  0.230495 1.86082e-16
  0.240275 1.7532e-16
  0.250584 1.6554e-16
  0.261452 1.56613e-16
  0.272907 1.48425e-16
  0.284982 1.40874e-16
  0.297711 1.33874e-16
  0.311128 1.27352e-16
  0.325272 1.2125e-16
   0.34018 1.15519e-16
  0.355896 1.10121e-16
  0.372462 1.05023e-16
  0.389924  1.002e-16
  0.408331 9.56289e-17
  0.427734 9.12934e-17
  0.448188 8.71796e-17
  0.469747 8.32772e-17
  0.492474 7.95791e-17
  0.516431 7.60805e-17
  0.541683 7.27793e-17
  0.568302 6.96753e-17
  0.596362 6.67704e-17
   0.62594 6.40676e-17
  0.657119 6.15721e-17
  0.689984 5.92901e-17
  0.724628 5.72294e-17
  0.761147 5.53999e-17
  0.799642 5.38135e-17
   0.84022 5.24875e-17
  0.882994 5.14497e-17
  0.928082 5.07351e-17
   0.97561 5.03706e-17
