     0.004 -1.95632e-05
     0.012 -2.2312e-05
      0.02 -2.09396e-05
     0.028 -1.96105e-05
     0.036 -1.8273e-05
     0.044 -1.69738e-05
     0.052 -1.5734e-05
      0.06 -1.45612e-05
     0.068 -1.34564e-05
     0.076 -1.24183e-05
     0.084 -1.14441e-05
     0.092 -1.05309e-05
       0.1 -9.67575e-06
     0.108 -8.87568e-06
     0.116 -8.12794e-06
     0.124 -7.42993e-06
     0.132 -6.77916e-06
      0.14 -6.17329e-06
     0.148 -5.61011e-06
     0.156 -5.08748e-06
     0.164 -4.6034e-06
     0.172 -4.15597e-06
      0.18 -3.74342e-06
     0.188 -3.36415e-06
     0.196 -3.01555e-06
  0.204065 -2.70609e-06
  0.212415 -2.44007e-06
  0.221217 -2.17935e-06
  0.230495 -1.92768e-06
  0.240275 -1.68629e-06
  0.250584 -1.45676e-06
  0.261452 -1.24078e-06
  0.272907 -1.04005e-06
  0.284982 -8.56157e-07
  0.297711 -6.90463e-07
  0.311128 -5.43998e-07
  0.325272 -4.17368e-07
   0.34018 -3.1067e-07
  0.355896 -2.23414e-07
  0.372462 -1.54501e-07
  0.389924 -1.02228e-07
  0.408331 -6.43801e-08
  0.427734 -3.83917e-08
  0.448188 -2.15751e-08
  0.469747 -1.13784e-08
  0.492474 -5.61124e-09
  0.516431 -2.57865e-09
  0.541683 -1.09997e-09
  0.568302 -4.33317e-10
  0.596362 -1.56592e-10
   0.62594 -5.14889e-11
  0.657119 -1.52611e-11
  0.689984 -4.03661e-12
  0.724628 -9.42681e-13
  0.761147 -1.92001e-13
  0.799642 -3.35078e-14
   0.84022 -4.82151e-15
  0.882994 -4.99863e-16
  0.928082 -8.39473e-18
   0.97561 6.94993e-18
