     0.004 -2.06486e-05
     0.012 -1.84129e-05
      0.02 -1.68325e-05
     0.028 -1.60603e-05
     0.036 -1.54928e-05
     0.044 -1.49898e-05
     0.052 -1.45039e-05
      0.06 -1.40181e-05
     0.068 -1.35271e-05
     0.076 -1.30303e-05
     0.084 -1.25291e-05
     0.092 -1.20253e-05
       0.1 -1.15212e-05
     0.108 -1.10187e-05
     0.116 -1.05196e-05
     0.124 -1.00257e-05
     0.132 -9.53832e-06
      0.14 -9.05891e-06
     0.148 -8.58859e-06
     0.156 -8.12839e-06
     0.164 -7.6792e-06
     0.172 -7.24176e-06
      0.18 -6.81661e-06
     0.188 -6.40409e-06
     0.196 -6.00163e-06
  0.204065 -5.5989e-06
  0.212415 -5.18602e-06
  0.221217 -4.76863e-06
  0.230495 -4.35587e-06
  0.240275 -3.95029e-06
  0.250584 -3.55422e-06
  0.261452 -3.16988e-06
  0.272907 -2.7995e-06
  0.284982 -2.44531e-06
  0.297711 -2.10955e-06
  0.311128 -1.79445e-06
  0.325272 -1.5022e-06
   0.34018 -1.23483e-06
  0.355896 -9.94136e-07
  0.372462 -7.81553e-07
  0.389924 -5.9798e-07
  0.408331 -4.43622e-07
  0.427734 -3.17821e-07
  0.448188 -2.18951e-07
  0.469747 -1.44415e-07
  0.492474 -9.08016e-08
  0.516431 -5.41903e-08
  0.541683 -3.05668e-08
  0.568302 -1.62259e-08
  0.596362 -8.06982e-09
   0.62594 -3.74253e-09
  0.657119 -1.61022e-09
  0.689984 -6.38958e-10
  0.724628 -2.32054e-10
  0.761147 -7.61261e-11
  0.799642 -2.18337e-11
   0.84022 -4.83702e-12
  0.882994 -1.8319e-13
  0.928082 7.79736e-13
   0.97561 4.28859e-13
