     0.004 0.00444458
     0.012 0.00806358
      0.02  0.0106941
     0.028  0.0128716
     0.036  0.0147037
     0.044  0.0162303
     0.052  0.0174761
      0.06  0.0184617
     0.068   0.019207
     0.076  0.0197314
     0.084  0.0200542
     0.092  0.0201941
       0.1  0.0201691
     0.108  0.0199962
     0.116   0.019692
     0.124  0.0192717
     0.132  0.0187501
      0.14  0.0181408
     0.148  0.0174567
     0.156  0.0167099
     0.164  0.0159118
     0.172  0.0150729
      0.18  0.0142032
     0.188  0.0133121
     0.196  0.0124085
  0.204065  0.0114946
  0.212415  0.0105575
  0.221217 0.00959052
  0.230495 0.00860307
  0.240275 0.00760699
  0.250584  0.0066177
  0.261452 0.00565589
  0.272907 0.00475074
  0.284982 0.00394527
  0.297711 0.00330293
  0.311128 0.00290465
  0.325272 0.00280877
   0.34018 0.00298785
  0.355896 0.00334001
  0.372462 0.00376205
  0.389924 0.00418431
  0.408331 0.00456716
  0.427734 0.00489091
  0.448188 0.00514888
  0.469747 0.00534304
  0.492474 0.00548096
  0.516431 0.00557323
  0.541683 0.00563119
  0.568302 0.00566528
  0.596362 0.00568398
   0.62594 0.00569352
  0.657119 0.00569803
  0.689984 0.00569999
  0.724628 0.00570077
  0.761147 0.00570105
  0.799642 0.00570115
   0.84022 0.00570117
  0.882994 0.00570118
  0.928082 0.00570118
   0.97561 0.00570118
