     0.004 0.00458264
     0.012  0.0128057
      0.02  0.0200883
     0.028  0.0269804
     0.036  0.0336127
     0.044   0.040027
     0.052  0.0462357
      0.06  0.0522408
     0.068  0.0580404
     0.076   0.063632
     0.084  0.0690133
     0.092  0.0741828
       0.1  0.0791399
     0.108  0.0838849
     0.116  0.0884188
     0.124  0.0927435
     0.132  0.0968615
      0.14   0.100776
     0.148    0.10449
     0.156   0.108008
     0.164   0.111335
     0.172   0.114475
      0.18   0.117433
     0.188   0.120215
     0.196   0.122826
  0.204065   0.125289
  0.212415    0.12766
  0.221217   0.129966
  0.230495   0.132193
  0.240275    0.13433
  0.250584   0.136364
  0.261452   0.138285
  0.272907   0.140082
  0.284982   0.141746
  0.297711   0.143269
  0.311128   0.144643
  0.325272   0.145866
   0.34018   0.146935
  0.355896   0.147851
  0.372462   0.148619
  0.389924   0.149246
  0.408331   0.149743
  0.427734   0.150125
  0.448188   0.150407
  0.469747   0.150607
  0.492474   0.150742
  0.516431   0.150828
  0.541683   0.150881
  0.568302   0.150911
  0.596362   0.150927
   0.62594   0.150935
  0.657119   0.150939
  0.689984   0.150941
  0.724628   0.150941
  0.761147   0.150942
  0.799642   0.150942
   0.84022   0.150942
  0.882994   0.150942
  0.928082   0.150942
   0.97561   0.150942
