     0.004 -1.98271e-12
     0.012 2.53517e-12
      0.02 1.21703e-12
     0.028 -8.74066e-13
     0.036 7.25194e-14
     0.044 5.13338e-13
     0.052 2.05465e-13
      0.06 -1.91525e-14
     0.068 -1.25192e-13
     0.076 -1.31237e-13
     0.084 2.26654e-15
     0.092 2.6172e-13
       0.1 4.71609e-13
     0.108 5.52626e-13
     0.116 5.44303e-13
     0.124 4.98719e-13
     0.132 4.08027e-13
      0.14 3.20935e-13
     0.148 2.46041e-13
     0.156 1.52683e-13
     0.164 7.80341e-14
     0.172 3.22294e-14
      0.18 -2.95718e-15
     0.188 -2.90753e-14
     0.196 -3.12259e-14
  0.204065 -1.38764e-14
  0.212415 -2.79868e-15
  0.221217 -2.1459e-14
  0.230495 -5.21004e-14
  0.240275 -7.94418e-14
  0.250584 -9.53037e-14
  0.261452 -6.24897e-14
  0.272907 -1.18315e-14
  0.284982 2.05629e-14
  0.297711 2.61113e-14
  0.311128 5.97534e-15
  0.325272 -6.52224e-15
   0.34018 -5.82788e-15
  0.355896 2.38605e-15
  0.372462 1.1004e-14
  0.389924 2.12412e-14
  0.408331 3.42853e-14
  0.427734 4.36335e-14
  0.448188 4.46125e-14
  0.469747 4.74332e-14
  0.492474 5.07598e-14
  0.516431 5.08208e-14
  0.541683 5.13106e-14
  0.568302 4.63527e-14
  0.596362 4.30598e-14
   0.62594 4.10833e-14
  0.657119 3.78061e-14
  0.689984 3.65387e-14
  0.724628 3.41077e-14
  0.761147 3.07782e-14
  0.799642 3.32378e-14
   0.84022 2.88575e-14
  0.882994 1.18205e-14
  0.928082 1.42516e-14
   0.97561 6.74686e-15
