     0.004 3.36507e-07
     0.012 8.34565e-07
      0.02 7.34329e-07
     0.028 6.14212e-07
     0.036 5.41323e-07
     0.044 4.90297e-07
     0.052 4.47706e-07
      0.06 4.08762e-07
     0.068 3.71829e-07
     0.076 3.37013e-07
     0.084 3.04852e-07
     0.092 2.75675e-07
       0.1 2.49536e-07
     0.108 2.2632e-07
     0.116 2.05773e-07
     0.124 1.87627e-07
     0.132 1.71592e-07
      0.14 1.57443e-07
     0.148 1.44981e-07
     0.156 1.34036e-07
     0.164 1.24429e-07
     0.172 1.15981e-07
      0.18  1.085e-07
     0.188 1.0181e-07
     0.196 9.5718e-08
  0.204065 9.00593e-08
  0.212415 8.45174e-08
  0.221217 7.8971e-08
  0.230495 7.34522e-08
  0.240275 6.81479e-08
  0.250584 6.30794e-08
  0.261452 5.83764e-08
  0.272907  5.402e-08
  0.284982 5.00712e-08
  0.297711 4.64737e-08
  0.311128 4.32197e-08
  0.325272 4.0244e-08
   0.34018 3.75313e-08
  0.355896 3.50422e-08
  0.372462 3.27609e-08
  0.389924 3.06514e-08
  0.408331 2.8692e-08
  0.427734 2.68493e-08
  0.448188 2.51033e-08
  0.469747 2.34329e-08
  0.492474 2.18292e-08
  0.516431 2.0281e-08
  0.541683 1.87808e-08
  0.568302 1.73208e-08
  0.596362 1.58932e-08
   0.62594 1.44889e-08
  0.657119 1.30971e-08
  0.689984 1.17096e-08
  0.724628 1.03214e-08
  0.761147 8.93665e-09
  0.799642 7.60475e-09
   0.84022 6.39961e-09
  0.882994 5.21129e-09
  0.928082 3.67917e-09
   0.97561 1.41372e-09
