     0.004 5.15544e-07
     0.012 6.8319e-07
      0.02 6.39323e-07
     0.028 5.25893e-07
     0.036 4.00428e-07
     0.044 2.96274e-07
     0.052 2.27183e-07
      0.06 1.87921e-07
     0.068 1.6429e-07
     0.076 1.46071e-07
     0.084 1.29723e-07
     0.092 1.14938e-07
       0.1 1.01951e-07
     0.108 9.07549e-08
     0.116 8.11223e-08
     0.124 7.27957e-08
     0.132 6.55564e-08
      0.14 5.92413e-08
     0.148 5.37162e-08
     0.156 4.88739e-08
     0.164 4.46214e-08
     0.172 4.08838e-08
      0.18 3.75958e-08
     0.188 3.47048e-08
     0.196 3.21626e-08
  0.204065 2.99095e-08
  0.212415 2.78569e-08
  0.221217 2.59584e-08
  0.230495 2.42051e-08
  0.240275 2.25856e-08
  0.250584 2.10853e-08
  0.261452 1.96915e-08
  0.272907 1.83907e-08
  0.284982 1.71722e-08
  0.297711 1.60247e-08
  0.311128 1.49396e-08
  0.325272 1.3909e-08
   0.34018 1.29277e-08
  0.355896 1.19916e-08
  0.372462 1.10984e-08
  0.389924 1.02463e-08
  0.408331 9.43461e-09
  0.427734 8.66298e-09
  0.448188 7.93153e-09
  0.469747 7.24076e-09
  0.492474 6.59134e-09
  0.516431 5.98379e-09
  0.541683 5.41883e-09
  0.568302 4.89673e-09
  0.596362 4.41742e-09
   0.62594 3.98063e-09
  0.657119 3.58572e-09
  0.689984 3.23054e-09
  0.724628 2.91101e-09
  0.761147 2.62095e-09
  0.799642 2.3545e-09
   0.84022 2.12693e-09
  0.882994 2.00297e-09
  0.928082 2.04317e-09
   0.97561 2.26376e-09
