0.00181818 3.60049e-06
0.00545455  2.045e-05
0.00909091 4.3278e-05
 0.0127273 6.79732e-05
 0.0163636 9.25125e-05
      0.02 0.000115768
 0.0236364 0.000137086
 0.0272727  0.0001561
 0.0309091 0.000172628
 0.0345455 0.000186611
 0.0381818 0.000198078
 0.0418182 0.000207112
 0.0454545 0.000213839
 0.0490909 0.000218408
 0.0527273 0.000220984
 0.0563636 0.000221742
      0.06 0.000220859
 0.0636364 0.00021851
 0.0672727 0.000214869
 0.0709091  0.0002101
 0.0745455 0.000204364
 0.0781818 0.000197809
 0.0818182 0.000190577
 0.0854545 0.000182798
 0.0890909 0.000174593
 0.0927273 0.000166074
 0.0963636 0.000157341
       0.1 0.000148486
  0.103636 0.000139592
  0.107273 0.000130732
  0.110909 0.000121972
  0.114545 0.000113368
  0.118182 0.000104971
  0.121818 9.68222e-05
  0.125455 8.89588e-05
  0.129091 8.14104e-05
  0.132727 7.42016e-05
  0.136364 6.73517e-05
      0.14 6.08753e-05
  0.143636 5.47828e-05
  0.147273 4.90808e-05
  0.150909 4.37723e-05
  0.154545 3.88573e-05
  0.158182 3.43331e-05
  0.161818 3.01945e-05
  0.165455 2.64344e-05
  0.169091 2.30435e-05
  0.172727 2.00114e-05
  0.176364 1.73262e-05
      0.18 1.49747e-05
  0.183636 1.29433e-05
  0.187273 1.12173e-05
  0.190909 9.78183e-06
  0.194545 8.62138e-06
  0.198182 7.72043e-06
  0.202594 6.95565e-06
  0.207869 6.47203e-06
  0.213323 6.42012e-06
   0.21896 6.79213e-06
  0.224788 7.57512e-06
  0.230812 8.75093e-06
   0.23704 1.02964e-05
  0.243477 1.21834e-05
  0.250132 1.43793e-05
  0.257011 1.68477e-05
  0.264122 1.95485e-05
  0.271474 2.2439e-05
  0.279073 2.54746e-05
  0.286929 2.86097e-05
  0.295049 3.17988e-05
  0.303444 3.49972e-05
  0.312122 3.81621e-05
  0.321093 4.12536e-05
  0.330366 4.42354e-05
  0.339952 4.70754e-05
  0.349862 4.97467e-05
  0.360105 5.22274e-05
  0.370695 5.45009e-05
  0.381642 5.6556e-05
  0.392958 5.83867e-05
  0.404655 5.99912e-05
  0.416748 6.13715e-05
  0.429248 6.2532e-05
  0.442171 6.34791e-05
  0.455529 6.42185e-05
  0.469338 6.47542e-05
  0.483612 6.50865e-05
  0.498368 6.52091e-05
  0.513623 6.51069e-05
  0.529391 6.4751e-05
  0.545692 6.4097e-05
  0.562543 6.30778e-05
  0.579962 6.16005e-05
  0.597969 5.95415e-05
  0.616583 5.6744e-05
  0.635825 5.3024e-05
  0.655717 4.81877e-05
   0.67628 4.20732e-05
  0.697536 3.46374e-05
  0.719509 2.61078e-05
  0.742224 1.72318e-05
  0.765705 9.63754e-06
  0.789979 6.27609e-06
  0.815071 1.17775e-05
   0.84101 3.22623e-05
  0.867824 7.35947e-05
  0.895542 0.000136213
  0.924196 0.000203945
  0.953816 0.000226437
  0.984436 0.000118587
