0.00181818 1.89338e-17
0.00545455 1.8902e-17
0.00909091 1.88819e-17
 0.0127273 1.88644e-17
 0.0163636 1.88394e-17
      0.02 1.87998e-17
 0.0236364 1.87404e-17
 0.0272727 1.86585e-17
 0.0309091 1.85536e-17
 0.0345455 1.84283e-17
 0.0381818 1.82871e-17
 0.0418182 1.8136e-17
 0.0454545 1.79807e-17
 0.0490909 1.78266e-17
 0.0527273 1.76777e-17
 0.0563636 1.75373e-17
      0.06 1.74071e-17
 0.0636364 1.72881e-17
 0.0672727 1.71801e-17
 0.0709091 1.70819e-17
 0.0745455 1.69918e-17
 0.0781818 1.69075e-17
 0.0818182 1.68262e-17
 0.0854545 1.67448e-17
 0.0890909 1.66604e-17
 0.0927273 1.65701e-17
 0.0963636 1.64712e-17
       0.1 1.63616e-17
  0.103636 1.62394e-17
  0.107273 1.61034e-17
  0.110909 1.59529e-17
  0.114545 1.5788e-17
  0.118182 1.56088e-17
  0.121818 1.54165e-17
  0.125455 1.52122e-17
  0.129091 1.49977e-17
  0.132727 1.47749e-17
  0.136364 1.45456e-17
      0.14 1.43123e-17
  0.143636 1.40769e-17
  0.147273 1.38416e-17
  0.150909 1.36082e-17
  0.154545 1.33788e-17
  0.158182 1.31548e-17
  0.161818 1.29378e-17
  0.165455 1.27289e-17
  0.169091 1.25293e-17
  0.172727  1.234e-17
  0.176364 1.21617e-17
      0.18 1.19951e-17
  0.183636 1.1841e-17
  0.187273 1.17001e-17
  0.190909 1.15737e-17
  0.194545 1.1462e-17
  0.198182 1.13573e-17
  0.202594 1.12071e-17
  0.207869 1.10116e-17
  0.213323 1.08319e-17
   0.21896 1.06695e-17
  0.224788 1.05223e-17
  0.230812 1.03886e-17
   0.23704 1.02668e-17
  0.243477 1.01554e-17
  0.250132 1.0053e-17
  0.257011 9.95794e-18
  0.264122 9.86897e-18
  0.271474 9.78485e-18
  0.279073 9.70458e-18
  0.286929 9.62735e-18
  0.295049 9.55254e-18
  0.303444 9.47974e-18
  0.312122 9.40872e-18
  0.321093 9.33941e-18
  0.330366 9.27181e-18
  0.339952 9.20601e-18
  0.349862 9.14214e-18
  0.360105 9.08035e-18
  0.370695 9.02078e-18
  0.381642 8.96359e-18
  0.392958 8.90887e-18
  0.404655 8.8567e-18
  0.416748 8.80711e-18
  0.429248 8.76008e-18
  0.442171 8.71558e-18
  0.455529 8.67354e-18
  0.469338 8.63384e-18
  0.483612 8.59634e-18
  0.498368 8.56084e-18
  0.513623 8.52713e-18
  0.529391 8.49489e-18
  0.545692 8.46374e-18
  0.562543 8.43321e-18
  0.579962 8.40272e-18
  0.597969 8.37166e-18
  0.616583 8.33948e-18
  0.635825 8.30574e-18
  0.655717 8.27043e-18
   0.67628 8.23407e-18
  0.697536 8.19805e-18
  0.719509 8.16456e-18
  0.742224 8.13678e-18
  0.765705 8.11949e-18
  0.789979 8.12074e-18
  0.815071 8.14716e-18
   0.84101 8.2132e-18
  0.867824 8.34674e-18
  0.895542 8.50837e-18
  0.924196 8.70987e-18
  0.953816 9.13188e-18
  0.984436 9.01229e-18
