0.00181818 -3.04351e-23
0.00545455 -4.65489e-23
0.00909091 -7.07248e-23
 0.0127273 -8.1143e-23
 0.0163636 -9.35806e-23
      0.02 -1.15594e-22
 0.0236364 -1.52938e-22
 0.0272727 -2.14911e-22
 0.0309091 -2.95758e-22
 0.0345455 -3.83988e-22
 0.0381818 -4.88459e-22
 0.0418182 -6.39321e-22
 0.0454545 -8.82735e-22
 0.0490909 -1.25738e-21
 0.0527273 -1.82218e-21
 0.0563636 -2.51808e-21
      0.06 -2.31206e-21
 0.0636364 -1.33242e-21
 0.0672727 -9.12551e-22
 0.0709091 -7.6105e-22
 0.0745455 -6.62291e-22
 0.0781818 -5.72019e-22
 0.0818182 -5.01016e-22
 0.0854545 -4.53177e-22
 0.0890909 -4.18309e-22
 0.0927273 -3.94461e-22
 0.0963636 -3.81222e-22
       0.1 -3.77457e-22
  0.103636 -3.82344e-22
  0.107273 -3.96185e-22
  0.110909 -4.1805e-22
  0.114545 -4.46932e-22
  0.118182 -4.83501e-22
  0.121818 -5.27126e-22
  0.125455 -5.77482e-22
  0.129091 -6.33379e-22
  0.132727 -6.93958e-22
  0.136364 -7.57633e-22
      0.14 -8.23585e-22
  0.143636 -8.90271e-22
  0.147273 -9.55768e-22
  0.150909 -1.01831e-21
  0.154545 -1.07657e-21
  0.158182 -1.13032e-21
  0.161818 -1.17595e-21
  0.165455 -1.21267e-21
  0.169091 -1.23875e-21
  0.172727 -1.25346e-21
  0.176364 -1.24923e-21
      0.18 -1.21003e-21
  0.183636 -1.1195e-21
  0.187273 -9.86954e-22
  0.190909 -8.20367e-22
  0.194545 -6.97428e-22
  0.198182 -1.22492e-21
  0.202594 -1.78343e-21
  0.207869 -1.26854e-21
  0.213323 -1.24419e-21
   0.21896 -1.07004e-21
  0.224788 -8.75954e-22
  0.230812 -7.00631e-22
   0.23704 -5.51598e-22
  0.243477 -4.26085e-22
  0.250132 -3.23471e-22
  0.257011 -2.42545e-22
  0.264122 -1.80738e-22
  0.271474 -1.34972e-22
  0.279073 -1.02355e-22
  0.286929 -7.94331e-23
  0.295049 -6.42519e-23
  0.303444 -5.47983e-23
  0.312122 -5.07246e-23
  0.321093 -5.04985e-23
  0.330366 -5.32443e-23
  0.339952 -5.70457e-23
  0.349862 -6.09324e-23
  0.360105 -6.33126e-23
  0.370695 -6.31971e-23
  0.381642 -5.92409e-23
  0.392958 -5.0301e-23
  0.404655 -3.61881e-23
  0.416748 -2.10176e-23
  0.429248 -1.01735e-23
  0.442171 -4.14931e-24
  0.455529 -1.33073e-24
  0.469338 -2.77022e-25
  0.483612 -2.02918e-26
  0.498368 -3.03669e-31
  0.513623 1.48442e-26
  0.529391 3.15432e-25
  0.545692 2.02805e-24
  0.562543 8.27818e-24
  0.579962 2.6382e-23
  0.597969 6.40148e-23
  0.616583 1.04291e-22
  0.635825 1.32797e-22
  0.655717 1.52314e-22
   0.67628 1.68693e-22
  0.697536 1.88258e-22
  0.719509 2.17131e-22
  0.742224 2.67797e-22
  0.765705 3.65848e-22
  0.789979 6.00643e-22
  0.815071 1.49117e-21
   0.84101 1.08475e-21
  0.867824 7.7003e-22
  0.895542 6.65431e-22
  0.924196 2.86079e-21
  0.953816 7.47888e-22
  0.984436 9.23542e-23
