0.00181818 -2.8889e-05
0.00545455 -2.81547e-05
0.00909091 -2.73803e-05
 0.0127273 -2.66105e-05
 0.0163636 -2.58542e-05
      0.02 -2.51128e-05
 0.0236364 -2.43868e-05
 0.0272727 -2.36759e-05
 0.0309091 -2.298e-05
 0.0345455 -2.22991e-05
 0.0381818 -2.1633e-05
 0.0418182 -2.09815e-05
 0.0454545 -2.03444e-05
 0.0490909 -1.97217e-05
 0.0527273 -1.91131e-05
 0.0563636 -1.85186e-05
      0.06 -1.79379e-05
 0.0636364 -1.73708e-05
 0.0672727 -1.68173e-05
 0.0709091 -1.62772e-05
 0.0745455 -1.57502e-05
 0.0781818 -1.52362e-05
 0.0818182 -1.47351e-05
 0.0854545 -1.42465e-05
 0.0890909 -1.37705e-05
 0.0927273 -1.33068e-05
 0.0963636 -1.28551e-05
       0.1 -1.24154e-05
  0.103636 -1.19874e-05
  0.107273 -1.1571e-05
  0.110909 -1.11659e-05
  0.114545 -1.0772e-05
  0.118182 -1.0389e-05
  0.121818 -1.00169e-05
  0.125455 -9.6553e-06
  0.129091 -9.30414e-06
  0.132727 -8.96318e-06
  0.136364 -8.63223e-06
      0.14 -8.31111e-06
  0.143636 -7.99962e-06
  0.147273 -7.69755e-06
  0.150909 -7.40474e-06
  0.154545 -7.12097e-06
  0.158182 -6.84606e-06
  0.161818 -6.57982e-06
  0.165455 -6.32206e-06
  0.169091 -6.07259e-06
  0.172727 -5.83122e-06
  0.176364 -5.59776e-06
      0.18 -5.37204e-06
  0.183636 -5.15386e-06
  0.187273 -4.94305e-06
  0.190909 -4.73942e-06
  0.194545 -4.5428e-06
  0.198182 -4.35299e-06
  0.202594 -4.13238e-06
  0.207869 -3.88005e-06
  0.213323 -3.63286e-06
   0.21896 -3.39135e-06
  0.224788 -3.15602e-06
  0.230812 -2.92738e-06
   0.23704 -2.70593e-06
  0.243477 -2.49212e-06
  0.250132 -2.2864e-06
  0.257011 -2.08917e-06
  0.264122 -1.9008e-06
  0.271474 -1.72162e-06
  0.279073 -1.55192e-06
  0.286929 -1.3919e-06
  0.295049 -1.24174e-06
  0.303444 -1.10155e-06
  0.312122 -9.71348e-07
  0.321093 -8.51111e-07
  0.330366 -7.40731e-07
  0.339952 -6.40026e-07
  0.349862 -5.48746e-07
  0.360105 -4.66562e-07
  0.370695 -3.93079e-07
  0.381642 -3.27828e-07
  0.392958 -2.70277e-07
  0.404655 -2.19828e-07
  0.416748 -1.75819e-07
  0.429248 -1.37525e-07
  0.442171 -1.04155e-07
  0.455529 -7.48395e-08
  0.469338 -4.86172e-08
  0.483612 -2.44069e-08
  0.498368 -9.65846e-10
  0.513623 2.31729e-08
  0.529391 4.97899e-08
  0.545692 8.11063e-08
  0.562543 1.1996e-07
  0.579962 1.70044e-07
  0.597969 2.36235e-07
  0.616583 3.25025e-07
  0.635825 4.45091e-07
  0.655717 6.08041e-07
   0.67628 8.29363e-07
  0.697536 1.12962e-06
  0.719509 1.53592e-06
  0.742224 2.08367e-06
  0.765705 2.81862e-06
  0.789979 3.79912e-06
  0.815071 5.09847e-06
   0.84101 6.80723e-06
  0.867824 9.03511e-06
  0.895542 1.19122e-05
  0.924196 1.55893e-05
  0.953816 2.02363e-05
  0.984436 2.60274e-05
