0.00181818 0.00268346
0.00545455 0.00639532
0.00909091 0.00930355
 0.0127273  0.0116596
 0.0163636  0.0136024
      0.02  0.0152163
 0.0236364  0.0165582
 0.0272727  0.0176692
 0.0309091  0.0185811
 0.0345455   0.019319
 0.0381818  0.0199037
 0.0418182  0.0203525
 0.0454545  0.0206804
 0.0490909  0.0209001
 0.0527273  0.0210231
 0.0563636  0.0210591
      0.06  0.0210171
 0.0636364   0.020905
 0.0672727  0.0207301
 0.0709091  0.0204988
 0.0745455   0.020217
 0.0781818  0.0198901
 0.0818182  0.0195231
 0.0854545  0.0191205
 0.0890909  0.0186865
 0.0927273  0.0182249
 0.0963636  0.0177393
       0.1  0.0172329
  0.103636  0.0167088
  0.107273  0.0161699
  0.110909  0.0156187
  0.114545  0.0150578
  0.118182  0.0144894
  0.121818  0.0139156
  0.125455  0.0133386
  0.129091  0.0127601
  0.132727  0.0121821
  0.136364  0.0116062
      0.14  0.0110341
  0.143636  0.0104674
  0.147273 0.00990765
  0.150909 0.00935653
  0.154545 0.00881559
  0.158182 0.00828651
  0.161818 0.00777104
  0.165455 0.00727109
  0.169091 0.00678875
  0.172727 0.00632636
  0.176364 0.00588662
      0.18 0.00547261
  0.183636 0.00508789
  0.187273 0.00473653
  0.190909 0.00442308
  0.194545 0.00415244
  0.198182 0.00392949
  0.202594 0.00372979
  0.207869 0.00359779
  0.213323 0.00358333
   0.21896 0.00368568
  0.224788 0.00389233
  0.230812 0.00418352
   0.23704 0.00453792
  0.243477 0.00493627
  0.250132 0.00536271
  0.257011 0.00580478
  0.264122 0.00625276
  0.271474  0.0066991
  0.279073 0.00713787
  0.286929 0.00756435
  0.295049 0.00797481
  0.303444 0.00836626
  0.312122 0.00873637
  0.321093 0.00908334
  0.330366 0.00940589
  0.339952 0.00970314
  0.349862 0.00997464
  0.360105  0.0102203
  0.370695  0.0104404
  0.381642  0.0106354
  0.392958  0.0108062
  0.404655  0.0109536
  0.416748  0.0110789
  0.429248  0.0111832
  0.442171  0.0112676
  0.455529   0.011333
  0.469338  0.0113802
  0.483612  0.0114093
  0.498368  0.0114201
  0.513623  0.0114111
  0.529391  0.0113799
  0.545692  0.0113223
  0.562543  0.0112319
  0.579962  0.0110996
  0.597969  0.0109125
  0.616583  0.0106531
  0.635825   0.010298
  0.655717  0.0098171
   0.67628 0.00917314
  0.697536 0.00832315
  0.719509 0.00722603
  0.742224 0.00587056
  0.765705 0.00439034
  0.789979 0.00354291
  0.815071 0.00485334
   0.84101 0.00803272
  0.867824  0.0121322
  0.895542  0.0165053
  0.924196  0.0201963
  0.953816  0.0212809
  0.984436  0.0154005
