0.00181818 0.00279777
0.00545455 0.00826021
0.00909091  0.0135747
 0.0127273  0.0187407
 0.0163636  0.0237605
      0.02   0.028637
 0.0236364  0.0333731
 0.0272727  0.0379717
 0.0309091  0.0424356
 0.0345455  0.0467679
 0.0381818  0.0509712
 0.0418182  0.0550484
 0.0454545  0.0590024
 0.0490909  0.0628358
 0.0527273  0.0665513
 0.0563636  0.0701518
      0.06  0.0736398
 0.0636364   0.077018
 0.0672727  0.0802889
 0.0709091  0.0834552
 0.0745455  0.0865194
 0.0781818   0.089484
 0.0818182  0.0923515
 0.0854545  0.0951242
 0.0890909  0.0978047
 0.0927273   0.100395
 0.0963636   0.102898
       0.1   0.105316
  0.103636    0.10765
  0.107273   0.109904
  0.110909    0.11208
  0.114545   0.114178
  0.118182   0.116203
  0.121818   0.118155
  0.125455   0.120037
  0.129091   0.121851
  0.132727   0.123598
  0.136364   0.125282
      0.14   0.126903
  0.143636   0.128463
  0.147273   0.129965
  0.150909   0.131409
  0.154545   0.132799
  0.158182   0.134135
  0.161818    0.13542
  0.165455   0.136654
  0.169091    0.13784
  0.172727   0.138978
  0.176364   0.140072
      0.18   0.141121
  0.183636   0.142128
  0.187273   0.143094
  0.190909    0.14402
  0.194545   0.144908
  0.198182   0.145759
  0.202594   0.146748
  0.207869    0.14786
  0.213323   0.148938
   0.21896   0.149979
  0.224788   0.150983
  0.230812   0.151947
   0.23704   0.152869
  0.243477   0.153749
  0.250132   0.154585
  0.257011   0.155377
  0.264122   0.156123
  0.271474   0.156822
  0.279073   0.157476
  0.286929   0.158084
  0.295049   0.158645
  0.303444   0.159162
  0.312122   0.159634
  0.321093   0.160063
  0.330366   0.160451
  0.339952   0.160798
  0.349862   0.161106
  0.360105   0.161379
  0.370695   0.161617
  0.381642   0.161824
  0.392958   0.162001
  0.404655   0.162151
  0.416748   0.162276
  0.429248   0.162378
  0.442171   0.162459
  0.455529   0.162522
  0.469338   0.162566
  0.483612   0.162593
  0.498368   0.162603
  0.513623   0.162594
  0.529391   0.162565
  0.545692    0.16251
  0.562543   0.162423
  0.579962   0.162293
  0.597969   0.162105
  0.616583   0.161836
  0.635825   0.161456
  0.655717   0.160917
   0.67628   0.160158
  0.697536   0.159087
  0.719509   0.157581
  0.742224   0.155466
  0.765705   0.152502
  0.789979   0.148364
  0.815071   0.142607
   0.84101   0.134637
  0.867824   0.123662
  0.895542   0.108645
  0.924196  0.0882397
  0.953816  0.0607272
  0.984436  0.0239438
