0.00181818 6.80333e-10
0.00545455 3.11927e-09
0.00909091 6.78071e-09
 0.0127273 1.1086e-08
 0.0163636 1.56907e-08
      0.02 2.0403e-08
 0.0236364 2.50751e-08
 0.0272727 2.95692e-08
 0.0309091 3.37103e-08
 0.0345455 3.7343e-08
 0.0381818 4.0343e-08
 0.0418182 4.26651e-08
 0.0454545 4.43121e-08
 0.0490909 4.53497e-08
 0.0527273 4.58519e-08
 0.0563636 4.59219e-08
      0.06 4.56423e-08
 0.0636364 4.51171e-08
 0.0672727 4.44196e-08
 0.0709091 4.36398e-08
 0.0745455 4.28333e-08
 0.0781818 4.20747e-08
 0.0818182 4.14028e-08
 0.0854545 4.08669e-08
 0.0890909 4.04821e-08
 0.0927273 4.02711e-08
 0.0963636 4.02261e-08
       0.1 4.0342e-08
  0.103636 4.05923e-08
  0.107273 4.09552e-08
  0.110909 4.13968e-08
  0.114545 4.18881e-08
  0.118182 4.23964e-08
  0.121818 4.28959e-08
  0.125455 4.33607e-08
  0.129091 4.37716e-08
  0.132727 4.41099e-08
  0.136364 4.43659e-08
      0.14 4.45284e-08
  0.143636 4.45955e-08
  0.147273 4.45602e-08
  0.150909 4.44288e-08
  0.154545 4.41997e-08
  0.158182 4.38841e-08
  0.161818 4.3481e-08
  0.165455 4.30089e-08
  0.169091 4.24697e-08
  0.172727 4.18857e-08
  0.176364 4.12568e-08
      0.18 4.06132e-08
  0.183636 3.99579e-08
  0.187273 3.93241e-08
  0.190909 3.87125e-08
  0.194545 3.81238e-08
  0.198182 3.74993e-08
  0.202594 3.72664e-08
  0.207869 3.5707e-08
  0.213323 3.43341e-08
   0.21896 3.3043e-08
  0.224788 3.18178e-08
  0.230812 3.06166e-08
   0.23704 2.94465e-08
  0.243477 2.83068e-08
  0.250132 2.72097e-08
  0.257011 2.61536e-08
  0.264122 2.51451e-08
  0.271474 2.41783e-08
  0.279073 2.3259e-08
  0.286929 2.23789e-08
  0.295049 2.15421e-08
  0.303444 2.07395e-08
  0.312122 1.99731e-08
  0.321093 1.92359e-08
  0.330366 1.85285e-08
  0.339952 1.78455e-08
  0.349862 1.71855e-08
  0.360105 1.65449e-08
  0.370695 1.59222e-08
  0.381642 1.53155e-08
  0.392958 1.47237e-08
  0.404655 1.41463e-08
  0.416748 1.35834e-08
  0.429248 1.30364e-08
  0.442171 1.25073e-08
  0.455529 1.19997e-08
  0.469338 1.15193e-08
  0.483612 1.10732e-08
  0.498368 1.06705e-08
  0.513623 1.03203e-08
  0.529391 1.00323e-08
  0.545692 9.81376e-09
  0.562543 9.66878e-09
  0.579962 9.59797e-09
  0.597969 9.59937e-09
  0.616583 9.66737e-09
  0.635825 9.80375e-09
  0.655717 1.00239e-08
   0.67628 1.03557e-08
  0.697536 1.08703e-08
  0.719509 1.16933e-08
  0.742224 1.29489e-08
  0.765705 1.47862e-08
  0.789979  1.714e-08
  0.815071 1.94652e-08
   0.84101 2.10549e-08
  0.867824 2.04077e-08
  0.895542 1.75753e-08
  0.924196 2.06529e-08
  0.953816 2.06767e-08
  0.984436 1.27549e-08
