0.00181818 7.92267e-11
0.00545455 2.03022e-10
0.00909091 2.99088e-10
 0.0127273 3.76664e-10
 0.0163636 4.44598e-10
      0.02 5.07847e-10
 0.0236364 5.6866e-10
 0.0272727 6.27751e-10
 0.0309091 6.85123e-10
 0.0345455 7.40581e-10
 0.0381818 7.93925e-10
 0.0418182 8.45014e-10
 0.0454545 8.93767e-10
 0.0490909 9.40143e-10
 0.0527273 9.8413e-10
 0.0563636 1.02573e-09
      0.06 1.06495e-09
 0.0636364 1.10182e-09
 0.0672727 1.13635e-09
 0.0709091 1.16855e-09
 0.0745455 1.19845e-09
 0.0781818 1.22606e-09
 0.0818182 1.2514e-09
 0.0854545 1.27448e-09
 0.0890909 1.29531e-09
 0.0927273 1.3139e-09
 0.0963636 1.33027e-09
       0.1 1.34443e-09
  0.103636 1.35638e-09
  0.107273 1.36613e-09
  0.110909 1.3737e-09
  0.114545 1.37909e-09
  0.118182 1.38231e-09
  0.121818 1.38337e-09
  0.125455 1.38227e-09
  0.129091 1.37903e-09
  0.132727 1.37365e-09
  0.136364 1.36614e-09
      0.14 1.35652e-09
  0.143636 1.34479e-09
  0.147273 1.33096e-09
  0.150909 1.31506e-09
  0.154545 1.29711e-09
  0.158182 1.27713e-09
  0.161818 1.25516e-09
  0.165455 1.23123e-09
  0.169091 1.20542e-09
  0.172727 1.17778e-09
  0.176364 1.14842e-09
      0.18 1.11746e-09
  0.183636 1.08507e-09
  0.187273 1.05147e-09
  0.190909 1.01697e-09
  0.194545 9.81999e-10
  0.198182 9.47214e-10
  0.202594 9.0722e-10
  0.207869 8.61116e-10
  0.213323 8.15882e-10
   0.21896 7.72073e-10
  0.224788 7.30159e-10
  0.230812 6.90677e-10
   0.23704 6.54082e-10
  0.243477 6.20832e-10
  0.250132 5.91247e-10
  0.257011 5.65604e-10
  0.264122 5.43995e-10
  0.271474 5.26443e-10
  0.279073 5.1277e-10
  0.286929 5.02734e-10
  0.295049 4.95942e-10
  0.303444 4.92024e-10
  0.312122 4.90458e-10
  0.321093 4.90827e-10
  0.330366 4.92641e-10
  0.339952 4.95516e-10
  0.349862 4.99059e-10
  0.360105 5.02957e-10
  0.370695 5.06896e-10
  0.381642 5.10638e-10
  0.392958 5.13933e-10
  0.404655 5.16591e-10
  0.416748 5.18418e-10
  0.429248 5.19275e-10
  0.442171 5.1902e-10
  0.455529 5.17568e-10
  0.469338 5.1484e-10
  0.483612 5.10812e-10
  0.498368 5.05489e-10
  0.513623 4.98921e-10
  0.529391 4.91158e-10
  0.545692 4.82308e-10
  0.562543 4.7249e-10
  0.579962 4.61851e-10
  0.597969 4.50544e-10
  0.616583 4.38745e-10
  0.635825 4.26586e-10
  0.655717 4.14238e-10
   0.67628 4.01773e-10
  0.697536 3.8927e-10
  0.719509 3.76678e-10
  0.742224 3.63853e-10
  0.765705 3.5056e-10
  0.789979 3.36317e-10
  0.815071 3.20599e-10
   0.84101 3.02977e-10
  0.867824 2.83621e-10
  0.895542 2.68315e-10
  0.924196 2.74841e-10
  0.953816 3.89143e-10
  0.984436 5.09632e-10
