/*--------------------------------*- C++ -*----------------------------------*\
| =========                 |                                                 |
| \\      /  F ield         | OpenFOAM: The Open Source CFD Toolbox           |
|  \\    /   O peration     | Version:  2312                                  |
|   \\  /    A nd           | Website:  www.openfoam.com                      |
|    \\/     M anipulation  |                                                 |
\*---------------------------------------------------------------------------*/
FoamFile
{
    version     2.0;
    format      ascii;
    arch        "LSB;label=32;scalar=64";
    class       regIOobject;
    location    "constant/polyMesh";
    object      cellZones;
    meta
    {
        names           1 ( bed );
    }
}
// * * * * * * * * * * * * * * * * * * * * * * * * * * * * * * * * * * * * * //

1
(bed
{
    type            cellZone;
    cellLabels      List<label> 
5625
(
0
1
2
3
4
5
6
7
8
9
10
11
12
13
14
15
16
17
18
19
20
21
22
23
24
25
26
27
28
29
30
31
32
33
34
35
36
37
38
39
40
41
42
43
44
45
46
47
48
49
50
51
52
53
54
55
56
57
58
59
60
61
62
63
64
65
66
67
68
69
70
71
72
73
74
75
76
77
78
79
80
81
82
83
84
85
86
87
88
89
90
91
92
93
94
95
97
98
99
100
101
102
103
104
105
106
107
108
109
110
111
114
115
116
117
118
119
122
125
127
128
131
133
135
136
137
139
140
141
148
151
152
153
157
158
159
163
164
168
171
177
178
179
185
188
212
1500
1501
1502
1503
1504
1505
1506
1507
1508
1509
1510
1511
1512
1513
1514
1515
1516
1517
1518
1519
1520
1521
1522
1523
1524
1525
1526
1527
1528
1529
1530
1531
1532
1533
1534
1535
1536
1537
1538
1539
1540
1541
1542
1543
1544
1545
1546
1547
1548
1549
1550
1551
1552
1553
1554
1555
1556
1557
1558
1559
1560
1561
1562
1563
1564
1565
1566
1569
1570
1571
1572
1573
1574
1575
1576
1577
1578
1579
1580
1581
1582
1583
1584
1585
1586
1587
1590
1591
1592
1593
1594
1595
1596
1597
1598
1599
1600
1601
1602
1603
1604
1605
1606
1607
1608
1609
1610
1611
1612
1613
1614
1615
1616
1617
1618
1619
1623
1630
1636
1639
1641
1643
1646
1647
1652
1653
1655
1656
1657
1659
1660
1661
1663
1665
1669
1672
1678
1679
3000
3001
3002
3003
3004
3005
3006
3007
3008
3009
3010
3011
3012
3013
3014
3015
3016
3017
3018
3019
3020
3021
3022
3023
3024
3025
3026
3027
3028
3029
3030
3031
3032
3033
3034
3035
3036
3037
3038
3039
3040
3041
3042
3043
3044
3045
3046
3047
3048
3049
3050
3051
3052
3053
3054
3055
3056
3057
3058
3059
3060
3061
3062
3063
3064
3065
3066
3069
3071
3072
3073
3074
3077
3078
3079
3080
3081
3082
3083
3084
3085
3086
3087
3088
3089
3090
3092
3093
3094
3095
3096
3097
3098
3099
3100
3101
3102
3103
3104
3105
3106
3109
3110
3111
3112
3113
3114
3115
3116
3117
3118
3119
3123
3125
3126
3129
3132
3133
3134
3137
3138
3139
3141
3142
3143
3152
3160
3161
3162
3163
3164
3165
3170
3172
3174
3177
3185
3194
3198
3225
4500
4501
4502
4503
4504
4505
4506
4507
4508
4509
4510
4511
4512
4513
4514
4515
4516
4517
4518
4519
4520
4521
4522
4523
4524
4525
4526
4527
4528
4529
4530
4531
4532
4533
4534
4535
4536
4537
4538
4539
4540
4541
4542
4543
4544
4545
4546
4547
4548
4549
4550
4551
4552
4553
4554
4555
4556
4557
4558
4559
4560
4561
4562
4563
4564
4565
4566
4567
4568
4569
4570
4571
4572
4573
4574
4575
4576
4577
4578
4579
4581
4582
4583
4584
4586
4587
4588
4589
4590
4591
4592
4593
4594
4595
4596
4597
4598
4600
4601
4604
4605
4606
4607
4608
4609
4610
4611
4612
4613
4614
4615
4616
4619
4624
4627
4630
4633
4637
4638
4641
4642
4649
4650
4654
4655
4658
4661
4666
4669
4670
4671
4673
4702
4730
6000
6001
6002
6003
6004
6005
6006
6007
6008
6009
6010
6011
6012
6013
6014
6015
6016
6017
6018
6019
6020
6021
6022
6023
6024
6025
6026
6027
6028
6029
6030
6031
6032
6033
6034
6035
6036
6037
6038
6039
6040
6041
6042
6043
6044
6045
6046
6047
6048
6049
6050
6051
6052
6053
6054
6055
6056
6057
6058
6059
6060
6061
6062
6063
6064
6065
6066
6067
6068
6069
6070
6071
6072
6073
6074
6075
6076
6077
6078
6079
6080
6081
6082
6083
6084
6085
6086
6087
6088
6089
6090
6091
6092
6093
6094
6095
6096
6097
6098
6099
6100
6101
6102
6103
6105
6106
6107
6108
6109
6110
6111
6112
6113
6114
6115
6116
6117
6118
6119
6120
6121
6124
6125
6126
6127
6128
6131
6135
6138
6139
6144
6146
6148
6149
6150
6151
6152
6154
6155
6156
6157
6160
6161
6162
6165
6166
6167
6168
6170
6173
6176
6178
6208
6226
7500
7501
7502
7503
7504
7505
7506
7507
7508
7509
7510
7511
7512
7513
7514
7515
7516
7517
7518
7519
7520
7521
7522
7523
7524
7525
7526
7527
7528
7529
7530
7531
7532
7533
7534
7535
7536
7537
7538
7539
7540
7541
7542
7543
7544
7545
7546
7547
7548
7549
7550
7551
7552
7553
7554
7555
7556
7557
7558
7559
7560
7561
7562
7563
7564
7565
7566
7567
7568
7569
7570
7571
7572
7573
7576
7577
7578
7579
7580
7581
7582
7583
7584
7586
7587
7588
7589
7590
7591
7592
7594
7595
7596
7597
7598
7599
7600
7601
7602
7603
7604
7605
7606
7607
7608
7609
7610
7612
7613
7614
7615
7616
7617
7618
7619
7623
7626
7627
7628
7630
7636
7637
7641
7646
7648
7650
7652
7655
7657
7658
7660
7664
7665
7666
7667
7669
7672
7706
9000
9001
9002
9003
9004
9005
9006
9007
9008
9009
9010
9011
9012
9013
9014
9015
9016
9017
9018
9019
9020
9021
9022
9023
9024
9025
9026
9027
9028
9029
9030
9031
9032
9033
9034
9035
9036
9037
9038
9039
9040
9041
9042
9043
9044
9045
9046
9047
9048
9049
9050
9051
9052
9053
9054
9055
9056
9057
9058
9059
9060
9061
9062
9063
9064
9065
9066
9067
9068
9069
9070
9071
9072
9073
9074
9076
9078
9079
9080
9081
9082
9083
9084
9085
9086
9087
9088
9089
9090
9091
9092
9094
9095
9096
9098
9099
9100
9101
9102
9103
9104
9105
9106
9107
9108
9109
9111
9112
9113
9114
9115
9116
9117
9118
9119
9124
9125
9127
9128
9129
9130
9131
9132
9140
9141
9145
9149
9154
9159
9165
9166
9168
9169
9173
9175
9176
9178
9179
9233
10500
10501
10502
10503
10504
10505
10506
10507
10508
10509
10510
10511
10512
10513
10514
10515
10516
10517
10518
10519
10520
10521
10522
10523
10524
10525
10526
10527
10528
10529
10530
10531
10532
10533
10534
10535
10536
10537
10538
10539
10540
10541
10542
10543
10544
10545
10546
10547
10548
10549
10550
10551
10552
10553
10554
10555
10556
10557
10558
10559
10560
10561
10562
10563
10564
10565
10566
10567
10568
10569
10570
10571
10572
10573
10574
10575
10576
10577
10578
10579
10580
10581
10582
10584
10585
10586
10587
10588
10589
10590
10591
10592
10593
10594
10595
10596
10597
10600
10601
10602
10603
10604
10605
10606
10607
10608
10609
10610
10611
10612
10613
10614
10615
10616
10617
10618
10620
10626
10633
10635
10637
10639
10640
10641
10649
10652
10653
10654
10656
10657
10660
10661
10662
10664
10666
10667
10669
12000
12001
12002
12003
12004
12005
12006
12007
12008
12009
12010
12011
12012
12013
12014
12015
12016
12017
12018
12019
12020
12021
12022
12023
12024
12026
12027
12028
12029
12030
12031
12032
12033
12034
12035
12036
12037
12038
12039
12040
12041
12042
12043
12044
12045
12046
12047
12048
12049
12050
12051
12052
12053
12054
12055
12056
12057
12058
12059
12060
12061
12062
12063
12064
12065
12066
12067
12068
12069
12070
12071
12072
12073
12074
12075
12076
12077
12078
12079
12081
12082
12083
12084
12086
12087
12088
12089
12091
12092
12093
12094
12095
12096
12097
12098
12099
12100
12101
12102
12103
12104
12105
12106
12108
12110
12111
12112
12113
12114
12115
12116
12117
12118
12119
12120
12122
12127
12128
12134
12136
12137
12138
12143
12144
12146
12151
12155
12157
12161
12163
12164
12165
12166
12170
12171
12175
12176
12177
12178
13500
13501
13502
13503
13504
13505
13506
13507
13508
13509
13510
13511
13512
13513
13514
13515
13516
13517
13518
13519
13520
13521
13522
13523
13524
13525
13526
13527
13528
13529
13530
13531
13532
13533
13534
13535
13536
13537
13538
13539
13540
13541
13542
13543
13544
13545
13546
13547
13548
13549
13550
13551
13552
13553
13554
13555
13556
13557
13558
13559
13560
13561
13562
13563
13564
13565
13566
13567
13568
13569
13570
13571
13572
13573
13574
13577
13578
13579
13580
13581
13582
13583
13584
13585
13586
13587
13588
13589
13591
13592
13593
13594
13595
13598
13599
13600
13602
13603
13604
13605
13606
13607
13609
13610
13611
13612
13613
13614
13615
13616
13617
13619
13620
13623
13624
13625
13626
13629
13633
13638
13639
13640
13643
13646
13648
13654
13659
13662
13664
13667
13669
13670
13672
13673
13676
13677
13679
13689
15000
15001
15002
15003
15004
15005
15006
15007
15008
15009
15010
15011
15012
15013
15014
15015
15016
15017
15018
15019
15020
15021
15022
15023
15024
15025
15026
15027
15028
15029
15030
15031
15032
15033
15034
15035
15036
15037
15038
15039
15040
15041
15042
15043
15044
15045
15046
15047
15048
15049
15050
15051
15052
15053
15054
15055
15056
15057
15058
15059
15060
15061
15062
15063
15064
15065
15066
15067
15068
15069
15070
15071
15072
15073
15074
15075
15076
15077
15078
15079
15080
15081
15082
15083
15084
15085
15086
15087
15088
15089
15090
15091
15092
15093
15094
15095
15097
15098
15099
15100
15101
15102
15104
15105
15106
15107
15109
15110
15111
15112
15113
15114
15115
15116
15117
15118
15119
15124
15125
15128
15129
15130
15134
15135
15137
15138
15139
15143
15146
15149
15150
15153
15154
15158
15160
15164
15167
15170
15172
15175
15177
15178
15179
15188
15189
15209
15224
15227
16500
16501
16502
16503
16504
16505
16506
16507
16508
16509
16510
16511
16512
16513
16514
16515
16516
16517
16518
16519
16520
16521
16522
16523
16524
16525
16526
16527
16528
16529
16530
16531
16532
16533
16534
16535
16536
16537
16538
16539
16540
16541
16542
16543
16544
16545
16546
16547
16548
16549
16550
16551
16552
16553
16554
16555
16556
16557
16558
16559
16560
16561
16562
16563
16564
16565
16566
16567
16568
16569
16570
16571
16572
16573
16575
16576
16577
16578
16579
16580
16581
16582
16583
16584
16585
16586
16587
16588
16589
16590
16591
16592
16593
16594
16595
16596
16597
16598
16600
16601
16602
16604
16605
16606
16608
16609
16610
16611
16612
16613
16614
16615
16616
16617
16618
16619
16621
16622
16624
16627
16628
16631
16632
16633
16635
16636
16638
16641
16648
16650
16651
16653
16654
16656
16657
16658
16666
16668
16671
16672
16673
16674
16678
16682
16693
16695
16698
16728
16731
18000
18001
18002
18003
18004
18005
18006
18007
18008
18009
18010
18011
18012
18013
18014
18015
18016
18017
18018
18019
18020
18021
18022
18023
18024
18025
18026
18027
18028
18029
18030
18031
18032
18033
18034
18035
18036
18037
18038
18039
18040
18041
18042
18043
18044
18045
18046
18047
18048
18049
18050
18051
18052
18053
18054
18055
18056
18057
18058
18059
18062
18063
18064
18065
18066
18067
18068
18069
18070
18071
18072
18074
18075
18077
18078
18079
18081
18082
18083
18084
18085
18086
18087
18088
18089
18090
18091
18092
18095
18096
18098
18099
18100
18101
18102
18103
18104
18105
18106
18108
18109
18110
18111
18112
18113
18115
18116
18118
18119
18123
18125
18126
18128
18129
18130
18131
18133
18137
18138
18141
18147
18148
18149
18150
18151
18156
18158
18160
18161
18163
18165
18168
18170
18172
18175
18178
18179
18201
19500
19501
19502
19503
19504
19505
19506
19507
19508
19509
19510
19511
19512
19513
19514
19515
19516
19517
19518
19519
19520
19521
19522
19523
19524
19525
19526
19527
19528
19529
19530
19531
19532
19533
19534
19535
19536
19537
19538
19539
19540
19541
19542
19543
19544
19545
19546
19547
19548
19549
19550
19551
19552
19553
19554
19555
19556
19557
19558
19559
19560
19561
19562
19563
19564
19565
19566
19567
19568
19569
19570
19571
19572
19573
19574
19575
19576
19577
19578
19579
19580
19581
19582
19583
19584
19585
19586
19587
19588
19589
19590
19591
19592
19593
19594
19595
19596
19597
19599
19600
19601
19602
19603
19604
19605
19606
19607
19608
19609
19610
19611
19613
19614
19615
19616
19618
19619
19621
19622
19623
19625
19627
19628
19629
19632
19633
19634
19635
19647
19649
19654
19657
19659
19661
19662
19663
19668
19669
19670
19676
19693
21000
21001
21002
21003
21004
21005
21006
21007
21008
21009
21010
21011
21012
21013
21014
21015
21016
21017
21018
21019
21020
21021
21022
21023
21024
21025
21026
21027
21028
21029
21030
21031
21032
21033
21034
21035
21036
21037
21038
21039
21040
21041
21042
21043
21044
21045
21046
21047
21048
21049
21050
21051
21052
21053
21054
21055
21056
21057
21058
21059
21060
21061
21062
21063
21064
21065
21066
21068
21069
21070
21071
21072
21073
21074
21075
21076
21077
21078
21080
21082
21083
21084
21085
21087
21089
21090
21091
21092
21093
21094
21095
21096
21097
21099
21100
21101
21102
21103
21104
21105
21106
21107
21108
21109
21110
21111
21112
21113
21114
21115
21116
21117
21118
21119
21120
21121
21123
21124
21125
21128
21132
21133
21136
21142
21144
21147
21150
21152
21157
21159
21160
21162
21163
21165
21166
21167
21168
21169
21170
21171
21172
22500
22501
22502
22503
22504
22505
22506
22507
22509
22510
22511
22512
22513
22514
22515
22516
22517
22518
22519
22520
22521
22522
22523
22524
22525
22526
22527
22528
22529
22530
22531
22532
22533
22534
22535
22536
22537
22538
22539
22540
22541
22542
22543
22544
22545
22546
22547
22548
22549
22550
22551
22552
22553
22554
22555
22556
22557
22558
22559
22560
22562
22563
22564
22565
22566
22567
22569
22570
22571
22572
22573
22574
22575
22576
22577
22578
22579
22580
22581
22582
22583
22585
22586
22587
22588
22589
22590
22591
22592
22593
22594
22595
22596
22597
22598
22600
22601
22602
22603
22604
22605
22606
22607
22608
22609
22610
22611
22612
22613
22614
22615
22617
22618
22619
22625
22630
22633
22634
22638
22641
22642
22643
22646
22649
22651
22652
22655
22657
22658
22662
22663
22664
22669
22671
22673
22674
22679
22701
24000
24001
24002
24003
24004
24005
24006
24007
24008
24009
24010
24011
24012
24013
24014
24015
24016
24017
24018
24019
24020
24021
24022
24023
24024
24025
24026
24027
24028
24029
24030
24031
24032
24033
24034
24035
24036
24037
24038
24039
24040
24041
24042
24043
24044
24045
24046
24047
24048
24049
24050
24051
24052
24053
24054
24055
24056
24057
24058
24059
24060
24062
24063
24064
24065
24066
24068
24069
24071
24072
24073
24074
24075
24076
24078
24079
24080
24081
24082
24083
24084
24085
24086
24087
24088
24089
24090
24091
24093
24094
24095
24096
24097
24098
24099
24100
24101
24104
24105
24106
24107
24108
24109
24110
24111
24112
24113
24114
24115
24117
24118
24119
24120
24122
24129
24132
24133
24136
24139
24144
24147
24148
24149
24150
24151
24155
24156
24159
24170
24173
24174
24177
24178
24179
24180
24234
25500
25501
25502
25503
25504
25505
25506
25507
25508
25509
25510
25511
25512
25513
25514
25515
25516
25517
25518
25519
25520
25521
25522
25523
25524
25525
25526
25527
25528
25529
25530
25531
25532
25533
25534
25535
25536
25537
25538
25539
25540
25541
25542
25543
25544
25545
25546
25547
25548
25549
25550
25551
25552
25553
25554
25555
25556
25557
25558
25559
25560
25561
25563
25564
25565
25566
25567
25568
25569
25570
25572
25573
25574
25575
25576
25577
25578
25579
25580
25581
25582
25583
25584
25585
25586
25587
25588
25589
25590
25591
25592
25593
25594
25595
25596
25597
25598
25599
25600
25601
25602
25603
25604
25605
25606
25607
25608
25609
25610
25611
25612
25613
25614
25615
25616
25617
25619
25620
25626
25627
25629
25630
25632
25634
25637
25640
25641
25643
25649
25650
25652
25653
25655
25656
25659
25661
25664
25665
25667
25668
25671
25672
25674
25675
25676
25677
25712
25716
27000
27001
27002
27003
27004
27005
27006
27007
27008
27009
27010
27011
27012
27013
27014
27015
27016
27017
27018
27019
27020
27021
27022
27023
27024
27025
27026
27027
27028
27029
27030
27031
27032
27033
27034
27035
27036
27037
27038
27039
27040
27041
27042
27043
27044
27045
27046
27047
27048
27049
27050
27051
27052
27053
27054
27055
27056
27057
27058
27059
27062
27063
27064
27065
27066
27068
27069
27070
27071
27072
27073
27074
27075
27076
27077
27078
27079
27080
27081
27082
27083
27085
27086
27087
27089
27090
27091
27092
27093
27095
27096
27097
27098
27099
27100
27101
27102
27103
27104
27105
27106
27108
27110
27111
27112
27113
27114
27115
27116
27117
27118
27123
27124
27126
27129
27131
27133
27142
27149
27153
27156
27158
27160
27161
27164
27166
27168
27170
27173
27178
27221
28500
28501
28502
28503
28504
28505
28506
28507
28508
28509
28510
28511
28512
28513
28514
28515
28516
28517
28518
28519
28520
28521
28522
28523
28524
28525
28526
28527
28528
28529
28530
28531
28532
28533
28534
28535
28536
28537
28538
28539
28540
28541
28542
28543
28544
28545
28546
28547
28548
28549
28550
28551
28552
28553
28554
28555
28556
28557
28558
28559
28560
28561
28562
28563
28564
28565
28566
28567
28568
28569
28570
28571
28572
28573
28574
28575
28576
28578
28579
28580
28581
28582
28583
28584
28585
28586
28587
28588
28589
28590
28591
28592
28593
28594
28595
28596
28597
28598
28600
28601
28602
28603
28604
28605
28606
28607
28608
28609
28610
28611
28612
28613
28614
28615
28616
28617
28618
28619
28621
28622
28624
28627
28629
28632
28633
28634
28636
28640
28641
28642
28645
28647
28648
28650
28652
28653
28660
28664
28667
28669
28670
28672
28673
28675
28677
28694
28730
30000
30001
30002
30003
30004
30005
30006
30007
30008
30009
30010
30011
30012
30013
30014
30015
30016
30017
30018
30019
30020
30021
30022
30023
30024
30025
30026
30027
30028
30029
30030
30031
30032
30033
30034
30035
30036
30037
30038
30039
30040
30041
30042
30043
30044
30045
30046
30047
30048
30049
30050
30051
30052
30053
30054
30055
30056
30057
30058
30059
30060
30062
30063
30064
30065
30066
30067
30068
30069
30070
30071
30072
30075
30076
30077
30078
30079
30080
30081
30082
30083
30084
30085
30088
30089
30090
30091
30092
30093
30094
30095
30096
30097
30098
30099
30100
30102
30103
30104
30105
30106
30107
30108
30109
30110
30111
30112
30113
30114
30115
30116
30117
30118
30119
30125
30131
30132
30133
30136
30137
30138
30139
30140
30141
30142
30145
30151
30152
30153
30156
30157
30163
30164
30165
30166
30168
30170
30172
30173
30175
30177
30178
30179
30198
30230
30232
31500
31501
31502
31503
31504
31505
31506
31507
31508
31509
31510
31511
31512
31513
31514
31515
31516
31517
31518
31519
31520
31521
31522
31523
31524
31525
31526
31527
31528
31529
31530
31531
31532
31533
31534
31535
31536
31537
31538
31539
31540
31541
31542
31543
31544
31545
31546
31547
31548
31549
31550
31551
31552
31553
31554
31555
31556
31557
31558
31559
31560
31561
31562
31564
31565
31566
31567
31568
31569
31570
31571
31572
31573
31574
31575
31576
31577
31578
31579
31580
31581
31582
31583
31584
31585
31586
31588
31589
31590
31592
31593
31594
31595
31596
31597
31599
31602
31604
31605
31606
31607
31608
31609
31610
31611
31612
31613
31614
31615
31616
31617
31618
31619
31622
31624
31633
31634
31637
31638
31640
31642
31644
31646
31650
31652
31660
31662
31664
31665
31668
31669
31670
31671
31675
31677
31679
33000
33001
33002
33003
33004
33005
33006
33007
33008
33009
33010
33011
33012
33013
33014
33015
33016
33017
33018
33019
33020
33021
33022
33023
33024
33025
33026
33027
33028
33029
33030
33031
33032
33033
33034
33035
33036
33037
33038
33039
33040
33041
33042
33043
33044
33045
33046
33047
33048
33049
33050
33051
33052
33053
33054
33055
33056
33057
33058
33059
33060
33062
33063
33064
33065
33066
33067
33068
33069
33070
33071
33072
33073
33074
33075
33076
33077
33078
33079
33080
33081
33083
33084
33085
33087
33089
33090
33091
33092
33093
33094
33095
33096
33097
33100
33101
33102
33103
33104
33105
33106
33107
33108
33109
33110
33111
33112
33113
33114
33115
33116
33117
33118
33119
33120
33123
33124
33125
33130
33131
33142
33143
33144
33145
33147
33151
33153
33163
33166
33167
33170
33171
33175
34500
34501
34502
34503
34504
34505
34506
34507
34508
34509
34510
34511
34512
34513
34514
34515
34516
34517
34518
34519
34520
34521
34522
34523
34524
34525
34526
34527
34528
34529
34530
34531
34532
34533
34534
34535
34536
34537
34538
34539
34540
34541
34542
34543
34544
34545
34546
34547
34548
34549
34550
34551
34552
34553
34554
34555
34556
34557
34558
34559
34560
34561
34562
34563
34564
34565
34566
34567
34569
34570
34571
34572
34573
34574
34575
34576
34577
34578
34579
34580
34581
34582
34583
34584
34585
34586
34587
34589
34590
34591
34592
34595
34597
34598
34599
34601
34602
34603
34604
34605
34606
34607
34608
34609
34610
34611
34612
34613
34614
34615
34616
34617
34618
34619
34621
34626
34630
34631
34633
34634
34638
34644
34645
34647
34649
34650
34651
34655
34658
34661
34664
34665
34668
34669
34670
34671
34672
34676
34677
34678
36000
36001
36002
36003
36004
36005
36006
36007
36008
36009
36010
36011
36012
36013
36014
36015
36016
36017
36018
36019
36020
36021
36022
36023
36024
36025
36026
36027
36028
36029
36030
36031
36032
36033
36034
36035
36036
36037
36038
36039
36040
36041
36042
36043
36044
36045
36046
36047
36048
36049
36050
36051
36052
36053
36054
36055
36056
36057
36058
36059
36060
36061
36062
36063
36064
36065
36066
36067
36068
36069
36070
36071
36072
36073
36074
36075
36076
36077
36078
36079
36080
36082
36083
36084
36085
36086
36088
36089
36090
36091
36092
36093
36094
36095
36096
36097
36098
36099
36100
36102
36103
36104
36106
36108
36109
36110
36111
36112
36113
36115
36116
36117
36118
36119
36120
36122
36123
36124
36125
36133
36134
36136
36138
36140
36142
36143
36148
36149
36150
36152
36153
36155
36158
36160
36164
36169
36170
36172
36176
36177
36178
36179
36236
37500
37501
37502
37503
37504
37505
37506
37507
37508
37509
37510
37511
37512
37513
37514
37515
37516
37517
37518
37519
37520
37521
37522
37523
37524
37525
37526
37527
37528
37529
37530
37531
37532
37533
37534
37535
37536
37537
37538
37539
37540
37541
37542
37543
37544
37545
37546
37547
37548
37549
37550
37551
37552
37553
37554
37555
37556
37557
37558
37559
37560
37562
37564
37565
37566
37567
37568
37569
37570
37571
37572
37573
37574
37576
37578
37579
37580
37581
37582
37583
37584
37585
37586
37587
37588
37589
37590
37591
37592
37593
37594
37595
37596
37597
37598
37599
37600
37601
37602
37603
37604
37605
37606
37607
37608
37609
37610
37612
37613
37614
37615
37616
37617
37618
37619
37624
37626
37628
37629
37632
37636
37639
37645
37646
37647
37650
37653
37660
37661
37662
37663
37668
37674
37675
37684
37728
39000
39001
39002
39003
39004
39005
39006
39007
39008
39009
39010
39011
39012
39013
39014
39015
39016
39017
39018
39019
39020
39021
39022
39023
39024
39025
39026
39027
39028
39029
39030
39031
39032
39033
39034
39035
39036
39037
39038
39039
39040
39041
39042
39043
39044
39045
39046
39047
39048
39049
39050
39051
39052
39053
39054
39055
39056
39057
39058
39059
39060
39061
39062
39063
39064
39065
39066
39067
39068
39069
39070
39071
39072
39073
39074
39075
39076
39077
39078
39080
39082
39083
39084
39085
39086
39087
39088
39089
39090
39091
39092
39094
39095
39096
39097
39098
39099
39100
39101
39102
39103
39104
39105
39106
39107
39108
39109
39110
39111
39112
39113
39114
39115
39116
39117
39118
39122
39123
39126
39128
39129
39130
39131
39134
39137
39142
39147
39150
39156
39158
39159
39160
39162
39167
39169
39171
39173
39175
39177
39178
39184
39194
39210
39222
39227
39231
40500
40501
40502
40503
40504
40505
40506
40507
40508
40509
40510
40511
40512
40513
40514
40515
40516
40517
40518
40519
40520
40521
40522
40523
40524
40525
40526
40527
40528
40529
40530
40531
40532
40533
40534
40535
40536
40537
40538
40539
40540
40541
40542
40543
40544
40545
40546
40547
40548
40549
40550
40551
40552
40553
40554
40555
40556
40557
40558
40559
40560
40561
40562
40564
40565
40566
40567
40568
40569
40570
40571
40572
40573
40574
40575
40576
40577
40578
40579
40580
40581
40582
40583
40584
40585
40586
40587
40588
40589
40590
40591
40592
40593
40594
40595
40596
40597
40598
40600
40601
40602
40603
40604
40605
40606
40607
40608
40609
40610
40611
40612
40613
40615
40616
40617
40618
40619
40621
40626
40632
40634
40638
40639
40640
40642
40643
40644
40649
40650
40653
40655
40660
40663
40665
40668
40669
40670
40672
40676
40677
40679
40692
40699
42000
42001
42002
42003
42004
42005
42006
42007
42008
42009
42010
42011
42012
42013
42014
42015
42016
42017
42018
42019
42020
42021
42022
42023
42024
42025
42026
42027
42028
42029
42030
42031
42032
42033
42034
42035
42036
42037
42038
42039
42040
42041
42042
42043
42044
42045
42046
42047
42048
42049
42050
42051
42052
42053
42054
42055
42056
42057
42058
42059
42060
42061
42062
42063
42064
42065
42066
42067
42068
42069
42070
42072
42073
42074
42075
42076
42077
42078
42079
42080
42081
42082
42083
42084
42085
42086
42087
42088
42089
42091
42092
42093
42094
42095
42096
42097
42098
42100
42101
42102
42103
42104
42105
42107
42108
42109
42110
42111
42113
42114
42115
42116
42117
42118
42119
42124
42125
42127
42129
42134
42140
42141
42142
42147
42148
42154
42155
42156
42158
42160
42164
42165
42169
42170
42174
42175
42179
42202
42224
43500
43501
43502
43503
43504
43505
43506
43507
43508
43509
43510
43511
43512
43513
43514
43515
43516
43517
43518
43519
43520
43521
43522
43523
43524
43525
43526
43527
43528
43529
43530
43531
43532
43533
43534
43535
43536
43537
43538
43539
43540
43541
43542
43543
43544
43545
43546
43547
43548
43549
43550
43551
43552
43553
43554
43555
43556
43557
43558
43559
43560
43561
43562
43563
43565
43566
43567
43568
43569
43570
43571
43572
43573
43574
43575
43576
43577
43578
43579
43580
43581
43582
43583
43584
43585
43586
43587
43588
43589
43590
43591
43592
43593
43594
43595
43596
43597
43598
43599
43600
43601
43602
43603
43604
43605
43606
43607
43608
43609
43610
43611
43612
43613
43614
43615
43616
43617
43618
43619
43622
43626
43627
43628
43632
43636
43644
43645
43647
43649
43650
43652
43654
43655
43660
43661
43663
43668
43670
43671
43676
43678
43686
43736
45000
45001
45002
45003
45004
45005
45006
45007
45008
45009
45010
45011
45012
45013
45014
45015
45016
45017
45018
45019
45020
45021
45022
45023
45024
45025
45026
45027
45028
45029
45030
45031
45032
45033
45034
45035
45036
45037
45038
45039
45040
45041
45042
45043
45044
45045
45046
45047
45048
45049
45050
45051
45052
45053
45054
45055
45056
45057
45058
45059
45060
45062
45063
45064
45065
45066
45067
45069
45070
45071
45072
45073
45074
45075
45076
45077
45078
45079
45080
45081
45082
45083
45084
45085
45086
45087
45088
45089
45090
45091
45092
45094
45095
45096
45097
45098
45099
45101
45102
45103
45104
45106
45107
45108
45109
45110
45111
45112
45113
45115
45116
45117
45118
45119
45122
45125
45132
45139
45141
45143
45146
45147
45149
45154
45157
45161
45162
45167
45169
45171
45172
45175
45176
45179
45222
46500
46501
46502
46503
46504
46505
46506
46507
46508
46509
46510
46511
46512
46513
46514
46515
46516
46517
46518
46519
46520
46521
46522
46523
46524
46525
46526
46527
46528
46529
46530
46531
46532
46533
46534
46535
46536
46537
46538
46539
46540
46541
46542
46543
46544
46545
46546
46547
46548
46549
46550
46551
46552
46553
46554
46555
46556
46557
46558
46559
46560
46561
46563
46564
46565
46566
46567
46568
46569
46570
46571
46572
46573
46574
46575
46576
46577
46578
46579
46580
46581
46582
46584
46585
46586
46587
46588
46589
46590
46591
46592
46593
46594
46595
46596
46597
46598
46599
46600
46601
46602
46603
46604
46605
46606
46607
46608
46609
46610
46611
46612
46613
46615
46616
46617
46618
46619
46624
46625
46629
46631
46632
46636
46640
46642
46646
46647
46648
46652
46654
46658
46662
46663
46666
46671
46677
46678
48000
48001
48002
48003
48004
48005
48006
48007
48008
48009
48010
48011
48012
48013
48014
48015
48016
48017
48018
48019
48020
48021
48022
48023
48024
48025
48026
48027
48028
48029
48030
48031
48032
48033
48034
48035
48036
48037
48038
48039
48040
48041
48042
48043
48044
48045
48046
48047
48048
48049
48050
48051
48052
48053
48054
48055
48056
48057
48058
48059
48060
48062
48063
48064
48065
48066
48067
48068
48069
48070
48071
48072
48073
48074
48075
48076
48077
48078
48079
48080
48082
48083
48084
48085
48086
48087
48088
48089
48090
48091
48092
48093
48094
48095
48096
48098
48099
48100
48101
48102
48103
48104
48106
48107
48108
48109
48110
48112
48113
48114
48115
48116
48118
48119
48120
48122
48123
48124
48127
48129
48130
48132
48134
48138
48140
48142
48145
48146
48149
48154
48156
48161
48162
48164
48168
48169
48173
48178
48179
48206
49500
49501
49502
49503
49504
49505
49506
49507
49508
49509
49510
49511
49512
49513
49514
49515
49516
49517
49518
49519
49520
49521
49522
49523
49524
49525
49526
49527
49528
49529
49530
49531
49532
49533
49534
49535
49536
49537
49538
49539
49540
49541
49542
49543
49544
49545
49546
49547
49548
49549
49550
49551
49552
49553
49554
49555
49556
49557
49558
49559
49560
49561
49562
49563
49564
49565
49566
49567
49568
49569
49570
49571
49572
49573
49574
49575
49576
49579
49580
49581
49582
49583
49584
49585
49586
49587
49588
49589
49590
49591
49592
49593
49594
49595
49597
49598
49599
49600
49601
49602
49603
49604
49605
49606
49607
49608
49609
49610
49611
49612
49613
49614
49615
49616
49617
49618
49619
49620
49621
49622
49624
49627
49628
49629
49630
49632
49634
49635
49636
49639
49642
49643
49644
49645
49646
49647
49648
49649
49651
49652
49653
49657
49658
49659
49660
49662
49664
49665
49667
49668
49672
49674
49675
49684
49695
49725
51000
51001
51002
51003
51004
51005
51006
51007
51008
51009
51010
51011
51012
51013
51014
51015
51016
51017
51018
51019
51020
51021
51022
51023
51024
51025
51026
51027
51028
51029
51030
51031
51032
51033
51034
51035
51036
51037
51038
51039
51040
51041
51042
51043
51044
51045
51046
51047
51048
51049
51050
51051
51052
51053
51054
51055
51056
51057
51058
51059
51061
51063
51064
51065
51066
51067
51068
51071
51072
51073
51074
51075
51076
51077
51078
51079
51080
51081
51082
51083
51086
51087
51088
51089
51090
51091
51092
51093
51094
51095
51096
51097
51098
51100
51101
51102
51103
51104
51105
51107
51109
51110
51111
51112
51113
51114
51115
51117
51119
51121
51123
51124
51125
51126
51127
51133
51134
51135
51141
51146
51147
51150
51152
51153
51155
51160
51162
51163
51164
51167
51171
51175
51179
51183
52500
52501
52502
52503
52504
52505
52506
52507
52508
52509
52510
52511
52512
52513
52514
52515
52516
52517
52518
52519
52520
52521
52522
52523
52524
52525
52526
52527
52528
52529
52530
52531
52532
52533
52534
52535
52536
52537
52538
52539
52540
52541
52542
52543
52544
52545
52546
52547
52548
52549
52550
52551
52552
52553
52554
52555
52556
52557
52558
52559
52560
52561
52563
52564
52565
52566
52567
52568
52569
52570
52571
52572
52573
52574
52575
52577
52578
52579
52580
52581
52582
52583
52584
52585
52586
52587
52588
52589
52590
52591
52592
52593
52595
52596
52597
52598
52600
52601
52602
52603
52605
52606
52608
52609
52610
52611
52612
52613
52614
52615
52616
52617
52618
52619
52621
52623
52628
52632
52639
52641
52643
52646
52648
52650
52652
52661
52663
52666
52672
52673
52674
52675
52676
52677
52679
52708
52734
54000
54001
54002
54003
54004
54005
54006
54007
54008
54009
54010
54011
54012
54013
54014
54015
54016
54017
54018
54019
54020
54021
54022
54023
54024
54025
54026
54027
54028
54029
54030
54031
54032
54033
54034
54035
54036
54037
54038
54039
54040
54041
54042
54043
54044
54045
54046
54047
54048
54049
54050
54051
54052
54053
54054
54055
54056
54057
54058
54059
54060
54061
54062
54063
54064
54065
54066
54067
54068
54069
54070
54071
54072
54073
54074
54075
54076
54077
54078
54079
54080
54081
54082
54083
54084
54085
54086
54088
54089
54090
54091
54092
54093
54094
54095
54096
54097
54098
54099
54100
54101
54103
54104
54105
54107
54108
54109
54110
54111
54112
54113
54114
54116
54117
54118
54119
54121
54123
54133
54135
54139
54142
54143
54144
54145
54148
54149
54153
54158
54159
54167
54169
54170
54172
54176
54177
54184
54219
54227
54287
55500
55501
55502
55503
55504
55505
55506
55507
55508
55509
55510
55511
55512
55513
55514
55515
55516
55517
55518
55519
55520
55521
55522
55523
55524
55525
55526
55527
55528
55529
55530
55531
55532
55533
55534
55535
55536
55537
55538
55539
55540
55541
55542
55543
55544
55545
55546
55547
55548
55549
55550
55551
55552
55553
55554
55555
55556
55557
55558
55559
55560
55561
55563
55564
55565
55567
55568
55569
55570
55571
55572
55573
55574
55575
55576
55577
55579
55580
55581
55582
55583
55585
55586
55587
55588
55589
55590
55591
55593
55594
55595
55597
55598
55600
55601
55602
55603
55604
55605
55606
55607
55608
55609
55610
55611
55612
55613
55615
55616
55617
55618
55619
55620
55632
55633
55634
55636
55640
55643
55646
55647
55648
55658
55661
55662
55668
55670
55671
55673
55677
55678
55679
55738
57000
57001
57002
57003
57004
57005
57006
57007
57008
57009
57010
57011
57012
57013
57014
57015
57016
57017
57018
57019
57020
57021
57022
57023
57024
57025
57026
57027
57028
57029
57030
57031
57032
57033
57034
57035
57036
57037
57038
57039
57040
57041
57042
57043
57044
57045
57046
57047
57048
57049
57050
57051
57052
57053
57054
57055
57056
57057
57058
57059
57060
57061
57062
57064
57065
57066
57068
57069
57070
57071
57072
57073
57074
57075
57076
57077
57078
57079
57080
57081
57082
57083
57084
57085
57086
57087
57088
57089
57090
57091
57092
57093
57094
57095
57096
57097
57098
57099
57101
57103
57104
57105
57106
57107
57108
57109
57110
57111
57112
57113
57114
57115
57116
57117
57118
57119
57121
57122
57124
57128
57131
57132
57134
57136
57140
57144
57145
57147
57152
57153
57156
57157
57158
57159
57163
57164
57169
57173
57174
57177
57200
57233
58500
58501
58502
58503
58504
58505
58506
58507
58508
58509
58510
58511
58512
58513
58514
58515
58516
58517
58518
58519
58520
58521
58522
58523
58524
58525
58526
58527
58528
58529
58530
58531
58532
58533
58534
58535
58536
58537
58538
58539
58540
58541
58542
58543
58544
58545
58546
58547
58548
58549
58550
58551
58552
58553
58554
58555
58556
58557
58558
58559
58561
58562
58563
58564
58565
58566
58567
58568
58569
58570
58571
58572
58573
58574
58575
58576
58577
58578
58579
58580
58582
58583
58584
58585
58586
58587
58588
58589
58590
58592
58593
58594
58596
58597
58598
58599
58600
58601
58602
58603
58604
58605
58606
58607
58608
58609
58610
58611
58612
58613
58614
58615
58616
58617
58618
58619
58622
58623
58624
58626
58628
58629
58630
58631
58632
58633
58634
58635
58643
58644
58649
58654
58656
58658
58660
58661
58662
58664
58665
58666
58669
58671
58673
58674
58676
58689
)
;
}
)

// ************************************************************************* //
