     0.004 6.41905e-05
     0.012 0.000198942
      0.02 0.000272743
     0.028 0.000286073
     0.036 0.000260899
     0.044 0.000217239
     0.052 0.000168988
      0.06 0.000124281
     0.068 8.69439e-05
     0.076 5.80037e-05
     0.084 3.68951e-05
     0.092 2.23167e-05
       0.1 1.27718e-05
     0.108 6.8686e-06
     0.116 3.45529e-06
     0.124 1.6529e-06
     0.132 8.3304e-07
      0.14 5.7184e-07
     0.148 5.99218e-07
     0.156 7.53296e-07
     0.164 9.43935e-07
     0.172 1.12585e-06
      0.18 1.2801e-06
     0.188  1.402e-06
     0.196 1.49383e-06
  0.204065 1.56113e-06
  0.212415 1.61008e-06
  0.221217 1.64474e-06
  0.230495 1.66819e-06
  0.240275 1.68333e-06
  0.250584 1.69264e-06
  0.261452 1.69808e-06
  0.272907 1.70108e-06
  0.284982 1.70264e-06
  0.297711 1.7034e-06
  0.311128 1.70375e-06
  0.325272 1.7039e-06
   0.34018 1.70395e-06
  0.355896 1.70397e-06
  0.372462 1.70398e-06
  0.389924 1.70398e-06
  0.408331 1.70398e-06
  0.427734 1.70397e-06
  0.448188 1.70397e-06
  0.469747 1.70397e-06
  0.492474 1.70397e-06
  0.516431 1.70397e-06
  0.541683 1.70397e-06
  0.568302 1.70397e-06
  0.596362 1.70396e-06
   0.62594 1.70396e-06
  0.657119 1.70396e-06
  0.689984 1.70396e-06
  0.724628 1.70396e-06
  0.761147 1.70396e-06
  0.799642 1.70396e-06
   0.84022 1.70396e-06
  0.882994 1.70396e-06
  0.928082 1.70396e-06
   0.97561 1.70396e-06
