     0.004 3.22463e-18
     0.012 3.30252e-18
      0.02 3.35687e-18
     0.028 3.33565e-18
     0.036 3.2493e-18
     0.044 3.14301e-18
     0.052 3.03816e-18
      0.06 2.93918e-18
     0.068 2.84085e-18
     0.076 2.73257e-18
     0.084 2.60166e-18
     0.092 2.44244e-18
       0.1 2.25545e-18
     0.108 2.04791e-18
     0.116 1.83032e-18
     0.124 1.61457e-18
     0.132 1.4101e-18
      0.14 1.22407e-18
     0.148 1.06081e-18
     0.156 9.2197e-19
     0.164 8.06938e-19
     0.172 7.13881e-19
      0.18 6.4003e-19
     0.188 5.8238e-19
     0.196 5.37949e-19
  0.204065 5.03649e-19
  0.212415 4.76322e-19
  0.221217 4.53764e-19
  0.230495 4.34546e-19
  0.240275 4.17665e-19
  0.250584 4.02551e-19
  0.261452 3.88938e-19
  0.272907 3.76791e-19
  0.284982 3.66276e-19
  0.297711 3.57569e-19
  0.311128 3.50884e-19
  0.325272 3.4634e-19
   0.34018 3.44013e-19
  0.355896 3.43912e-19
  0.372462 3.45992e-19
  0.389924 3.50214e-19
  0.408331 3.5649e-19
  0.427734 3.64742e-19
  0.448188 3.74896e-19
  0.469747 3.86855e-19
  0.492474 4.00569e-19
  0.516431 4.15915e-19
  0.541683 4.32763e-19
  0.568302 4.51016e-19
  0.596362 4.70536e-19
   0.62594 4.91192e-19
  0.657119  5.128e-19
  0.689984 5.35103e-19
  0.724628 5.57674e-19
  0.761147 5.79916e-19
  0.799642 6.01566e-19
   0.84022 6.23114e-19
  0.882994 6.45366e-19
  0.928082 6.67597e-19
   0.97561 6.8458e-19
