     0.004  0.0113305
     0.012   0.019947
      0.02  0.0233556
     0.028  0.0239196
     0.036  0.0228429
     0.044  0.0208441
     0.052  0.0183841
      0.06  0.0157658
     0.068  0.0131866
     0.076  0.0107707
     0.084 0.00859013
     0.092 0.00668082
       0.1 0.00505407
     0.108 0.00370637
     0.116  0.0026288
     0.124 0.00181819
     0.132 0.00129077
      0.14 0.00106943
     0.148 0.00109473
     0.156 0.00122743
     0.164   0.001374
     0.172 0.00150057
      0.18 0.00160006
     0.188 0.00167452
     0.196 0.00172849
  0.204065 0.00176699
  0.212415 0.00179448
  0.221217 0.00181369
  0.230495 0.00182658
  0.240275 0.00183485
  0.250584 0.00183991
  0.261452 0.00184286
  0.272907 0.00184449
  0.284982 0.00184534
  0.297711 0.00184575
  0.311128 0.00184594
  0.325272 0.00184602
   0.34018 0.00184605
  0.355896 0.00184606
  0.372462 0.00184606
  0.389924 0.00184606
  0.408331 0.00184606
  0.427734 0.00184606
  0.448188 0.00184606
  0.469747 0.00184606
  0.492474 0.00184606
  0.516431 0.00184606
  0.541683 0.00184606
  0.568302 0.00184606
  0.596362 0.00184606
   0.62594 0.00184606
  0.657119 0.00184606
  0.689984 0.00184606
  0.724628 0.00184606
  0.761147 0.00184606
  0.799642 0.00184606
   0.84022 0.00184606
  0.882994 0.00184606
  0.928082 0.00184606
   0.97561 0.00184605
