     0.004  0.0127355
     0.012  0.0348085
      0.02  0.0536593
     0.028  0.0696222
     0.036  0.0830276
     0.044  0.0941897
     0.052   0.103403
      0.06   0.110939
     0.068   0.117049
     0.076   0.121954
     0.084   0.125857
     0.092   0.128931
       0.1   0.131329
     0.108   0.133181
     0.116   0.134597
     0.124   0.135669
     0.132   0.136472
      0.14   0.137067
     0.148   0.137503
     0.156    0.13782
     0.164   0.138047
     0.172   0.138209
      0.18   0.138323
     0.188   0.138402
     0.196   0.138456
  0.204065   0.138493
  0.212415   0.138519
  0.221217   0.138536
  0.230495   0.138548
  0.240275   0.138555
  0.250584   0.138559
  0.261452   0.138562
  0.272907   0.138563
  0.284982   0.138564
  0.297711   0.138564
  0.311128   0.138564
  0.325272   0.138564
   0.34018   0.138564
  0.355896   0.138565
  0.372462   0.138565
  0.389924   0.138565
  0.408331   0.138565
  0.427734   0.138565
  0.448188   0.138564
  0.469747   0.138564
  0.492474   0.138564
  0.516431   0.138564
  0.541683   0.138564
  0.568302   0.138564
  0.596362   0.138564
   0.62594   0.138564
  0.657119   0.138564
  0.689984   0.138564
  0.724628   0.138564
  0.761147   0.138564
  0.799642   0.138564
   0.84022   0.138564
  0.882994   0.138564
  0.928082   0.138564
   0.97561   0.138564
