     0.004 -1.9174e-14
     0.012 -1.29538e-13
      0.02 -1.57243e-13
     0.028 -1.49263e-14
     0.036 1.24696e-13
     0.044 2.10103e-13
     0.052 3.08275e-13
      0.06 1.86856e-13
     0.068 -3.35914e-14
     0.076 -8.95288e-14
     0.084 -3.10168e-14
     0.092 1.24624e-14
       0.1 1.93939e-15
     0.108 -9.14046e-15
     0.116 -6.6381e-15
     0.124 -3.73125e-15
     0.132 -1.86288e-15
      0.14 -1.08658e-15
     0.148 -1.41394e-15
     0.156 -2.53114e-15
     0.164 -2.49041e-15
     0.172 -7.06152e-16
      0.18 2.42045e-16
     0.188 3.07353e-16
     0.196 -2.48702e-16
  0.204065 -1.55575e-15
  0.212415 -2.3644e-15
  0.221217 -2.32361e-15
  0.230495 -2.68076e-15
  0.240275 -1.75042e-15
  0.250584 2.71484e-16
  0.261452 1.87884e-15
  0.272907 3.09487e-15
  0.284982 4.3626e-15
  0.297711 4.73895e-15
  0.311128 4.43971e-15
  0.325272 3.83389e-15
   0.34018 2.01901e-15
  0.355896 5.07181e-16
  0.372462 -7.30485e-17
  0.389924 -3.48239e-16
  0.408331 -5.12924e-16
  0.427734 -7.24434e-16
  0.448188 -1.05782e-15
  0.469747 -7.48601e-16
  0.492474 -8.91303e-16
  0.516431 -9.18246e-16
  0.541683 -1.33069e-15
  0.568302 -1.16289e-15
  0.596362 -1.13143e-15
   0.62594 -4.97571e-16
  0.657119 7.42355e-16
  0.689984 1.19312e-16
  0.724628 2.65643e-16
  0.761147 1.11467e-15
  0.799642 2.91893e-16
   0.84022 -4.18475e-16
  0.882994 1.67758e-15
  0.928082 3.56148e-16
   0.97561 -2.13851e-16
