     0.004 2.08552e-09
     0.012 8.30732e-09
      0.02 1.78786e-08
     0.028 2.68484e-08
     0.036 3.15396e-08
     0.044 3.23349e-08
     0.052 3.06825e-08
      0.06 2.83112e-08
     0.068 2.65808e-08
     0.076 2.66461e-08
     0.084 2.83524e-08
     0.092 3.08292e-08
       0.1 3.31764e-08
     0.108 3.48709e-08
     0.116 3.56904e-08
     0.124 3.56732e-08
     0.132 3.48676e-08
      0.14 3.35211e-08
     0.148 3.17212e-08
     0.156 2.97104e-08
     0.164 2.75071e-08
     0.172 2.53205e-08
      0.18 2.31418e-08
     0.188 2.11054e-08
     0.196 1.91519e-08
  0.204065 1.74209e-08
  0.212415 1.58273e-08
  0.221217 1.43729e-08
  0.230495 1.30179e-08
  0.240275 1.18437e-08
  0.250584 1.08031e-08
  0.261452 9.92311e-09
  0.272907 9.15756e-09
  0.284982 8.50177e-09
  0.297711 7.93005e-09
  0.311128 7.42908e-09
  0.325272 6.98344e-09
   0.34018 6.58261e-09
  0.355896 6.21694e-09
  0.372462 5.88216e-09
  0.389924 5.5715e-09
  0.408331 5.28153e-09
  0.427734 5.00907e-09
  0.448188 4.7512e-09
  0.469747 4.50491e-09
  0.492474 4.2701e-09
  0.516431 4.04571e-09
  0.541683 3.83121e-09
  0.568302 3.62594e-09
  0.596362 3.42771e-09
   0.62594 3.23086e-09
  0.657119 3.02765e-09
  0.689984 2.81222e-09
  0.724628 2.6027e-09
  0.761147 2.44804e-09
  0.799642 2.41081e-09
   0.84022 2.45456e-09
  0.882994 2.34865e-09
  0.928082 1.80447e-09
   0.97561 6.95045e-10
