     0.004 6.33282e-11
     0.012 1.22963e-10
      0.02 1.34905e-10
     0.028 1.27975e-10
     0.036 1.17915e-10
     0.044 1.08942e-10
     0.052 1.01615e-10
      0.06 9.57536e-11
     0.068 9.12516e-11
     0.076 8.80248e-11
     0.084 8.60378e-11
     0.092 8.49622e-11
       0.1 8.4708e-11
     0.108 8.48715e-11
     0.116 8.53666e-11
     0.124 8.60324e-11
     0.132 8.72322e-11
      0.14 8.6628e-11
     0.148 8.63575e-11
     0.156 8.59341e-11
     0.164 8.51361e-11
     0.172 8.38693e-11
      0.18 8.19645e-11
     0.188 7.91893e-11
     0.196 7.52212e-11
  0.204065 6.97426e-11
  0.212415 6.27686e-11
  0.221217 5.48588e-11
  0.230495 4.69143e-11
  0.240275 3.96308e-11
  0.250584 3.38632e-11
  0.261452 3.00248e-11
  0.272907 2.85837e-11
  0.284982 2.89085e-11
  0.297711 3.05346e-11
  0.311128 3.24534e-11
  0.325272 3.44617e-11
   0.34018 3.60433e-11
  0.355896 3.73406e-11
  0.372462 3.80957e-11
  0.389924 3.85635e-11
  0.408331 3.85817e-11
  0.427734 3.83949e-11
  0.448188 3.79096e-11
  0.469747 3.7305e-11
  0.492474 3.65413e-11
  0.516431 3.5739e-11
  0.541683 3.48893e-11
  0.568302 3.40493e-11
  0.596362 3.32382e-11
   0.62594 3.24698e-11
  0.657119 3.17697e-11
  0.689984 3.11362e-11
  0.724628 3.06046e-11
  0.761147 3.01275e-11
  0.799642 2.97662e-11
   0.84022 2.94623e-11
  0.882994 2.9242e-11
  0.928082 2.91895e-11
   0.97561 2.92125e-11
