     0.004 6.94897e-06
     0.012 2.42392e-05
      0.02 4.40627e-05
     0.028 6.54893e-05
     0.036 8.74061e-05
     0.044 0.000108783
     0.052 0.000128772
      0.06 0.00014673
     0.068 0.000162212
     0.076 0.000174947
     0.084 0.000184811
     0.092 0.000191798
       0.1 0.000195993
     0.108 0.000197554
     0.116 0.000196686
     0.124 0.000193632
     0.132 0.000188654
      0.14 0.000182025
     0.148 0.00017402
     0.156 0.000164909
     0.164 0.000154949
     0.172 0.000144387
      0.18 0.000133448
     0.188 0.000122339
     0.196 0.000111249
  0.204065 0.000100269
  0.212415 8.93095e-05
  0.221217 7.83584e-05
  0.230495 6.75893e-05
  0.240275 5.71826e-05
  0.250584 4.73202e-05
  0.261452 3.81805e-05
  0.272907 2.99312e-05
  0.284982 2.27206e-05
  0.297711 1.66694e-05
  0.311128 1.18625e-05
  0.325272 8.34043e-06
   0.34018 6.09402e-06
  0.355896 5.06035e-06
  0.372462 5.12295e-06
  0.389924 6.11613e-06
  0.408331 7.83443e-06
  0.427734 1.00469e-05
  0.448188 1.25158e-05
  0.469747 1.50174e-05
  0.492474 1.73623e-05
  0.516431 1.94126e-05
  0.541683 2.10898e-05
  0.568302 2.23745e-05
  0.596362 2.32958e-05
   0.62594 2.39138e-05
  0.657119 2.43011e-05
  0.689984 2.45275e-05
  0.724628 2.46507e-05
  0.761147 2.47129e-05
  0.799642 2.4742e-05
   0.84022 2.47545e-05
  0.882994 2.47595e-05
  0.928082 2.47612e-05
   0.97561 2.47617e-05
