     0.004 9.90224e-15
     0.012 8.17164e-15
      0.02 6.68226e-15
     0.028 5.45849e-15
     0.036 4.45542e-15
     0.044  3.625e-15
     0.052 2.94112e-15
      0.06 2.38388e-15
     0.068 1.93397e-15
     0.076 1.57327e-15
     0.084 1.28557e-15
     0.092 1.05692e-15
       0.1 8.75501e-16
     0.108 7.31507e-16
     0.116 6.16979e-16
     0.124 5.25558e-16
     0.132 4.52223e-16
      0.14 3.9305e-16
     0.148 3.44985e-16
     0.156 3.0566e-16
     0.164 2.73244e-16
     0.172 2.46323e-16
      0.18 2.23802e-16
     0.188 2.04834e-16
     0.196 1.88752e-16
  0.204065 1.74932e-16
  0.212415 1.62706e-16
  0.221217 1.51715e-16
  0.230495 1.41842e-16
  0.240275 1.32966e-16
  0.250584 1.2497e-16
  0.261452 1.17742e-16
  0.272907 1.11183e-16
  0.284982  1.052e-16
  0.297711 9.97146e-17
  0.311128 9.46599e-17
  0.325272 8.99794e-17
   0.34018 8.5627e-17
  0.355896 8.15646e-17
  0.372462 7.77615e-17
  0.389924 7.41919e-17
  0.408331 7.08346e-17
  0.427734 6.76718e-17
  0.448188 6.46891e-17
  0.469747 6.1875e-17
  0.492474 5.92205e-17
  0.516431 5.6719e-17
  0.541683 5.4366e-17
  0.568302 5.21587e-17
  0.596362 5.00965e-17
   0.62594 4.81802e-17
  0.657119 4.64123e-17
  0.689984 4.47963e-17
  0.724628 4.33374e-17
  0.761147 4.20424e-17
  0.799642 4.09195e-17
   0.84022 3.99807e-17
  0.882994 3.92455e-17
  0.928082 3.87383e-17
   0.97561 3.84785e-17
