     0.004 -1.4844e-05
     0.012 -1.72992e-05
      0.02 -1.64802e-05
     0.028 -1.56171e-05
     0.036 -1.47134e-05
     0.044 -1.38176e-05
     0.052 -1.29517e-05
      0.06 -1.21245e-05
     0.068 -1.13387e-05
     0.076 -1.05944e-05
     0.084 -9.89026e-06
     0.092 -9.22477e-06
       0.1 -8.59612e-06
     0.108 -8.00257e-06
     0.116 -7.44245e-06
     0.124 -6.91416e-06
     0.132 -6.41624e-06
      0.14 -5.94727e-06
     0.148 -5.50595e-06
     0.156 -5.09105e-06
     0.164 -4.70141e-06
     0.172 -4.33598e-06
      0.18 -3.99383e-06
     0.188 -3.67424e-06
     0.196 -3.37526e-06
  0.204065 -3.10813e-06
  0.212415 -2.88187e-06
  0.221217 -2.65416e-06
  0.230495 -2.4285e-06
  0.240275 -2.20554e-06
  0.250584 -1.98633e-06
  0.261452 -1.77224e-06
  0.272907 -1.56477e-06
  0.284982 -1.36553e-06
  0.297711 -1.17618e-06
  0.311128 -9.98299e-07
  0.325272 -8.33413e-07
   0.34018 -6.82863e-07
  0.355896 -5.47762e-07
  0.372462 -4.28916e-07
  0.389924 -3.26747e-07
  0.408331 -2.41232e-07
  0.427734 -1.71845e-07
  0.448188 -1.17547e-07
  0.469747 -7.68049e-08
  0.492474 -4.76799e-08
  0.516431 -2.79764e-08
  0.541683 -1.54431e-08
  0.568302 -7.98875e-09
  0.596362 -3.86081e-09
   0.62594 -1.7382e-09
  0.657119 -7.26588e-10
  0.689984 -2.80665e-10
  0.724628 -9.95313e-11
  0.761147 -3.21362e-11
  0.799642 -9.3569e-12
   0.84022 -2.43101e-12
  0.882994 -5.56217e-13
  0.928082 -1.07835e-13
   0.97561 -1.17428e-14
