     0.004 -1.80359e-05
     0.012 -1.62408e-05
      0.02 -1.49358e-05
     0.028 -1.43093e-05
     0.036 -1.3864e-05
     0.044 -1.34798e-05
     0.052 -1.31145e-05
      0.06 -1.27518e-05
     0.068 -1.23861e-05
     0.076 -1.20157e-05
     0.084 -1.16411e-05
     0.092 -1.12634e-05
       0.1 -1.08836e-05
     0.108 -1.05033e-05
     0.116 -1.01235e-05
     0.124 -9.7454e-06
     0.132 -9.37002e-06
      0.14 -8.99828e-06
     0.148 -8.63098e-06
     0.156 -8.26883e-06
     0.164 -7.91245e-06
     0.172 -7.56234e-06
      0.18 -7.21883e-06
     0.188 -6.88205e-06
     0.196 -6.54885e-06
  0.204065 -6.20788e-06
  0.212415 -5.84968e-06
  0.221217 -5.48132e-06
  0.230495 -5.11217e-06
  0.240275 -4.74417e-06
  0.250584 -4.37898e-06
  0.261452 -4.01816e-06
  0.272907 -3.66323e-06
  0.284982 -3.31577e-06
  0.297711 -2.9774e-06
  0.311128 -2.64984e-06
  0.325272 -2.33486e-06
   0.34018 -2.03431e-06
  0.355896 -1.75007e-06
  0.372462 -1.48401e-06
  0.389924 -1.23796e-06
  0.408331 -1.01361e-06
  0.427734 -8.1241e-07
  0.448188 -6.35489e-07
  0.469747 -4.83488e-07
  0.492474 -3.56426e-07
  0.516431 -2.53566e-07
  0.541683 -1.73342e-07
  0.568302 -1.13379e-07
  0.596362 -7.06514e-08
   0.62594 -4.17683e-08
  0.657119 -2.33294e-08
  0.689984 -1.22592e-08
  0.724628 -6.03405e-09
  0.761147 -2.76887e-09
  0.799642 -1.17846e-09
   0.84022 -4.62439e-10
  0.882994 -1.65865e-10
  0.928082 -5.29207e-11
   0.97561 -1.15245e-11
