     0.004   0.003728
     0.012 0.00696265
      0.02 0.00938752
     0.028  0.0114446
     0.036  0.0132217
     0.044  0.0147501
     0.052  0.0160482
      0.06  0.0171307
     0.068  0.0180118
     0.076  0.0187055
     0.084  0.0192256
     0.092  0.0195856
       0.1  0.0197986
     0.108  0.0198773
     0.116  0.0198336
     0.124   0.019679
     0.132  0.0194244
      0.14  0.0190801
     0.148  0.0186558
     0.156  0.0181609
     0.164  0.0176039
     0.172  0.0169933
      0.18  0.0163369
     0.188  0.0156422
     0.196  0.0149164
  0.204065  0.0141612
  0.212415  0.0133648
  0.221217  0.0125187
  0.230495  0.0116266
  0.240275  0.0106942
  0.250584 0.00972832
  0.261452 0.00873848
  0.272907 0.00773708
  0.284982   0.006741
  0.297711 0.00577398
  0.311128 0.00487082
  0.325272 0.00408422
   0.34018 0.00349114
  0.355896 0.00318131
  0.372462 0.00320092
  0.389924 0.00349747
  0.408331 0.00395839
  0.427734 0.00448262
  0.448188 0.00500316
  0.469747  0.0054804
  0.492474 0.00589277
  0.516431 0.00623098
  0.541683 0.00649458
  0.568302 0.00668947
  0.596362 0.00682581
   0.62594 0.00691575
  0.657119 0.00697152
  0.689984 0.00700392
  0.724628 0.00702149
  0.761147 0.00703035
  0.799642 0.00703449
   0.84022 0.00703627
  0.882994 0.00703697
  0.928082 0.00703722
   0.97561 0.00703729
