     0.004 0.00398042
     0.012  0.0112077
      0.02  0.0176568
     0.028  0.0237852
     0.036  0.0297068
     0.044  0.0354602
     0.052  0.0410582
      0.06  0.0465039
     0.068  0.0517966
     0.076  0.0569343
     0.084  0.0619151
     0.092  0.0667374
       0.1     0.0714
     0.108  0.0759025
     0.116  0.0802449
     0.124  0.0844276
     0.132  0.0884515
      0.14  0.0923181
     0.148   0.096029
     0.156  0.0995863
     0.164   0.102992
     0.172   0.106249
      0.18   0.109361
     0.188   0.112328
     0.196   0.115156
  0.204065   0.117865
  0.212415   0.120517
  0.221217   0.123141
  0.230495   0.125728
  0.240275   0.128264
  0.250584   0.130739
  0.261452    0.13314
  0.272907   0.135454
  0.284982   0.137671
  0.297711   0.139777
  0.311128   0.141762
  0.325272   0.143615
   0.34018   0.145326
  0.355896   0.146887
  0.372462   0.148293
  0.389924   0.149539
  0.408331   0.150624
  0.427734   0.151551
  0.448188   0.152323
  0.469747   0.152951
  0.492474   0.153446
  0.516431   0.153823
  0.541683   0.154099
  0.568302   0.154294
  0.596362   0.154424
   0.62594   0.154507
  0.657119   0.154556
  0.689984   0.154585
  0.724628     0.1546
  0.761147   0.154607
  0.799642    0.15461
   0.84022   0.154612
  0.882994   0.154612
  0.928082   0.154613
   0.97561   0.154613
