     0.004 -1.34612e-12
     0.012 1.71926e-12
      0.02 8.06755e-13
     0.028 -6.06434e-13
     0.036 1.04564e-13
     0.044 4.2835e-13
     0.052 1.6467e-13
      0.06 -2.47467e-14
     0.068 -1.05719e-13
     0.076 -1.14865e-13
     0.084 -1.68557e-14
     0.092 1.77466e-13
       0.1 3.35474e-13
     0.108 4.25768e-13
     0.116 4.45923e-13
     0.124 4.15456e-13
     0.132 3.39432e-13
      0.14 2.68786e-13
     0.148 2.15809e-13
     0.156 1.50345e-13
     0.164 9.40566e-14
     0.172 4.87154e-14
      0.18 1.73356e-14
     0.188 -1.1372e-14
     0.196 -2.60374e-14
  0.204065 -2.11968e-14
  0.212415 -1.62982e-14
  0.221217 -3.11203e-14
  0.230495 -6.19668e-14
  0.240275 -8.79073e-14
  0.250584 -1.25129e-13
  0.261452 -1.24794e-13
  0.272907 -4.77556e-14
  0.284982 3.01597e-14
  0.297711 5.14675e-14
  0.311128 3.15293e-14
  0.325272 3.14279e-15
   0.34018 -1.74422e-15
  0.355896 4.87098e-15
  0.372462 7.86791e-15
  0.389924 1.36158e-14
  0.408331 2.18875e-14
  0.427734 3.03643e-14
  0.448188 3.44565e-14
  0.469747 3.9305e-14
  0.492474 4.83968e-14
  0.516431 5.94931e-14
  0.541683 6.76386e-14
  0.568302 6.59279e-14
  0.596362 5.93359e-14
   0.62594 5.5196e-14
  0.657119 4.82536e-14
  0.689984 4.11591e-14
  0.724628 3.56015e-14
  0.761147 3.24089e-14
  0.799642 3.38508e-14
   0.84022 3.04472e-14
  0.882994 7.50766e-15
  0.928082 1.04805e-14
   0.97561 1.30315e-14
