     0.004 2.80566e-07
     0.012 7.20155e-07
      0.02 6.41719e-07
     0.028 5.42434e-07
     0.036 4.79292e-07
     0.044 4.34302e-07
     0.052 3.97169e-07
      0.06 3.63633e-07
     0.068 3.31894e-07
     0.076 3.0182e-07
     0.084 2.73856e-07
     0.092 2.48355e-07
       0.1 2.25426e-07
     0.108 2.05003e-07
     0.116 1.86883e-07
     0.124 1.70844e-07
     0.132 1.56645e-07
      0.14 1.44097e-07
     0.148 1.33026e-07
     0.156 1.23287e-07
     0.164 1.14729e-07
     0.172 1.07201e-07
      0.18 1.00544e-07
     0.188 9.4609e-08
     0.196 8.92321e-08
  0.204065 8.42507e-08
  0.212415 7.93764e-08
  0.221217 7.44856e-08
  0.230495 6.96082e-08
  0.240275 6.48939e-08
  0.250584 6.03623e-08
  0.261452 5.6117e-08
  0.272907 5.21439e-08
  0.284982 4.84972e-08
  0.297711 4.51365e-08
  0.311128 4.20621e-08
  0.325272 3.92126e-08
   0.34018 3.65737e-08
  0.355896 3.41107e-08
  0.372462 3.18184e-08
  0.389924 2.9678e-08
  0.408331 2.76848e-08
  0.427734 2.58195e-08
  0.448188 2.40711e-08
  0.469747 2.24194e-08
  0.492474 2.08502e-08
  0.516431 1.93449e-08
  0.541683 1.78909e-08
  0.568302 1.6476e-08
  0.596362 1.50932e-08
   0.62594 1.37352e-08
  0.657119 1.23938e-08
  0.689984 1.10608e-08
  0.724628 9.72936e-09
  0.761147 8.39926e-09
  0.799642 7.1034e-09
   0.84022 5.89381e-09
  0.882994 4.69415e-09
  0.928082 3.24052e-09
   0.97561 1.22634e-09
