     0.004 4.87112e-07
     0.012 6.84549e-07
      0.02 6.55024e-07
     0.028 5.42366e-07
     0.036 4.10103e-07
     0.044 2.95889e-07
     0.052 2.17318e-07
      0.06 1.72744e-07
     0.068 1.48275e-07
     0.076 1.31377e-07
     0.084 1.16764e-07
     0.092 1.03518e-07
       0.1 9.18119e-08
     0.108 8.17015e-08
     0.116 7.30124e-08
     0.124 6.55111e-08
     0.132 5.89933e-08
      0.14 5.33069e-08
     0.148 4.83302e-08
     0.156 4.39665e-08
     0.164 4.01327e-08
     0.172 3.67612e-08
      0.18 3.37941e-08
     0.188 3.11844e-08
     0.196 2.88901e-08
  0.204065 2.68584e-08
  0.212415 2.50109e-08
  0.221217 2.33063e-08
  0.230495 2.17372e-08
  0.240275 2.02936e-08
  0.250584 1.89624e-08
  0.261452 1.7732e-08
  0.272907 1.65896e-08
  0.284982 1.55243e-08
  0.297711 1.45251e-08
  0.311128 1.35828e-08
  0.325272 1.26886e-08
   0.34018 1.18362e-08
  0.355896 1.10209e-08
  0.372462 1.02401e-08
  0.389924 9.49162e-09
  0.408331 8.77449e-09
  0.427734 8.08821e-09
  0.448188 7.43272e-09
  0.469747 6.80837e-09
  0.492474 6.21596e-09
  0.516431 5.65652e-09
  0.541683 5.13142e-09
  0.568302 4.64192e-09
  0.596362 4.18912e-09
   0.62594 3.77396e-09
  0.657119 3.3969e-09
  0.689984 3.05714e-09
  0.724628 2.75232e-09
  0.761147 2.47847e-09
  0.799642 2.2318e-09
   0.84022 2.02339e-09
  0.882994 1.89902e-09
  0.928082 1.90276e-09
   0.97561  2.052e-09
