     0.004  2.807e-05
     0.012 0.000110785
      0.02 0.000186063
     0.028 0.000238686
     0.036 0.000267853
     0.044 0.00027709
     0.052 0.00027106
      0.06 0.00025432
     0.068 0.000230823
     0.076 0.000203761
     0.084 0.000175572
     0.092 0.000148011
       0.1 0.000122259
     0.108 9.90316e-05
     0.116 7.8688e-05
     0.124 6.13229e-05
     0.132 4.68459e-05
      0.14 3.50465e-05
     0.148 2.56435e-05
     0.156 1.83234e-05
     0.164 1.27681e-05
     0.172 8.67278e-06
      0.18 5.75851e-06
     0.188 3.77814e-06
     0.196 2.51906e-06
  0.204065 1.79884e-06
  0.212415 1.47596e-06
  0.221217 1.45844e-06
  0.230495 1.67044e-06
  0.240275 2.0396e-06
  0.250584 2.50058e-06
  0.261452 2.99787e-06
  0.272907 3.48757e-06
  0.284982 3.93811e-06
  0.297711 4.32984e-06
  0.311128 4.65363e-06
  0.325272 4.90884e-06
   0.34018 5.1009e-06
  0.355896 5.23895e-06
  0.372462 5.3336e-06
  0.389924 5.3954e-06
  0.408331 5.4338e-06
  0.427734 5.4564e-06
  0.448188 5.46895e-06
  0.469747 5.47555e-06
  0.492474 5.47875e-06
  0.516431 5.48025e-06
  0.541683 5.48085e-06
  0.568302 5.4811e-06
  0.596362 5.48115e-06
   0.62594 5.4812e-06
  0.657119 5.4812e-06
  0.689984 5.4812e-06
  0.724628 5.4812e-06
  0.761147 5.4812e-06
  0.799642 5.4812e-06
   0.84022 5.48115e-06
  0.882994 5.48115e-06
  0.928082 5.48115e-06
   0.97561 5.48115e-06
