     0.004 1.10339e-18
     0.012 1.13008e-18
      0.02 1.14888e-18
     0.028 1.14156e-18
     0.036 1.11172e-18
     0.044 1.07574e-18
     0.052 1.04218e-18
      0.06 1.01314e-18
     0.068 9.86269e-19
     0.076 9.56426e-19
     0.084 9.17555e-19
     0.092 8.66626e-19
       0.1 8.03641e-19
     0.108 7.31878e-19
     0.116 6.56207e-19
     0.124 5.8187e-19
     0.132 5.12833e-19
      0.14 4.51798e-19
     0.148 3.99969e-19
     0.156 3.57255e-19
     0.164 3.22591e-19
     0.172 2.94507e-19
      0.18 2.71434e-19
     0.188 2.51996e-19
     0.196 2.35068e-19
  0.204065 2.19777e-19
  0.212415 2.0538e-19
  0.221217 1.91716e-19
  0.230495 1.78866e-19
  0.240275 1.66932e-19
  0.250584 1.56128e-19
  0.261452 1.46667e-19
  0.272907 1.38662e-19
  0.284982 1.32147e-19
  0.297711 1.27059e-19
  0.311128 1.2331e-19
  0.325272 1.20773e-19
   0.34018 1.19323e-19
  0.355896 1.18843e-19
  0.372462 1.19236e-19
  0.389924 1.20437e-19
  0.408331 1.22387e-19
  0.427734 1.25041e-19
  0.448188 1.28366e-19
  0.469747 1.32325e-19
  0.492474 1.36897e-19
  0.516431 1.42039e-19
  0.541683 1.47705e-19
  0.568302 1.5386e-19
  0.596362 1.60455e-19
   0.62594 1.67442e-19
  0.657119 1.74758e-19
  0.689984 1.82314e-19
  0.724628 1.89963e-19
  0.761147 1.97503e-19
  0.799642 2.04844e-19
   0.84022 2.12149e-19
  0.882994 2.1968e-19
  0.928082 2.27191e-19
   0.97561 2.32925e-19
