     0.004 0.00749266
     0.012  0.0148852
      0.02  0.0192906
     0.028  0.0218489
     0.036  0.0231453
     0.044   0.023541
     0.052  0.0232835
      0.06  0.0225531
     0.068  0.0214859
     0.076  0.0201872
     0.084  0.0187388
     0.092  0.0172053
       0.1  0.0156371
     0.108  0.0140735
     0.116   0.012545
     0.124  0.0110746
     0.132 0.00967945
      0.14 0.00837216
     0.148 0.00716149
     0.156 0.00605367
     0.164 0.00505333
     0.172  0.0041648
      0.18 0.00339367
     0.188 0.00274887
     0.196 0.00224458
  0.204065 0.00189676
  0.212415 0.00171811
  0.221217 0.00170789
  0.230495 0.00182781
  0.240275  0.0020197
  0.250584 0.00223633
  0.261452 0.00244862
  0.272907 0.00264105
  0.284982 0.00280646
  0.297711 0.00294273
  0.311128 0.00305078
  0.325272 0.00313332
   0.34018 0.00319403
  0.355896 0.00323696
  0.372462 0.00326607
  0.389924 0.00328494
  0.408331  0.0032966
  0.427734 0.00330345
  0.448188 0.00330725
  0.469747 0.00330924
  0.492474 0.00331021
  0.516431 0.00331066
  0.541683 0.00331085
  0.568302 0.00331092
  0.596362 0.00331094
   0.62594 0.00331095
  0.657119 0.00331095
  0.689984 0.00331095
  0.724628 0.00331095
  0.761147 0.00331095
  0.799642 0.00331095
   0.84022 0.00331094
  0.882994 0.00331094
  0.928082 0.00331094
   0.97561 0.00331094
