     0.004 0.00763386
     0.012  0.0216917
      0.02  0.0345535
     0.028  0.0462877
     0.036  0.0569647
     0.044  0.0666538
     0.052  0.0754222
      0.06  0.0833354
     0.068  0.0904566
     0.076  0.0968466
     0.084   0.102564
     0.092   0.107664
       0.1     0.1122
     0.108   0.116221
     0.116   0.119776
     0.124   0.122909
     0.132    0.12566
      0.14    0.12807
     0.148   0.130172
     0.156   0.132001
     0.164   0.133587
     0.172   0.134958
      0.18   0.136138
     0.188   0.137151
     0.196   0.138018
  0.204065   0.138762
  0.212415   0.139415
  0.221217   0.139991
  0.230495   0.140491
  0.240275    0.14092
  0.250584    0.14128
  0.261452   0.141578
  0.272907    0.14182
  0.284982   0.142011
  0.297711   0.142159
  0.311128   0.142271
  0.325272   0.142352
   0.34018    0.14241
  0.355896    0.14245
  0.372462   0.142476
  0.389924   0.142493
  0.408331   0.142503
  0.427734   0.142509
  0.448188   0.142512
  0.469747   0.142514
  0.492474   0.142515
  0.516431   0.142515
  0.541683   0.142515
  0.568302   0.142515
  0.596362   0.142515
   0.62594   0.142515
  0.657119   0.142515
  0.689984   0.142515
  0.724628   0.142515
  0.761147   0.142515
  0.799642   0.142515
   0.84022   0.142515
  0.882994   0.142515
  0.928082   0.142515
   0.97561   0.142515
