     0.004 -4.30542e-15
     0.012 -2.50602e-14
      0.02 -1.80686e-15
     0.028 4.61579e-14
     0.036 2.18697e-14
     0.044 -4.97457e-14
     0.052 -6.77254e-14
      0.06 -4.74804e-15
     0.068 7.92411e-14
     0.076 9.16417e-14
     0.084 5.23026e-14
     0.092 1.69261e-14
       0.1 -1.08693e-14
     0.108 -1.19673e-14
     0.116 1.81016e-15
     0.124 3.59852e-15
     0.132 -7.42839e-16
      0.14 -3.26589e-15
     0.148 -6.12132e-15
     0.156 -9.52801e-15
     0.164 -9.70821e-15
     0.172 -6.08536e-15
      0.18 -2.19638e-15
     0.188 -7.62649e-17
     0.196 1.62737e-17
  0.204065 1.34716e-15
  0.212415 1.87569e-15
  0.221217 4.83171e-16
  0.230495 -1.09611e-15
  0.240275 -2.0459e-15
  0.250584 -3.50905e-15
  0.261452 -5.33722e-15
  0.272907 -6.40239e-15
  0.284982 -5.96388e-15
  0.297711 -4.5098e-15
  0.311128 -2.96517e-15
  0.325272 -1.14678e-15
   0.34018 1.02057e-15
  0.355896 2.29336e-15
  0.372462 3.00951e-15
  0.389924 4.00286e-15
  0.408331 3.28033e-15
  0.427734 2.2525e-15
  0.448188 1.69195e-15
  0.469747 3.98198e-16
  0.492474 2.15817e-17
  0.516431 -3.82133e-16
  0.541683 -6.40631e-16
  0.568302 -8.67626e-16
  0.596362 -6.95695e-16
   0.62594 -1.25159e-15
  0.657119 -1.38799e-15
  0.689984 -5.59127e-16
  0.724628 -4.59939e-16
  0.761147 -3.23542e-16
  0.799642 2.61342e-16
   0.84022 7.90207e-16
  0.882994 -7.84456e-16
  0.928082 1.21409e-15
   0.97561 1.83382e-15
