     0.004 1.22061e-09
     0.012 5.04648e-09
      0.02 1.08771e-08
     0.028 1.63238e-08
     0.036 1.9194e-08
     0.044 1.96986e-08
     0.052 1.86734e-08
      0.06 1.72462e-08
     0.068 1.63703e-08
     0.076 1.68282e-08
     0.084 1.84291e-08
     0.092 2.04725e-08
       0.1 2.23062e-08
     0.108 2.35899e-08
     0.116 2.41728e-08
     0.124 2.41229e-08
     0.132 2.34645e-08
      0.14 2.24207e-08
     0.148 2.1046e-08
     0.156 1.95535e-08
     0.164 1.79473e-08
     0.172 1.64078e-08
      0.18 1.49172e-08
     0.188 1.35884e-08
     0.196 1.23702e-08
  0.204065 1.13644e-08
  0.212415 1.04885e-08
  0.221217 9.71698e-09
  0.230495 8.98552e-09
  0.240275 8.34962e-09
  0.250584 7.74804e-09
  0.261452 7.21437e-09
  0.272907 6.69492e-09
  0.284982 6.22044e-09
  0.297711 5.75607e-09
  0.311128 5.32907e-09
  0.325272 4.91791e-09
   0.34018 4.54489e-09
  0.355896 4.19871e-09
  0.372462 3.89306e-09
  0.389924 3.62047e-09
  0.408331 3.38315e-09
  0.427734 3.17419e-09
  0.448188 2.9891e-09
  0.469747 2.82113e-09
  0.492474 2.66643e-09
  0.516431 2.52137e-09
  0.541683 2.3836e-09
  0.568302 2.25161e-09
  0.596362 2.12352e-09
   0.62594 1.99573e-09
  0.657119 1.86399e-09
  0.689984 1.72573e-09
  0.724628 1.59203e-09
  0.761147 1.49236e-09
  0.799642 1.46295e-09
   0.84022 1.48186e-09
  0.882994 1.4137e-09
  0.928082 1.08581e-09
   0.97561 4.18504e-10
