     0.004 3.82683e-11
     0.012 7.56596e-11
      0.02 8.59795e-11
     0.028 8.63657e-11
     0.036 8.58635e-11
     0.044 8.6462e-11
     0.052 8.80752e-11
      0.06 9.03163e-11
     0.068 9.29014e-11
     0.076 9.56407e-11
     0.084 9.83963e-11
     0.092 1.01012e-10
       0.1 1.03426e-10
     0.108 1.05518e-10
     0.116 1.07258e-10
     0.124 1.08599e-10
     0.132 1.09642e-10
      0.14  1.097e-10
     0.148 1.09365e-10
     0.156 1.08461e-10
     0.164 1.06902e-10
     0.172 1.04637e-10
      0.18 1.01596e-10
     0.188 9.76967e-11
     0.196 9.28395e-11
  0.204065 8.6923e-11
  0.212415 7.99196e-11
  0.221217 7.20558e-11
  0.230495 6.37658e-11
  0.240275 5.54501e-11
  0.250584 4.76126e-11
  0.261452 4.07383e-11
  0.272907 3.5494e-11
  0.284982 3.23622e-11
  0.297711 3.15952e-11
  0.311128 3.27119e-11
  0.325272 3.50268e-11
   0.34018 3.77216e-11
  0.355896 4.03461e-11
  0.372462 4.2511e-11
  0.389924 4.41185e-11
  0.408331 4.50442e-11
  0.427734 4.53523e-11
  0.448188 4.50421e-11
  0.469747 4.42434e-11
  0.492474 4.30115e-11
  0.516431 4.14763e-11
  0.541683 3.97116e-11
  0.568302  3.782e-11
  0.596362 3.58746e-11
   0.62594 3.39458e-11
  0.657119 3.20836e-11
  0.689984 3.0337e-11
  0.724628 2.87473e-11
  0.761147 2.73259e-11
  0.799642 2.61196e-11
   0.84022 2.51128e-11
  0.882994 2.43347e-11
  0.928082 2.38229e-11
   0.97561 2.35182e-11
