     0.004 1.69118e-05
     0.012 7.38201e-05
      0.02 0.000134108
     0.028 0.000185335
     0.036 0.00022394
     0.044 0.000249671
     0.052 0.000263695
      0.06 0.000267752
     0.068 0.000263742
     0.076 0.00025351
     0.084 0.000238732
     0.092 0.000220875
       0.1 0.000201171
     0.108 0.00018063
     0.116 0.000160052
     0.124 0.00014005
     0.132 0.000121073
      0.14 0.000103431
     0.148 8.73214e-05
     0.156 7.28444e-05
     0.164 6.00284e-05
     0.172 4.88447e-05
      0.18 3.92227e-05
     0.188 3.10626e-05
     0.196 2.42453e-05
  0.204065 1.85995e-05
  0.212415 1.39061e-05
  0.221217 1.00662e-05
  0.230495 7.06591e-06
  0.240275 4.86804e-06
  0.250584 3.41268e-06
  0.261452 2.62007e-06
  0.272907 2.39453e-06
  0.284982 2.62962e-06
  0.297711 3.21408e-06
  0.311128 4.03811e-06
  0.325272 4.9994e-06
   0.34018 6.0084e-06
  0.355896 6.99215e-06
  0.372462 7.89647e-06
  0.389924 8.6864e-06
  0.408331 9.34474e-06
  0.427734 9.86917e-06
  0.448188 1.02688e-05
  0.469747  1.056e-05
  0.492474 1.07627e-05
  0.516431 1.08972e-05
  0.541683 1.09821e-05
  0.568302 1.1033e-05
  0.596362 1.10618e-05
   0.62594 1.10772e-05
  0.657119 1.10848e-05
  0.689984 1.10884e-05
  0.724628  1.109e-05
  0.761147 1.10906e-05
  0.799642 1.10908e-05
   0.84022 1.10909e-05
  0.882994 1.10909e-05
  0.928082 1.10909e-05
   0.97561 1.10909e-05
