     0.004 6.02627e-19
     0.012 6.1748e-19
      0.02 6.2833e-19
     0.028 6.2506e-19
     0.036 6.09396e-19
     0.044 5.90483e-19
     0.052 5.73716e-19
      0.06 5.61117e-19
     0.068 5.51905e-19
     0.076 5.43113e-19
     0.084 5.30535e-19
     0.092 5.11164e-19
       0.1 4.83568e-19
     0.108 4.48438e-19
     0.116 4.07843e-19
     0.124 3.64687e-19
     0.132 3.21659e-19
      0.14 2.81133e-19
     0.148 2.4482e-19
     0.156 2.13692e-19
     0.164 1.87967e-19
     0.172 1.67394e-19
      0.18 1.51384e-19
     0.188 1.3918e-19
     0.196 1.29933e-19
  0.204065 1.22774e-19
  0.212415 1.1686e-19
  0.221217 1.11644e-19
  0.230495 1.06701e-19
  0.240275 1.01728e-19
  0.250584 9.65989e-20
  0.261452 9.13676e-20
  0.272907 8.61934e-20
  0.284982 8.13095e-20
  0.297711 7.69059e-20
  0.311128 7.31499e-20
  0.325272 7.01367e-20
   0.34018 6.79131e-20
  0.355896 6.64664e-20
  0.372462 6.57444e-20
  0.389924 6.56826e-20
  0.408331 6.62074e-20
  0.427734 6.72532e-20
  0.448188 6.87637e-20
  0.469747 7.06875e-20
  0.492474 7.29893e-20
  0.516431 7.56285e-20
  0.541683 7.85687e-20
  0.568302 8.17828e-20
  0.596362 8.52396e-20
   0.62594 8.89115e-20
  0.657119 9.27618e-20
  0.689984 9.67427e-20
  0.724628 1.00776e-19
  0.761147 1.04753e-19
  0.799642 1.08628e-19
   0.84022 1.12486e-19
  0.882994 1.16466e-19
  0.928082 1.20437e-19
   0.97561 1.23467e-19
