     0.004 0.00581581
     0.012  0.0121507
      0.02  0.0163773
     0.028  0.0192528
     0.036  0.0211632
     0.044   0.022346
     0.052   0.022965
      0.06   0.023141
     0.068   0.022967
     0.076  0.0225171
     0.084   0.021851
     0.092  0.0210178
       0.1  0.0200584
     0.108  0.0190068
     0.116  0.0178914
     0.124  0.0167362
     0.132   0.015561
      0.14  0.0143827
     0.148  0.0132153
     0.156  0.0120702
     0.164   0.010957
     0.172  0.0098838
      0.18 0.00885695
     0.188 0.00788195
     0.196 0.00696351
  0.204065 0.00609909
  0.212415 0.00527373
  0.221217  0.0044869
  0.230495 0.00375923
  0.240275 0.00312027
  0.250584 0.00261254
  0.261452 0.00228913
  0.272907 0.00218839
  0.284982  0.0022933
  0.297711 0.00253538
  0.311128 0.00284187
  0.325272 0.00316209
   0.34018 0.00346653
  0.355896 0.00373956
  0.372462 0.00397403
  0.389924 0.00416807
  0.408331 0.00432313
  0.427734 0.00444279
  0.448188 0.00453184
  0.469747 0.00459565
  0.492474 0.00463955
  0.516431 0.00466845
  0.541683  0.0046866
  0.568302 0.00469745
  0.596362 0.00470357
   0.62594 0.00470684
  0.657119 0.00470847
  0.689984 0.00470922
  0.724628 0.00470955
  0.761147 0.00470968
  0.799642 0.00470973
   0.84022 0.00470975
  0.882994 0.00470975
  0.928082 0.00470975
   0.97561 0.00470975
