     0.004 0.00573212
     0.012  0.0165244
      0.02  0.0266431
     0.028   0.036116
     0.036  0.0449721
     0.044  0.0532402
     0.052  0.0609483
      0.06  0.0681243
     0.068  0.0747951
     0.076  0.0809873
     0.084  0.0867267
     0.092  0.0920385
       0.1  0.0969471
     0.108   0.101476
     0.116   0.105648
     0.124   0.109486
     0.132    0.11301
      0.14   0.116241
     0.148   0.119199
     0.156   0.121902
     0.164   0.124369
     0.172   0.126615
      0.18   0.128658
     0.188   0.130512
     0.196   0.132193
  0.204065   0.133726
  0.212415   0.135156
  0.221217   0.136506
  0.230495   0.137768
  0.240275   0.138939
  0.250584   0.140014
  0.261452   0.140991
  0.272907   0.141868
  0.284982   0.142646
  0.297711   0.143327
  0.311128   0.143915
  0.325272   0.144413
   0.34018   0.144828
  0.355896   0.145167
  0.372462   0.145438
  0.389924    0.14565
  0.408331   0.145812
  0.427734   0.145931
  0.448188   0.146017
  0.469747   0.146077
  0.492474   0.146117
  0.516431   0.146143
  0.541683   0.146158
  0.568302   0.146168
  0.596362   0.146173
   0.62594   0.146175
  0.657119   0.146177
  0.689984   0.146177
  0.724628   0.146178
  0.761147   0.146178
  0.799642   0.146178
   0.84022   0.146178
  0.882994   0.146178
  0.928082   0.146178
   0.97561   0.146178
