     0.004 -1.764e-15
     0.012 -6.82686e-15
      0.02 1.99416e-14
     0.028 5.11658e-14
     0.036 1.7922e-14
     0.044 -5.13741e-14
     0.052 -8.42093e-14
      0.06 -3.93167e-14
     0.068 4.09021e-14
     0.076 6.72972e-14
     0.084 5.1034e-14
     0.092 3.57427e-14
       0.1 2.30147e-14
     0.108 1.41166e-14
     0.116 5.10942e-15
     0.124 -3.07404e-15
     0.132 -5.93566e-15
      0.14 -5.40471e-15
     0.148 -7.83775e-15
     0.156 -1.19698e-14
     0.164 -1.18015e-14
     0.172 -8.59465e-15
      0.18 -4.70804e-15
     0.188 -2.18563e-15
     0.196 -3.47196e-15
  0.204065 -4.80824e-15
  0.212415 -2.64035e-15
  0.221217 -1.95627e-15
  0.230495 -2.01381e-15
  0.240275 1.31604e-16
  0.250584 -1.30411e-15
  0.261452 -3.76935e-15
  0.272907 -4.18037e-15
  0.284982 -4.30003e-15
  0.297711 -4.27141e-15
  0.311128 -3.81054e-15
  0.325272 -3.03914e-15
   0.34018 -2.33437e-15
  0.355896 -1.47818e-15
  0.372462 4.41248e-16
  0.389924 7.77887e-16
  0.408331 9.41564e-16
  0.427734 1.93965e-15
  0.448188 2.84169e-15
  0.469747 2.61539e-15
  0.492474 2.82937e-15
  0.516431 2.72042e-15
  0.541683 2.1128e-15
  0.568302 1.20565e-15
  0.596362 8.15626e-16
   0.62594 -3.10503e-16
  0.657119 -1.0413e-15
  0.689984 -3.58827e-16
  0.724628 -4.24455e-16
  0.761147 -5.27985e-16
  0.799642 -1.26995e-16
   0.84022 9.21679e-16
  0.882994 -1.5966e-15
  0.928082 5.17585e-16
   0.97561 2.20169e-15
