     0.004 8.95988e-10
     0.012 3.85082e-09
      0.02  8.388e-09
     0.028 1.26886e-08
     0.036 1.50976e-08
     0.044 1.57131e-08
     0.052 1.50612e-08
      0.06 1.39078e-08
     0.068 1.29036e-08
     0.076 1.27814e-08
     0.084 1.36221e-08
     0.092 1.50429e-08
       0.1 1.65257e-08
     0.108 1.7742e-08
     0.116 1.85276e-08
     0.124 1.88711e-08
     0.132 1.87655e-08
      0.14 1.83378e-08
     0.148 1.76146e-08
     0.156 1.67332e-08
     0.164 1.56814e-08
     0.172 1.45965e-08
      0.18 1.34541e-08
     0.188 1.23556e-08
     0.196 1.12496e-08
  0.204065 1.02673e-08
  0.212415 9.33711e-09
  0.221217 8.46559e-09
  0.230495 7.60418e-09
  0.240275 6.85253e-09
  0.250584 6.16606e-09
  0.261452 5.60014e-09
  0.272907 5.11015e-09
  0.284982 4.72383e-09
  0.297711 4.39977e-09
  0.311128 4.14652e-09
  0.325272 3.9207e-09
   0.34018 3.7259e-09
  0.355896 3.52531e-09
  0.372462 3.32921e-09
  0.389924 3.11716e-09
  0.408331 2.90484e-09
  0.427734 2.68751e-09
  0.448188 2.47964e-09
  0.469747 2.28274e-09
  0.492474 2.10495e-09
  0.516431 1.94673e-09
  0.541683 1.8081e-09
  0.568302 1.68615e-09
  0.596362 1.57662e-09
   0.62594 1.47386e-09
  0.657119 1.37221e-09
  0.689984 1.26803e-09
  0.724628 1.16818e-09
  0.761147 1.09341e-09
  0.799642 1.06979e-09
   0.84022 1.08152e-09
  0.882994 1.03049e-09
  0.928082 7.9096e-10
   0.97561 3.04774e-10
