     0.004 2.89151e-11
     0.012 5.84116e-11
      0.02 6.84161e-11
     0.028 7.14581e-11
     0.036 7.40941e-11
     0.044 7.75824e-11
     0.052 8.17098e-11
      0.06 8.6088e-11
     0.068 9.04573e-11
     0.076 9.46415e-11
     0.084 9.85227e-11
     0.092 1.01984e-10
       0.1 1.04975e-10
     0.108 1.07416e-10
     0.116 1.09288e-10
     0.124 1.10561e-10
     0.132 1.11303e-10
      0.14 1.11142e-10
     0.148 1.10417e-10
     0.156 1.0904e-10
     0.164 1.06985e-10
     0.172 1.04241e-10
      0.18 1.00796e-10
     0.188 9.66255e-11
     0.196 9.17124e-11
  0.204065 8.60366e-11
  0.212415 7.95999e-11
  0.221217 7.25517e-11
  0.230495 6.52229e-11
  0.240275 5.79274e-11
  0.250584 5.10332e-11
  0.261452 4.48939e-11
  0.272907 3.99665e-11
  0.284982 3.65752e-11
  0.297711 3.49814e-11
  0.311128 3.50155e-11
  0.325272 3.63183e-11
   0.34018 3.83185e-11
  0.355896 4.05832e-11
  0.372462 4.27212e-11
  0.389924 4.45252e-11
  0.408331 4.58205e-11
  0.427734 4.6561e-11
  0.448188 4.67014e-11
  0.469747 4.62821e-11
  0.492474 4.53364e-11
  0.516431 4.39498e-11
  0.541683 4.22018e-11
  0.568302 4.01909e-11
  0.596362 3.80144e-11
   0.62594 3.57623e-11
  0.657119 3.35203e-11
  0.689984  3.136e-11
  0.724628 2.93475e-11
  0.761147 2.75184e-11
  0.799642 2.59295e-11
   0.84022 2.45868e-11
  0.882994 2.35231e-11
  0.928082 2.27597e-11
   0.97561 2.22744e-11
