     0.004 3.07706e-05
     0.012 0.00011888
      0.02 0.00019627
     0.028 0.000247659
     0.036 0.000273345
     0.044   0.000278
     0.052 0.000267203
      0.06 0.000246144
     0.068 0.000219154
     0.076 0.000189597
     0.084 0.000159927
     0.092 0.000131818
       0.1 0.000106304
     0.108 8.39288e-05
     0.116 6.48754e-05
     0.124 4.90737e-05
     0.132 3.62913e-05
      0.14 2.62019e-05
     0.148 1.84368e-05
     0.156 1.26213e-05
     0.164 8.39912e-06
     0.172 5.44701e-06
      0.18 3.48251e-06
     0.188 2.26625e-06
     0.196 1.60096e-06
  0.204065 1.32722e-06
  0.212415 1.32958e-06
  0.221217 1.53093e-06
  0.230495 1.86595e-06
  0.240275 2.27645e-06
  0.250584 2.71375e-06
  0.261452   3.14e-06
  0.272907 3.52861e-06
  0.284982 3.86357e-06
  0.297711 4.13812e-06
  0.311128 4.35272e-06
  0.325272 4.51285e-06
   0.34018 4.62694e-06
  0.355896 4.70449e-06
  0.372462 4.75468e-06
  0.389924 4.78555e-06
  0.408331 4.80355e-06
  0.427734 4.81345e-06
  0.448188 4.81857e-06
  0.469747 4.82105e-06
  0.492474 4.82216e-06
  0.516431 4.82262e-06
  0.541683 4.8228e-06
  0.568302 4.82286e-06
  0.596362 4.82287e-06
   0.62594 4.82287e-06
  0.657119 4.82287e-06
  0.689984 4.82286e-06
  0.724628 4.82286e-06
  0.761147 4.82286e-06
  0.799642 4.82285e-06
   0.84022 4.82285e-06
  0.882994 4.82285e-06
  0.928082 4.82285e-06
   0.97561 4.82285e-06
