     0.004 1.23564e-18
     0.012 1.26545e-18
      0.02 1.28636e-18
     0.028 1.27799e-18
     0.036 1.24445e-18
     0.044 1.20395e-18
     0.052 1.16575e-18
      0.06 1.13198e-18
     0.068 1.09994e-18
     0.076 1.06415e-18
     0.084 1.01832e-18
     0.092 9.5962e-19
       0.1 8.88473e-19
     0.108 8.08698e-19
     0.116 7.25628e-19
     0.124 6.44749e-19
     0.132 5.70045e-19
      0.14 5.04069e-19
     0.148 4.47793e-19
     0.156 4.00904e-19
     0.164 3.62175e-19
     0.172 3.30079e-19
      0.18 3.0308e-19
     0.188 2.79903e-19
     0.196 2.59555e-19
  0.204065 2.41266e-19
  0.212415 2.24332e-19
  0.221217 2.08653e-19
  0.230495 1.94329e-19
  0.240275 1.81442e-19
  0.250584 1.70125e-19
  0.261452 1.60466e-19
  0.272907 1.52454e-19
  0.284982 1.46027e-19
  0.297711 1.41058e-19
  0.311128 1.37428e-19
  0.325272   1.35e-19
   0.34018 1.33659e-19
  0.355896 1.33308e-19
  0.372462 1.3387e-19
  0.389924 1.35296e-19
  0.408331 1.37536e-19
  0.427734 1.40551e-19
  0.448188 1.44311e-19
  0.469747 1.48777e-19
  0.492474 1.5393e-19
  0.516431 1.59722e-19
  0.541683 1.66102e-19
  0.568302 1.73032e-19
  0.596362 1.80455e-19
   0.62594 1.8832e-19
  0.657119 1.96554e-19
  0.689984 2.05057e-19
  0.724628 2.13665e-19
  0.761147 2.22149e-19
  0.799642 2.3041e-19
   0.84022 2.3863e-19
  0.882994 2.47104e-19
  0.928082 2.55554e-19
   0.97561 2.62006e-19
