     0.004 0.00784482
     0.012  0.0154194
      0.02  0.0198126
     0.028  0.0222557
     0.036  0.0233814
     0.044  0.0235797
     0.052  0.0231172
      0.06  0.0221876
     0.068  0.0209358
     0.076  0.0194729
     0.084  0.0178845
     0.092  0.0162369
       0.1  0.0145811
     0.108   0.012956
     0.116  0.0113908
     0.124 0.00990693
     0.132 0.00851954
      0.14 0.00723905
     0.148 0.00607237
     0.156 0.00502421
     0.164 0.00409856
     0.172 0.00330061
      0.18 0.00263913
     0.188 0.00212897
     0.196 0.00178939
  0.204065 0.00162924
  0.212415  0.0016307
  0.221217 0.00174982
  0.230495 0.00193181
  0.240275 0.00213375
  0.250584  0.0023297
  0.261452 0.00250599
  0.272907 0.00265654
  0.284982 0.00277977
  0.297711 0.00287685
  0.311128  0.0029505
  0.325272 0.00300428
   0.34018 0.00304202
  0.355896 0.00306741
  0.372462 0.00308373
  0.389924 0.00309372
  0.408331 0.00309953
  0.427734 0.00310272
  0.448188 0.00310437
  0.469747 0.00310517
  0.492474 0.00310553
  0.516431 0.00310568
  0.541683 0.00310574
  0.568302 0.00310575
  0.596362 0.00310576
   0.62594 0.00310576
  0.657119 0.00310576
  0.689984 0.00310576
  0.724628 0.00310576
  0.761147 0.00310575
  0.799642 0.00310575
   0.84022 0.00310575
  0.882994 0.00310575
  0.928082 0.00310575
   0.97561 0.00310575
