     0.004 0.00805758
     0.012  0.0228223
      0.02  0.0362561
     0.028  0.0484403
     0.036   0.059458
     0.044  0.0693905
     0.052   0.078317
      0.06  0.0863142
     0.068  0.0934558
     0.076  0.0998125
     0.084   0.105452
     0.092   0.110438
       0.1   0.114832
     0.108    0.11869
     0.116   0.122066
     0.124   0.125009
     0.132   0.127567
      0.14   0.129781
     0.148    0.13169
     0.156   0.133331
     0.164   0.134735
     0.172   0.135933
      0.18    0.13695
     0.188   0.137811
     0.196   0.138537
  0.204065   0.139152
  0.212415   0.139682
  0.221217   0.140141
  0.230495   0.140533
  0.240275   0.140862
  0.250584   0.141133
  0.261452   0.141351
  0.272907   0.141523
  0.284982   0.141656
  0.297711   0.141756
  0.311128   0.141828
  0.325272   0.141879
   0.34018   0.141914
  0.355896   0.141937
  0.372462   0.141951
  0.389924    0.14196
  0.408331   0.141964
  0.427734   0.141967
  0.448188   0.141968
  0.469747   0.141969
  0.492474   0.141969
  0.516431    0.14197
  0.541683    0.14197
  0.568302    0.14197
  0.596362    0.14197
   0.62594    0.14197
  0.657119    0.14197
  0.689984    0.14197
  0.724628    0.14197
  0.761147    0.14197
  0.799642    0.14197
   0.84022    0.14197
  0.882994    0.14197
  0.928082    0.14197
   0.97561    0.14197
