     0.004 -5.28723e-15
     0.012 -3.16352e-14
      0.02 -1.08507e-14
     0.028 4.17078e-14
     0.036 2.43927e-14
     0.044 -4.22293e-14
     0.052 -5.34324e-14
      0.06 1.15496e-14
     0.068 8.99197e-14
     0.076 9.46503e-14
     0.084 4.70556e-14
     0.092 1.68287e-15
       0.1 -2.35874e-14
     0.108 -1.03738e-14
     0.116 6.88249e-15
     0.124 5.31428e-15
     0.132 1.13579e-16
      0.14 -2.90216e-15
     0.148 -6.74994e-15
     0.156 -9.9364e-15
     0.164 -8.73992e-15
     0.172 -4.86613e-15
      0.18 -1.21719e-15
     0.188 6.3837e-16
     0.196 6.24134e-16
  0.204065 1.61525e-15
  0.212415 1.51259e-15
  0.221217 5.76378e-16
  0.230495 -1.07336e-15
  0.240275 -2.38011e-15
  0.250584 -4.13367e-15
  0.261452 -5.87641e-15
  0.272907 -6.33254e-15
  0.284982 -5.55104e-15
  0.297711 -3.86554e-15
  0.311128 -1.87836e-15
  0.325272 9.59723e-17
   0.34018 1.93643e-15
  0.355896 2.75395e-15
  0.372462 3.40382e-15
  0.389924 4.0668e-15
  0.408331 2.68336e-15
  0.427734 1.56239e-15
  0.448188 9.92985e-16
  0.469747 -1.59438e-16
  0.492474 -3.66425e-16
  0.516431 -6.80342e-16
  0.541683 -8.45056e-16
  0.568302 -9.36071e-16
  0.596362 -7.1348e-16
   0.62594 -1.19508e-15
  0.657119 -1.27547e-15
  0.689984 -5.17324e-16
  0.724628 -4.22021e-16
  0.761147 -2.75891e-16
  0.799642   3.25e-16
   0.84022 7.33974e-16
  0.882994 -5.39133e-16
  0.928082 1.23427e-15
   0.97561 1.57517e-15
