     0.004 1.29253e-09
     0.012 5.30574e-09
      0.02 1.1416e-08
     0.028 1.71149e-08
     0.036 2.00965e-08
     0.044 2.05987e-08
     0.052 1.95284e-08
      0.06 1.80835e-08
     0.068 1.72582e-08
     0.076 1.78154e-08
     0.084 1.95087e-08
     0.092 2.1602e-08
       0.1 2.3432e-08
     0.108 2.46672e-08
     0.116 2.51625e-08
     0.124 2.50059e-08
     0.132 2.42315e-08
      0.14 2.30796e-08
     0.148 2.16131e-08
     0.156 2.0053e-08
     0.164 1.84077e-08
     0.172 1.68536e-08
      0.18 1.53721e-08
     0.188 1.40647e-08
     0.196 1.28755e-08
  0.204065 1.18944e-08
  0.212415 1.1034e-08
  0.221217 1.02599e-08
  0.230495 9.50502e-09
  0.240275 8.82887e-09
  0.250584 8.17173e-09
  0.261452 7.57601e-09
  0.272907 6.9935e-09
  0.284982 6.46145e-09
  0.297711 5.95015e-09
  0.311128 5.48764e-09
  0.325272 5.05609e-09
   0.34018 4.67355e-09
  0.355896 4.32865e-09
  0.372462 4.02875e-09
  0.389924 3.7646e-09
  0.408331  3.534e-09
  0.427734 3.32925e-09
  0.448188 3.14483e-09
  0.469747 2.97461e-09
  0.492474 2.81545e-09
  0.516431 2.66458e-09
  0.541683 2.52028e-09
  0.568302 2.38148e-09
  0.596362 2.2465e-09
   0.62594 2.11167e-09
  0.657119 1.9726e-09
  0.689984 1.82656e-09
  0.724628 1.68537e-09
  0.761147 1.58033e-09
  0.799642 1.54989e-09
   0.84022 1.57062e-09
  0.882994 1.49883e-09
  0.928082 1.15137e-09
   0.97561  4.438e-10
