     0.004 4.02939e-11
     0.012 7.92941e-11
      0.02 8.94585e-11
     0.028 8.88974e-11
     0.036 8.72285e-11
     0.044 8.66625e-11
     0.052 8.71989e-11
      0.06 8.84889e-11
     0.068 9.02651e-11
     0.076 9.23448e-11
     0.084 9.45882e-11
     0.092 9.68239e-11
       0.1 9.89808e-11
     0.108 1.0092e-10
     0.116 1.02602e-10
     0.124 1.03969e-10
     0.132 1.05135e-10
      0.14 1.05293e-10
     0.148 1.05133e-10
     0.156 1.0445e-10
     0.164 1.0314e-10
     0.172 1.01143e-10
      0.18 9.83782e-11
     0.188 9.47488e-11
     0.196 9.01374e-11
  0.204065 8.44255e-11
  0.212415 7.75909e-11
  0.221217 6.98822e-11
  0.230495 6.17585e-11
  0.240275 5.36401e-11
  0.250584 4.6039e-11
  0.261452 3.94375e-11
  0.272907 3.44893e-11
  0.284982 3.16165e-11
  0.297711 3.10124e-11
  0.311128 3.21438e-11
  0.325272 3.43564e-11
   0.34018 3.68616e-11
  0.355896 3.92682e-11
  0.372462 4.12034e-11
  0.389924 4.26045e-11
  0.408331 4.33519e-11
  0.427734 4.35315e-11
  0.448188 4.31398e-11
  0.469747 4.23137e-11
  0.492474 4.11025e-11
  0.516431 3.96349e-11
  0.541683 3.79741e-11
  0.568302 3.62162e-11
  0.596362 3.44247e-11
   0.62594 3.26637e-11
  0.657119 3.09739e-11
  0.689984 2.93999e-11
  0.724628 2.79765e-11
  0.761147 2.67098e-11
  0.799642 2.5644e-11
   0.84022 2.47577e-11
  0.882994 2.40773e-11
  0.928082 2.3643e-11
   0.97561 2.33901e-11
