     0.004 8.5343e-05
     0.012 0.000234635
      0.02 0.000288881
     0.028 0.000271126
     0.036 0.000219655
     0.044 0.000160958
     0.052 0.000108954
      0.06 6.8788e-05
     0.068 4.06283e-05
     0.076 2.24034e-05
     0.084 1.14552e-05
     0.092 5.37051e-06
       0.1 2.28821e-06
     0.108 9.20457e-07
     0.116 4.50747e-07
     0.124 4.01305e-07
     0.132 5.14964e-07
      0.14 6.66552e-07
     0.148 8.0358e-07
     0.156 9.10018e-07
     0.164 9.85957e-07
     0.172 1.03717e-06
      0.18 1.07032e-06
     0.188 1.09108e-06
     0.196 1.10374e-06
  0.204065 1.11134e-06
  0.212415 1.11588e-06
  0.221217 1.1185e-06
  0.230495 1.11993e-06
  0.240275 1.12067e-06
  0.250584 1.12103e-06
  0.261452 1.12119e-06
  0.272907 1.12126e-06
  0.284982 1.12129e-06
  0.297711 1.1213e-06
  0.311128 1.1213e-06
  0.325272 1.1213e-06
   0.34018 1.1213e-06
  0.355896 1.12131e-06
  0.372462 1.12131e-06
  0.389924 1.1213e-06
  0.408331 1.1213e-06
  0.427734 1.1213e-06
  0.448188 1.1213e-06
  0.469747 1.1213e-06
  0.492474 1.1213e-06
  0.516431 1.1213e-06
  0.541683 1.1213e-06
  0.568302 1.1213e-06
  0.596362 1.1213e-06
   0.62594 1.1213e-06
  0.657119 1.1213e-06
  0.689984 1.1213e-06
  0.724628 1.1213e-06
  0.761147 1.1213e-06
  0.799642 1.1213e-06
   0.84022 1.1213e-06
  0.882994 1.1213e-06
  0.928082 1.1213e-06
   0.97561 1.1213e-06
