     0.004 4.62095e-18
     0.012  4.737e-18
      0.02 4.8188e-18
     0.028 4.78774e-18
     0.036 4.65727e-18
     0.044 4.49258e-18
     0.052 4.32298e-18
      0.06 4.15286e-18
     0.068 3.97398e-18
     0.076 3.77185e-18
     0.084 3.53285e-18
     0.092 3.25537e-18
       0.1 2.94702e-18
     0.108 2.62353e-18
     0.116 2.30253e-18
     0.124 2.00032e-18
     0.132 1.72738e-18
      0.14 1.48964e-18
     0.148 1.28875e-18
     0.156 1.12304e-18
     0.164 9.88878e-19
     0.172 8.81647e-19
      0.18 7.96643e-19
     0.188 7.29481e-19
     0.196 6.76348e-19
  0.204065 6.33663e-19
  0.212415 5.97907e-19
  0.221217 5.66854e-19
  0.230495  5.394e-19
  0.240275 5.14904e-19
  0.250584 4.93124e-19
  0.261452 4.74011e-19
  0.272907 4.57636e-19
  0.284982 4.44218e-19
  0.297711 4.3388e-19
  0.311128 4.26753e-19
  0.325272 4.22862e-19
   0.34018 4.22195e-19
  0.355896 4.24674e-19
  0.372462 4.30164e-19
  0.389924 4.38551e-19
  0.408331 4.49665e-19
  0.427734 4.63353e-19
  0.448188 4.79462e-19
  0.469747 4.97793e-19
  0.492474 5.18162e-19
  0.516431 5.40238e-19
  0.541683 5.63595e-19
  0.568302 5.87743e-19
  0.596362 6.11994e-19
   0.62594 6.35531e-19
  0.657119 6.57381e-19
  0.689984 6.76596e-19
  0.724628 6.92241e-19
  0.761147 7.03739e-19
  0.799642 7.11378e-19
   0.84022 7.16036e-19
  0.882994 7.19028e-19
  0.928082 7.21647e-19
   0.97561 7.24652e-19
