     0.004  0.0130647
     0.012  0.0216627
      0.02  0.0240367
     0.028  0.0232863
     0.036  0.0209597
     0.044   0.017942
     0.052  0.0147617
      0.06  0.0117293
     0.068 0.00901425
     0.076 0.00669379
     0.084 0.00478647
     0.092 0.00327735
       0.1 0.00213926
     0.108  0.0013568
     0.116 0.00094947
     0.124 0.000895885
     0.132 0.00101485
      0.14  0.0011546
     0.148 0.00126774
     0.156 0.00134909
     0.164 0.00140425
     0.172 0.00144026
      0.18 0.00146309
     0.188 0.00147721
     0.196 0.00148576
  0.204065 0.00149086
  0.212415 0.00149391
  0.221217 0.00149566
  0.230495 0.00149662
  0.240275 0.00149711
  0.250584 0.00149735
  0.261452 0.00149746
  0.272907 0.00149751
  0.284982 0.00149752
  0.297711 0.00149753
  0.311128 0.00149753
  0.325272 0.00149753
   0.34018 0.00149753
  0.355896 0.00149753
  0.372462 0.00149753
  0.389924 0.00149753
  0.408331 0.00149753
  0.427734 0.00149753
  0.448188 0.00149753
  0.469747 0.00149753
  0.492474 0.00149753
  0.516431 0.00149753
  0.541683 0.00149753
  0.568302 0.00149753
  0.596362 0.00149753
   0.62594 0.00149753
  0.657119 0.00149753
  0.689984 0.00149753
  0.724628 0.00149753
  0.761147 0.00149753
  0.799642 0.00149753
   0.84022 0.00149753
  0.882994 0.00149753
  0.928082 0.00149753
   0.97561 0.00149753
