     0.004  0.0154316
     0.012  0.0413118
      0.02  0.0625798
     0.028   0.079835
     0.036  0.0936578
     0.044   0.104587
     0.052   0.113113
      0.06   0.119673
     0.068   0.124649
     0.076   0.128371
     0.084   0.131114
     0.092   0.133105
       0.1   0.134529
     0.108   0.135532
     0.116   0.136228
     0.124   0.136703
     0.132   0.137023
      0.14   0.137234
     0.148   0.137372
     0.156    0.13746
     0.164   0.137516
     0.172    0.13755
      0.18   0.137572
     0.188   0.137584
     0.196   0.137592
  0.204065   0.137596
  0.212415   0.137599
  0.221217     0.1376
  0.230495   0.137601
  0.240275   0.137602
  0.250584   0.137602
  0.261452   0.137602
  0.272907   0.137602
  0.284982   0.137602
  0.297711   0.137602
  0.311128   0.137602
  0.325272   0.137602
   0.34018   0.137602
  0.355896   0.137602
  0.372462   0.137602
  0.389924   0.137602
  0.408331   0.137602
  0.427734   0.137602
  0.448188   0.137602
  0.469747   0.137602
  0.492474   0.137602
  0.516431   0.137602
  0.541683   0.137602
  0.568302   0.137602
  0.596362   0.137602
   0.62594   0.137602
  0.657119   0.137602
  0.689984   0.137602
  0.724628   0.137602
  0.761147   0.137602
  0.799642   0.137602
   0.84022   0.137602
  0.882994   0.137602
  0.928082   0.137602
   0.97561   0.137602
