     0.004 -9.77135e-15
     0.012 -1.14993e-13
      0.02 -1.22497e-13
     0.028 8.02497e-14
     0.036 2.30492e-13
     0.044 2.98713e-13
     0.052 2.28823e-13
      0.06 3.48941e-14
     0.068 -5.12985e-14
     0.076 -1.64223e-14
     0.084 6.5559e-15
     0.092 -3.01291e-15
       0.1 -4.05168e-15
     0.108 -2.13691e-15
     0.116 -4.24433e-16
     0.124 -1.14532e-16
     0.132 -8.36358e-16
      0.14 -1.36351e-15
     0.148 -1.58661e-15
     0.156 -1.58818e-15
     0.164 -6.16745e-16
     0.172 1.53575e-17
      0.18 1.83316e-16
     0.188 9.94457e-17
     0.196 -1.29275e-16
  0.204065 -9.57222e-16
  0.212415 -1.63452e-15
  0.221217 -1.25343e-15
  0.230495 -8.63845e-16
  0.240275 -4.0931e-17
  0.250584 1.17719e-15
  0.261452 1.21604e-15
  0.272907 9.60614e-16
  0.284982 1.88246e-15
  0.297711 2.02069e-15
  0.311128 1.83375e-15
  0.325272 1.52971e-15
   0.34018 -1.91064e-16
  0.355896 -9.75946e-16
  0.372462 -9.61151e-16
  0.389924 -1.10287e-15
  0.408331 -8.37708e-16
  0.427734 -1.73892e-15
  0.448188 -2.45643e-15
  0.469747 -1.58443e-15
  0.492474 -1.9319e-15
  0.516431 -2.76054e-15
  0.541683 -2.80901e-15
  0.568302 -1.81279e-15
  0.596362 -1.78434e-15
   0.62594 -9.6258e-16
  0.657119 6.80194e-16
  0.689984 3.53701e-16
  0.724628 1.96976e-15
  0.761147 2.21243e-15
  0.799642 1.67474e-15
   0.84022 2.12866e-15
  0.882994 2.09543e-15
  0.928082 1.54644e-15
   0.97561 3.09379e-16
