     0.004 2.51002e-09
     0.012 9.67711e-09
      0.02 2.10875e-08
     0.028 3.1779e-08
     0.036 3.70545e-08
     0.044 3.7413e-08
     0.052 3.47753e-08
      0.06 3.14637e-08
     0.068 2.94378e-08
     0.076 3.00717e-08
     0.084 3.2854e-08
     0.092 3.63166e-08
       0.1 3.9276e-08
     0.108 4.11308e-08
     0.116 4.1707e-08
     0.124 4.11678e-08
     0.132 3.96597e-08
      0.14 3.75554e-08
     0.148 3.50067e-08
     0.156 3.23241e-08
     0.164 2.95569e-08
     0.172 2.69216e-08
      0.18 2.44042e-08
     0.188 2.21155e-08
     0.196 1.99977e-08
  0.204065 1.81431e-08
  0.212415 1.64706e-08
  0.221217 1.49687e-08
  0.230495 1.36038e-08
  0.240275 1.24174e-08
  0.250584 1.13685e-08
  0.261452 1.04663e-08
  0.272907 9.67383e-09
  0.284982 8.98141e-09
  0.297711 8.3722e-09
  0.311128 7.8326e-09
  0.325272 7.35166e-09
   0.34018 6.92002e-09
  0.355896 6.52895e-09
  0.372462 6.17479e-09
  0.389924 5.84957e-09
  0.408331 5.54806e-09
  0.427734 5.26616e-09
  0.448188 4.99664e-09
  0.469747 4.73428e-09
  0.492474 4.47477e-09
  0.516431 4.21287e-09
  0.541683 3.94413e-09
  0.568302 3.66591e-09
  0.596362 3.37497e-09
   0.62594 3.06916e-09
  0.657119 2.74756e-09
  0.689984 2.41095e-09
  0.724628 2.06834e-09
  0.761147 1.74073e-09
  0.799642 1.44999e-09
   0.84022 1.20472e-09
  0.882994 9.64148e-10
  0.928082 6.61768e-10
   0.97561 2.44944e-10
