     0.004 7.50682e-11
     0.012 1.44906e-10
      0.02 1.55733e-10
     0.028 1.43226e-10
     0.036 1.27457e-10
     0.044 1.14074e-10
     0.052 1.03705e-10
      0.06 9.56096e-11
     0.068 8.92488e-11
     0.076 8.42161e-11
     0.084 8.04192e-11
     0.092 7.74738e-11
       0.1 7.54056e-11
     0.108 7.38526e-11
     0.116 7.28521e-11
     0.124 7.23158e-11
     0.132 7.27275e-11
      0.14 7.13292e-11
     0.148 7.06848e-11
     0.156 7.02843e-11
     0.164 6.98546e-11
     0.172 6.92845e-11
      0.18 6.83663e-11
     0.188 6.67769e-11
     0.196 6.40439e-11
  0.204065 5.96562e-11
  0.212415 5.36554e-11
  0.221217 4.69202e-11
  0.230495 4.06388e-11
  0.240275 3.55369e-11
  0.250584 3.22553e-11
  0.261452 3.0635e-11
  0.272907 3.05927e-11
  0.284982 3.13315e-11
  0.297711 3.26291e-11
  0.311128 3.38647e-11
  0.325272 3.50935e-11
   0.34018 3.59655e-11
  0.355896 3.66853e-11
  0.372462 3.70394e-11
  0.389924  3.727e-11
  0.408331 3.72086e-11
  0.427734 3.70798e-11
  0.448188 3.67561e-11
  0.469747 3.64092e-11
  0.492474 3.59716e-11
  0.516431 3.55537e-11
  0.541683 3.51014e-11
  0.568302 3.46948e-11
  0.596362 3.4304e-11
   0.62594 3.3951e-11
  0.657119 3.36439e-11
  0.689984 3.33673e-11
  0.724628 3.31532e-11
  0.761147 3.29684e-11
  0.799642 3.28346e-11
   0.84022 3.27312e-11
  0.882994 3.2658e-11
  0.928082 3.26954e-11
   0.97561 3.27668e-11
