     0.004 1.15676e-05
     0.012 3.70461e-05
      0.02 6.41121e-05
     0.028 9.16927e-05
     0.036 0.000118288
     0.044 0.000142564
     0.052 0.000163523
      0.06 0.00018052
     0.068 0.000193236
     0.076 0.000201614
     0.084 0.000205807
     0.092 0.000206121
       0.1 0.000202964
     0.108 0.000196807
     0.116 0.000188154
     0.124 0.000177514
     0.132 0.000165379
      0.14 0.000152216
     0.148 0.000138451
     0.156 0.000124465
     0.164 0.000110587
     0.172 9.7098e-05
      0.18 8.4227e-05
     0.188 7.2154e-05
     0.196 6.10139e-05
  0.204065 5.08331e-05
  0.212415 4.14877e-05
  0.221217 3.29705e-05
  0.230495 2.54177e-05
  0.240275 1.89368e-05
  0.250584 1.36004e-05
  0.261452 9.44026e-06
  0.272907 6.44272e-06
  0.284982 4.54662e-06
  0.297711 3.6445e-06
  0.311128 3.5878e-06
  0.325272 4.19635e-06
   0.34018 5.27201e-06
  0.355896 6.61537e-06
  0.372462 8.04361e-06
  0.389924 9.40675e-06
  0.408331 1.05992e-05
  0.427734 1.15641e-05
  0.448188 1.22892e-05
  0.469747 1.27961e-05
  0.492474 1.31261e-05
  0.516431 1.33258e-05
  0.541683 1.34382e-05
  0.568302 1.34969e-05
  0.596362 1.35253e-05
   0.62594 1.35379e-05
  0.657119 1.3543e-05
  0.689984 1.3545e-05
  0.724628 1.35456e-05
  0.761147 1.35458e-05
  0.799642 1.35458e-05
   0.84022 1.35458e-05
  0.882994 1.35458e-05
  0.928082 1.35458e-05
   0.97561 1.35458e-05
