     0.004 1.51564e-14
     0.012 1.23535e-14
      0.02 9.87914e-15
     0.028 7.88695e-15
     0.036 6.3085e-15
     0.044 5.04197e-15
     0.052 4.02603e-15
      0.06 3.21776e-15
     0.068 2.57976e-15
     0.076 2.07908e-15
     0.084 1.68764e-15
     0.092 1.38216e-15
       0.1 1.14368e-15
     0.108 9.57023e-16
     0.116 8.10274e-16
     0.124 6.94185e-16
     0.132 6.01666e-16
      0.14 5.27322e-16
     0.148 4.67053e-16
     0.156 4.17748e-16
     0.164 3.77041e-16
     0.172 3.43137e-16
      0.18 3.14663e-16
     0.188 2.90563e-16
     0.196 2.70016e-16
  0.204065 2.52242e-16
  0.212415 2.36399e-16
  0.221217 2.22025e-16
  0.230495 2.08972e-16
  0.240275 1.97089e-16
  0.250584 1.86231e-16
  0.261452 1.76264e-16
  0.272907 1.67069e-16
  0.284982 1.58541e-16
  0.297711 1.50591e-16
  0.311128 1.43148e-16
  0.325272 1.36151e-16
   0.34018 1.29554e-16
  0.355896 1.23315e-16
  0.372462 1.17403e-16
  0.389924 1.11793e-16
  0.408331 1.06462e-16
  0.427734 1.01394e-16
  0.448188 9.65758e-17
  0.469747 9.19984e-17
  0.492474 8.76554e-17
  0.516431 8.35432e-17
  0.541683 7.96606e-17
  0.568302 7.60086e-17
  0.596362 7.25897e-17
   0.62594 6.94085e-17
  0.657119 6.64712e-17
  0.689984 6.37853e-17
  0.724628 6.13605e-17
  0.761147 5.92083e-17
  0.799642 5.7343e-17
   0.84022 5.5785e-17
  0.882994 5.45674e-17
  0.928082 5.37315e-17
   0.97561 5.33078e-17
