     0.004 -2.21646e-05
     0.012 -2.50292e-05
      0.02 -2.33255e-05
     0.028 -2.1721e-05
     0.036 -2.01297e-05
     0.044 -1.85965e-05
     0.052 -1.71413e-05
      0.06 -1.57708e-05
     0.068 -1.44852e-05
     0.076 -1.32819e-05
     0.084 -1.21575e-05
     0.092 -1.11081e-05
       0.1 -1.013e-05
     0.108 -9.2194e-06
     0.116 -8.37285e-06
     0.124 -7.58705e-06
     0.132 -6.85887e-06
      0.14 -6.18532e-06
     0.148 -5.56354e-06
     0.156 -4.9908e-06
     0.164 -4.4645e-06
     0.172 -3.98213e-06
      0.18 -3.54134e-06
     0.188 -3.13995e-06
     0.196 -2.77487e-06
  0.204065 -2.45285e-06
  0.212415 -2.17575e-06
  0.221217 -1.90826e-06
  0.230495 -1.65407e-06
  0.240275 -1.41461e-06
  0.250584 -1.19148e-06
  0.261452 -9.86309e-07
  0.272907 -8.00558e-07
  0.284982 -6.35415e-07
  0.297711 -4.91657e-07
  0.311128 -3.69544e-07
  0.325272 -2.68733e-07
   0.34018 -1.88223e-07
  0.355896 -1.26356e-07
  0.372462 -8.0882e-08
  0.389924 -4.91131e-08
  0.408331 -2.81515e-08
  0.427734 -1.51651e-08
  0.448188 -7.64776e-09
  0.469747 -3.59732e-09
  0.492474 -1.57194e-09
  0.516431 -6.34938e-10
  0.541683 -2.35542e-10
  0.568302 -7.96205e-11
  0.596362 -2.43039e-11
   0.62594 -6.63372e-12
  0.657119 -1.60229e-12
  0.689984 -3.38485e-13
  0.724628 -6.15416e-14
  0.761147 -9.3183e-15
  0.799642 -1.04832e-15
   0.84022 -2.63549e-17
  0.882994 3.62057e-17
  0.928082 1.85841e-17
   0.97561 4.82211e-18
