     0.004 -2.19755e-05
     0.012 -1.95017e-05
      0.02 -1.77748e-05
     0.028 -1.69223e-05
     0.036 -1.62862e-05
     0.044 -1.57162e-05
     0.052 -1.51623e-05
      0.06 -1.46073e-05
     0.068 -1.40464e-05
     0.076 -1.34794e-05
     0.084 -1.29084e-05
     0.092 -1.23358e-05
       0.1 -1.17642e-05
     0.108 -1.1196e-05
     0.116 -1.06335e-05
     0.124 -1.00785e-05
     0.132 -9.53293e-06
      0.14 -8.99825e-06
     0.148 -8.47584e-06
     0.156 -7.96689e-06
     0.164 -7.47242e-06
     0.172 -6.99328e-06
      0.18 -6.53011e-06
     0.188 -6.08335e-06
     0.196 -5.65074e-06
  0.204065 -5.2226e-06
  0.212415 -4.78898e-06
  0.221217 -4.35472e-06
  0.230495 -3.92878e-06
  0.240275 -3.514e-06
  0.250584 -3.11305e-06
  0.261452 -2.72849e-06
  0.272907 -2.36282e-06
  0.284982 -2.0185e-06
  0.297711 -1.69793e-06
  0.311128 -1.40339e-06
  0.325272 -1.13689e-06
   0.34018 -9.00136e-07
  0.355896 -6.94275e-07
  0.372462 -5.19772e-07
  0.389924 -3.7621e-07
  0.408331 -2.62152e-07
  0.427734 -1.751e-07
  0.448188 -1.11617e-07
  0.469747 -6.76066e-08
  0.492474 -3.87436e-08
  0.516431 -2.09161e-08
  0.541683 -1.05901e-08
  0.568302 -5.00528e-09
  0.596362 -2.19727e-09
   0.62594 -8.9086e-10
  0.657119 -3.31225e-10
  0.689984 -1.11668e-10
  0.724628 -3.32713e-11
  0.761147 -8.02075e-12
  0.799642 -8.18572e-13
   0.84022 8.95096e-13
  0.882994 1.12982e-12
  0.928082 9.98679e-13
   0.97561 4.4721e-13
