     0.004  0.0048099
     0.012 0.00860768
      0.02  0.0113236
     0.028   0.013542
     0.036   0.015381
     0.044  0.0168857
     0.052  0.0180844
      0.06  0.0190011
     0.068  0.0196589
     0.076  0.0200805
     0.084  0.0202883
     0.092  0.0203038
       0.1  0.0201476
     0.108  0.0198397
     0.116  0.0193987
     0.124  0.0188422
     0.132  0.0181868
      0.14   0.017448
     0.148  0.0166404
     0.156  0.0157775
     0.164  0.0148719
     0.172  0.0139354
      0.18   0.012979
     0.188  0.0120128
     0.196  0.0110466
  0.204065   0.010083
  0.212415 0.00910908
  0.221217 0.00812041
  0.230495 0.00712989
  0.240275 0.00615415
  0.250584 0.00521544
  0.261452 0.00434517
  0.272907 0.00358963
  0.284982  0.0030155
  0.297711 0.00269982
  0.311128 0.00267873
  0.325272 0.00289702
   0.34018 0.00324716
  0.355896 0.00363741
  0.372462 0.00401089
  0.389924 0.00433745
  0.408331 0.00460417
  0.427734 0.00480917
  0.448188 0.00495766
  0.469747 0.00505888
  0.492474 0.00512368
  0.516431 0.00516252
  0.541683 0.00518425
  0.568302 0.00519556
  0.596362 0.00520102
   0.62594 0.00520344
  0.657119 0.00520443
  0.689984  0.0052048
  0.724628 0.00520492
  0.761147 0.00520496
  0.799642 0.00520497
   0.84022 0.00520497
  0.882994 0.00520496
  0.928082 0.00520496
   0.97561 0.00520496
