     0.004 0.00489073
     0.012  0.0136149
      0.02  0.0213132
     0.028  0.0285832
     0.036  0.0355636
     0.044  0.0422979
     0.052  0.0487983
      0.06  0.0550661
     0.068  0.0610992
     0.076  0.0668947
     0.084  0.0724503
     0.092  0.0777649
       0.1  0.0828383
     0.108  0.0876716
     0.116  0.0922666
     0.124  0.0966261
     0.132   0.100754
      0.14   0.104654
     0.148   0.108331
     0.156   0.111791
     0.164    0.11504
     0.172   0.118084
      0.18   0.120929
     0.188   0.123583
     0.196   0.126052
  0.204065    0.12836
  0.212415   0.130561
  0.221217   0.132678
  0.230495   0.134699
  0.240275   0.136613
  0.250584   0.138409
  0.261452   0.140077
  0.272907   0.141609
  0.284982   0.142998
  0.297711   0.144238
  0.311128   0.145329
  0.325272   0.146269
   0.34018   0.147062
  0.355896   0.147715
  0.372462   0.148237
  0.389924   0.148642
  0.408331   0.148944
  0.427734   0.149161
  0.448188   0.149309
  0.469747   0.149406
  0.492474   0.149466
  0.516431   0.149501
  0.541683    0.14952
  0.568302   0.149529
  0.596362   0.149534
   0.62594   0.149536
  0.657119   0.149537
  0.689984   0.149537
  0.724628   0.149537
  0.761147   0.149537
  0.799642   0.149537
   0.84022   0.149537
  0.882994   0.149537
  0.928082   0.149537
   0.97561   0.149537
