     0.004 -2.36359e-12
     0.012 3.01868e-12
      0.02 1.45965e-12
     0.028 -1.03078e-12
     0.036 4.57868e-14
     0.044 5.56463e-13
     0.052 2.29279e-13
      0.06 -1.39015e-14
     0.068 -1.35409e-13
     0.076 -1.32147e-13
     0.084 2.66665e-14
     0.092 3.11934e-13
       0.1 5.39143e-13
     0.108 6.13025e-13
     0.116 5.90369e-13
     0.124 5.34778e-13
     0.132 4.33004e-13
      0.14 3.39878e-13
     0.148 2.52341e-13
     0.156 1.45811e-13
     0.164 6.93156e-14
     0.172 2.29233e-14
      0.18 -1.51116e-14
     0.188 -3.40836e-14
     0.196 -2.87506e-14
  0.204065 -1.29913e-14
  0.212415 -5.29095e-16
  0.221217 -1.66514e-14
  0.230495 -4.36345e-14
  0.240275 -6.97046e-14
  0.250584 -7.46893e-14
  0.261452 -3.79125e-14
  0.272907 -3.31593e-15
  0.284982 1.28606e-14
  0.297711 1.38773e-14
  0.311128 7.04304e-16
  0.325272 -9.05332e-15
   0.34018 -7.42611e-15
  0.355896 3.43148e-15
  0.372462 1.37666e-14
  0.389924 2.55036e-14
  0.408331 3.98407e-14
  0.427734 4.62809e-14
  0.448188 4.44097e-14
  0.469747 4.58145e-14
  0.492474 4.65622e-14
  0.516431 4.31581e-14
  0.541683 4.17533e-14
  0.568302 3.9026e-14
  0.596362 3.7425e-14
   0.62594 3.59921e-14
  0.657119 3.41752e-14
  0.689984 3.43161e-14
  0.724628 3.26155e-14
  0.761147 2.92309e-14
  0.799642 3.22761e-14
   0.84022 2.70158e-14
  0.882994 1.39456e-14
  0.928082 1.52304e-14
   0.97561 2.11216e-15
