     0.004 3.65886e-07
     0.012 8.94819e-07
      0.02 7.83043e-07
     0.028 6.51682e-07
     0.036 5.7329e-07
     0.044 5.18744e-07
     0.052 4.7304e-07
      0.06 4.31119e-07
     0.068 3.91403e-07
     0.076 3.54088e-07
     0.084 3.19743e-07
     0.092 2.88671e-07
       0.1 2.60895e-07
     0.108 2.3627e-07
     0.116 2.14514e-07
     0.124 1.95331e-07
     0.132 1.78402e-07
      0.14 1.63484e-07
     0.148 1.50361e-07
     0.156 1.38849e-07
     0.164 1.28755e-07
     0.172 1.19882e-07
      0.18 1.12023e-07
     0.188 1.0499e-07
     0.196 9.85734e-08
  0.204065 9.26112e-08
  0.212415 8.67756e-08
  0.221217 8.0951e-08
  0.230495 7.51719e-08
  0.240275 6.96428e-08
  0.250584 6.43864e-08
  0.261452 5.95405e-08
  0.272907 5.50811e-08
  0.284982 5.10656e-08
  0.297711 4.74283e-08
  0.311128 4.41543e-08
  0.325272 4.11763e-08
   0.34018 3.84736e-08
  0.355896 3.59985e-08
  0.372462 3.3726e-08
  0.389924 3.16123e-08
  0.408331 2.96333e-08
  0.427734 2.77575e-08
  0.448188 2.59702e-08
  0.469747 2.42572e-08
  0.492474 2.26124e-08
  0.516431 2.10254e-08
  0.541683 1.94866e-08
  0.568302 1.79867e-08
  0.596362 1.65165e-08
   0.62594 1.5067e-08
  0.657119 1.36279e-08
  0.689984 1.21918e-08
  0.724628 1.07549e-08
  0.761147 9.32323e-09
  0.799642 7.95404e-09
   0.84022 6.73176e-09
  0.882994 5.52861e-09
  0.928082 3.93492e-09
   0.97561 1.51997e-09
