     0.004 5.30805e-07
     0.012 6.82401e-07
      0.02 6.31361e-07
     0.028 5.18531e-07
     0.036 3.97661e-07
     0.044 2.99269e-07
     0.052 2.34764e-07
      0.06 1.97422e-07
     0.068 1.73576e-07
     0.076 1.54335e-07
     0.084 1.36918e-07
     0.092 1.21227e-07
       0.1 1.07495e-07
     0.108 9.56716e-08
     0.116 8.55003e-08
     0.124 7.67077e-08
     0.132 6.90649e-08
      0.14 6.24003e-08
     0.148 5.65717e-08
     0.156 5.14655e-08
     0.164 4.69827e-08
     0.172 4.30438e-08
      0.18 3.95793e-08
     0.188 3.65331e-08
     0.196 3.38533e-08
  0.204065 3.14764e-08
  0.212415 2.93083e-08
  0.221217   2.73e-08
  0.230495 2.54419e-08
  0.240275 2.37221e-08
  0.250584 2.21255e-08
  0.261452 2.06392e-08
  0.272907 1.92499e-08
  0.284982 1.79473e-08
  0.297711 1.67205e-08
  0.311128 1.55611e-08
  0.325272 1.44614e-08
   0.34018 1.34162e-08
  0.355896 1.24216e-08
  0.372462 1.1475e-08
  0.389924 1.05748e-08
  0.408331 9.72063e-09
  0.427734 8.91224e-09
  0.448188 8.14965e-09
  0.469747 7.43289e-09
  0.492474 6.76204e-09
  0.516431 6.13688e-09
  0.541683 5.55739e-09
  0.568302 5.02321e-09
  0.596362 4.53374e-09
   0.62594 4.08834e-09
  0.657119 3.68598e-09
  0.689984 3.32404e-09
  0.724628 2.99771e-09
  0.761147 2.69974e-09
  0.799642 2.42316e-09
   0.84022 2.18562e-09
  0.882994 2.06241e-09
  0.928082 2.1229e-09
   0.97561 2.38216e-09
