     0.004 8.6417e-06
     0.012 2.90927e-05
      0.02 5.1841e-05
     0.028 7.58724e-05
     0.036 9.99056e-05
     0.044 0.000122772
     0.052 0.00014354
      0.06 0.000161541
     0.068 0.000176353
     0.076 0.000187763
     0.084 0.000195734
     0.092 0.000200363
       0.1 0.000201848
     0.108 0.000200461
     0.116 0.000196519
     0.124 0.000190367
     0.132 0.000182363
      0.14 0.000172863
     0.148 0.000162211
     0.156 0.000150732
     0.164 0.00013873
     0.172 0.000126477
      0.18 0.000114218
     0.188 0.000102166
     0.196 9.05038e-05
  0.204065 7.93099e-05
  0.212415 6.84836e-05
  0.221217 5.80264e-05
  0.230495 4.8117e-05
  0.240275 3.89277e-05
  0.250584 3.06181e-05
  0.261452 2.33272e-05
  0.272907 1.71659e-05
  0.284982 1.22088e-05
  0.297711 8.4875e-06
  0.311128 5.98525e-06
  0.325272 4.63425e-06
   0.34018 4.31675e-06
  0.355896 4.87032e-06
  0.372462 6.09792e-06
  0.389924 7.78243e-06
  0.408331 9.70482e-06
  0.427734 1.16637e-05
  0.448188 1.34937e-05
  0.469747 1.50788e-05
  0.492474 1.63577e-05
  0.516431 1.73209e-05
  0.541683 1.79981e-05
  0.568302 1.84425e-05
  0.596362 1.87144e-05
   0.62594 1.88693e-05
  0.657119 1.89514e-05
  0.689984 1.89916e-05
  0.724628 1.90099e-05
  0.761147 1.90174e-05
  0.799642 1.90203e-05
   0.84022 1.90213e-05
  0.882994 1.90216e-05
  0.928082 1.90217e-05
   0.97561 1.90217e-05
