     0.004 1.18848e-14
     0.012 9.75792e-15
      0.02 7.90714e-15
     0.028 6.39915e-15
     0.036 5.18034e-15
     0.044 4.18414e-15
     0.052 3.37244e-15
      0.06 2.7174e-15
     0.068 2.19336e-15
     0.076 1.77684e-15
     0.084 1.44734e-15
     0.092 1.18742e-15
       0.1 9.82592e-16
     0.108 8.20994e-16
     0.116 6.93123e-16
     0.124 5.91479e-16
     0.132 5.10211e-16
      0.14 4.44793e-16
     0.148 3.91739e-16
     0.156 3.48369e-16
     0.164 3.12625e-16
     0.172 2.8293e-16
      0.18 2.58069e-16
     0.188 2.37106e-16
     0.196 2.19308e-16
  0.204065 2.03985e-16
  0.212415 1.90401e-16
  0.221217 1.78155e-16
  0.230495 1.67118e-16
  0.240275 1.57154e-16
  0.250584 1.48134e-16
  0.261452 1.39937e-16
  0.272907 1.32453e-16
  0.284982 1.25582e-16
  0.297711 1.19241e-16
  0.311128 1.1336e-16
  0.325272 1.07878e-16
   0.34018 1.0275e-16
  0.355896 9.79367e-17
  0.372462 9.34057e-17
  0.389924 8.9131e-17
  0.408331 8.50912e-17
  0.427734 8.12683e-17
  0.448188 7.76485e-17
  0.469747 7.42208e-17
  0.492474 7.09771e-17
  0.516431 6.7912e-17
  0.541683 6.50224e-17
  0.568302 6.23072e-17
  0.596362 5.97671e-17
   0.62594 5.74045e-17
  0.657119 5.52235e-17
  0.689984 5.32293e-17
  0.724628 5.14286e-17
  0.761147  4.983e-17
  0.799642 4.84437e-17
   0.84022 4.72849e-17
  0.882994 4.63776e-17
  0.928082 4.57524e-17
   0.97561 4.54328e-17
