     0.004 -1.76084e-05
     0.012 -2.02495e-05
      0.02 -1.91142e-05
     0.028 -1.79837e-05
     0.036 -1.68303e-05
     0.044 -1.57018e-05
     0.052 -1.46197e-05
      0.06 -1.35923e-05
     0.068 -1.26213e-05
     0.076 -1.17059e-05
     0.084 -1.08442e-05
     0.092 -1.00337e-05
       0.1 -9.27201e-06
     0.108 -8.55671e-06
     0.116 -7.88552e-06
     0.124 -7.2563e-06
     0.132 -6.66701e-06
      0.14 -6.11573e-06
     0.148 -5.60066e-06
     0.156 -5.12008e-06
     0.164 -4.67235e-06
     0.172 -4.25597e-06
      0.18 -3.86954e-06
     0.188 -3.51187e-06
     0.196 -3.18065e-06
  0.204065 -2.88555e-06
  0.212415 -2.63281e-06
  0.221217 -2.38235e-06
  0.230495 -2.13786e-06
  0.240275 -1.90038e-06
  0.250584 -1.6713e-06
  0.261452 -1.45227e-06
  0.272907 -1.24499e-06
  0.284982 -1.05116e-06
  0.297711 -8.72369e-07
  0.311128 -7.10033e-07
  0.325272 -5.65275e-07
   0.34018 -4.38855e-07
  0.355896 -3.31085e-07
  0.372462 -2.41756e-07
  0.389924 -1.7009e-07
  0.408331 -1.14737e-07
  0.427734 -7.38213e-08
  0.448188 -4.50633e-08
  0.469747 -2.59689e-08
  0.492474 -1.40653e-08
  0.516431 -7.13326e-09
  0.541683 -3.37647e-09
  0.568302 -1.48669e-09
  0.596362 -6.06348e-10
   0.62594 -2.27759e-10
  0.657119 -7.82081e-11
  0.689984 -2.43334e-11
  0.724628 -6.79309e-12
  0.761147 -1.68386e-12
  0.799642 -3.66469e-13
   0.84022 -6.90781e-14
  0.882994 -1.10356e-14
  0.928082 -1.41445e-15
   0.97561 -1.02067e-16
