     0.004 -1.96025e-05
     0.012 -1.75476e-05
      0.02 -1.60796e-05
     0.028 -1.53676e-05
     0.036 -1.48511e-05
     0.044 -1.43978e-05
     0.052 -1.39623e-05
      0.06 -1.35279e-05
     0.068 -1.30891e-05
     0.076 -1.26449e-05
     0.084 -1.21961e-05
     0.092 -1.17445e-05
       0.1 -1.12916e-05
     0.108 -1.08393e-05
     0.116 -1.0389e-05
     0.124 -9.94226e-06
     0.132 -9.50035e-06
      0.14 -9.06441e-06
     0.148 -8.63545e-06
     0.156 -8.21439e-06
     0.164 -7.802e-06
     0.172 -7.39891e-06
      0.18 -7.00559e-06
     0.188 -6.6223e-06
     0.196 -6.24623e-06
  0.204065 -5.86658e-06
  0.212415 -5.47359e-06
  0.221217 -5.0735e-06
  0.230495 -4.67559e-06
  0.240275 -4.28215e-06
  0.250584 -3.89522e-06
  0.261452 -3.51678e-06
  0.272907 -3.14877e-06
  0.284982 -2.79317e-06
  0.297711 -2.45201e-06
  0.311128 -2.12737e-06
  0.325272 -1.82134e-06
   0.34018 -1.53599e-06
  0.355896 -1.27328e-06
  0.372462 -1.03502e-06
  0.389924 -8.22728e-07
  0.408331 -6.37474e-07
  0.427734 -4.7976e-07
  0.448188 -3.49337e-07
  0.469747 -2.45085e-07
  0.492474 -1.64956e-07
  0.516431 -1.0605e-07
  0.541683 -6.48453e-08
  0.568302 -3.75524e-08
  0.596362 -2.05093e-08
   0.62594 -1.05181e-08
  0.657119 -5.04216e-09
  0.689984 -2.24836e-09
  0.724628 -9.27532e-10
  0.761147 -3.51691e-10
  0.799642 -1.21402e-10
   0.84022 -3.74318e-11
  0.882994 -9.76241e-12
  0.928082 -1.70148e-12
   0.97561 -3.075e-14
