     0.004 0.00415733
     0.012 0.00762793
      0.02  0.0101824
     0.028  0.0123185
     0.036  0.0141355
     0.044  0.0156698
     0.052  0.0169434
      0.06  0.0179745
     0.068  0.0187804
     0.076  0.0193785
     0.084  0.0197855
     0.092  0.0200181
       0.1  0.0200922
     0.108   0.020023
     0.116  0.0198252
     0.124  0.0195124
     0.132  0.0190978
      0.14  0.0185937
     0.148  0.0180117
     0.156  0.0173627
     0.164  0.0166571
     0.172  0.0159045
      0.18  0.0151141
     0.188  0.0142945
     0.196  0.0134539
  0.204065  0.0125944
  0.212415  0.0117033
  0.221217  0.0107728
  0.230495 0.00980989
  0.240275 0.00882358
  0.250584 0.00782536
  0.261452 0.00683041
  0.272907 0.00585933
  0.284982 0.00494141
  0.297711 0.00412007
  0.311128 0.00345984
  0.325272 0.00304442
   0.34018 0.00293828
  0.355896   0.003121
  0.372462 0.00349225
  0.389924 0.00394523
  0.408331 0.00440564
  0.427734 0.00482985
  0.448188 0.00519495
  0.469747 0.00549159
  0.492474 0.00571974
  0.516431 0.00588572
  0.541683 0.00599968
  0.568302  0.0060733
  0.596362 0.00611791
   0.62594 0.00614318
  0.657119 0.00615652
  0.689984 0.00616306
  0.724628 0.00616601
  0.761147 0.00616724
  0.799642 0.00616771
   0.84022 0.00616787
  0.882994 0.00616792
  0.928082 0.00616793
   0.97561 0.00616793
