     0.004  0.0043408
     0.012  0.0121665
      0.02  0.0191177
     0.028  0.0257072
     0.036  0.0320589
     0.044  0.0382134
     0.052  0.0441834
      0.06  0.0499711
     0.068  0.0555753
     0.076  0.0609935
     0.084  0.0662236
     0.092  0.0712639
       0.1  0.0761136
     0.108  0.0807726
     0.116  0.0852414
     0.124  0.0895213
     0.132  0.0936139
      0.14  0.0975216
     0.148   0.101247
     0.156   0.104794
     0.164   0.108164
     0.172   0.111364
      0.18   0.114395
     0.188   0.117263
     0.196   0.119972
  0.204065   0.122544
  0.212415   0.125037
  0.221217    0.12748
  0.230495    0.12986
  0.240275   0.132165
  0.250584   0.134382
  0.261452   0.136501
  0.272907   0.138508
  0.284982   0.140394
  0.297711   0.142149
  0.311128   0.143763
  0.325272   0.145229
   0.34018   0.146542
  0.355896   0.147698
  0.372462   0.148699
  0.389924   0.149547
  0.408331   0.150247
  0.427734   0.150811
  0.448188    0.15125
  0.469747    0.15158
  0.492474   0.151818
  0.516431   0.151983
  0.541683   0.152091
  0.568302   0.152159
  0.596362   0.152199
   0.62594   0.152221
  0.657119   0.152232
  0.689984   0.152237
  0.724628    0.15224
  0.761147   0.152241
  0.799642   0.152241
   0.84022   0.152241
  0.882994   0.152241
  0.928082   0.152241
   0.97561   0.152241
