     0.004 -1.71038e-12
     0.012 2.18743e-12
      0.02 1.04163e-12
     0.028 -7.60157e-13
     0.036 8.84138e-14
     0.044 4.78898e-13
     0.052 1.88244e-13
      0.06 -2.10928e-14
     0.068 -1.18297e-13
     0.076 -1.28502e-13
     0.084 -1.0395e-14
     0.092 2.2577e-13
       0.1 4.17067e-13
     0.108 5.01964e-13
     0.116 5.03804e-13
     0.124 4.65745e-13
     0.132 3.84046e-13
      0.14 3.02871e-13
     0.148 2.36342e-13
     0.156   1.54e-13
     0.164 8.40266e-14
     0.172 4.04343e-14
      0.18 9.43771e-15
     0.188 -2.19529e-14
     0.196 -2.98102e-14
  0.204065 -1.4916e-14
  0.212415 -7.62323e-15
  0.221217 -2.5846e-14
  0.230495 -5.66112e-14
  0.240275 -8.46002e-14
  0.250584 -1.11037e-13
  0.261452 -8.90831e-14
  0.272907 -2.43609e-14
  0.284982 2.70162e-14
  0.297711 3.7143e-14
  0.311128 1.2547e-14
  0.325272 -4.78428e-15
   0.34018 -4.15553e-15
  0.355896 2.80214e-15
  0.372462 9.16804e-15
  0.389924 1.74091e-14
  0.408331 2.90965e-14
  0.427734 3.90804e-14
  0.448188 4.18002e-14
  0.469747 4.5764e-14
  0.492474 5.17599e-14
  0.516431 5.62713e-14
  0.541683 5.89497e-14
  0.568302 5.37092e-14
  0.596362 4.86855e-14
   0.62594 4.60106e-14
  0.657119 4.13457e-14
  0.689984 3.80007e-14
  0.724628 3.49564e-14
  0.761147 3.17528e-14
  0.799642 3.37754e-14
   0.84022 2.98555e-14
  0.882994 1.02215e-14
  0.928082 1.29617e-14
   0.97561 9.63372e-15
