     0.004 3.13798e-07
     0.012 7.88099e-07
      0.02 6.96742e-07
     0.028 5.85175e-07
     0.036 5.1636e-07
     0.044 4.67895e-07
     0.052 4.27598e-07
      0.06 3.90893e-07
     0.068 3.56086e-07
     0.076 3.23197e-07
     0.084 2.92733e-07
     0.092 2.65037e-07
       0.1 2.40186e-07
     0.108 2.18085e-07
     0.116 1.98503e-07
     0.124 1.81191e-07
     0.132 1.65879e-07
      0.14 1.52358e-07
     0.148 1.40439e-07
     0.156 1.29962e-07
     0.164 1.20761e-07
     0.172 1.12668e-07
      0.18 1.05505e-07
     0.188 9.91045e-08
     0.196 9.32875e-08
  0.204065 8.78884e-08
  0.212415 8.26011e-08
  0.221217 7.73019e-08
  0.230495 7.20219e-08
  0.240275 6.69329e-08
  0.250584 6.20552e-08
  0.261452 5.75088e-08
  0.272907 5.32776e-08
  0.284982 4.94217e-08
  0.297711 4.58918e-08
  0.311128 4.26847e-08
  0.325272 3.97356e-08
   0.34018 3.7031e-08
  0.355896 3.4535e-08
  0.372462 3.22382e-08
  0.389924 3.01135e-08
  0.408331 2.81452e-08
  0.427734 2.63044e-08
  0.448188 2.45714e-08
  0.469747 2.29219e-08
  0.492474 2.13427e-08
  0.516431 1.98191e-08
  0.541683 1.83426e-08
  0.568302 1.69054e-08
  0.596362 1.55014e-08
   0.62594 1.41223e-08
  0.657119 1.27578e-08
  0.689984 1.13993e-08
  0.724628 1.00407e-08
  0.761147 8.68425e-09
  0.799642 7.37299e-09
   0.84022 6.17224e-09
  0.882994 4.98596e-09
  0.928082 3.49239e-09
   0.97561 1.33491e-09
