     0.004 5.04044e-07
     0.012 6.84042e-07
      0.02 6.45886e-07
     0.028 5.32407e-07
     0.036 4.03794e-07
     0.044 2.95323e-07
     0.052 2.22435e-07
      0.06 1.81263e-07
     0.068 1.57504e-07
     0.076 1.39932e-07
     0.084 1.24342e-07
     0.092 1.10213e-07
       0.1 9.77695e-08
     0.108 8.70322e-08
     0.116 7.77962e-08
     0.124 6.98147e-08
     0.132 6.28758e-08
      0.14 5.68218e-08
     0.148 5.15239e-08
     0.156 4.68797e-08
     0.164 4.28002e-08
     0.172 3.92139e-08
      0.18 3.60585e-08
     0.188 3.32839e-08
     0.196 3.08444e-08
  0.204065 2.86834e-08
  0.212415 2.67163e-08
  0.221217 2.48988e-08
  0.230495 2.32225e-08
  0.240275 2.16766e-08
  0.250584 2.0247e-08
  0.261452 1.89214e-08
  0.272907 1.76863e-08
  0.284982 1.6531e-08
  0.297711 1.54445e-08
  0.311128 1.44177e-08
  0.325272 1.34428e-08
   0.34018 1.2514e-08
  0.355896 1.1627e-08
  0.372462 1.0779e-08
  0.389924 9.96808e-09
  0.408331 9.19306e-09
  0.427734 8.45363e-09
  0.448188 7.74999e-09
  0.469747 7.08283e-09
  0.492474 6.45318e-09
  0.516431  5.862e-09
  0.541683 5.31044e-09
  0.568302 4.79926e-09
  0.596362 4.32889e-09
   0.62594 3.8995e-09
  0.657119 3.5108e-09
  0.689984 3.16113e-09
  0.724628 2.84703e-09
  0.761147 2.56318e-09
  0.799642 2.30454e-09
   0.84022 2.08463e-09
  0.882994 1.96023e-09
  0.928082 1.98513e-09
   0.97561 2.17617e-09
