     0.004 2.39678e-05
     0.012 9.78958e-05
      0.02 0.000168943
     0.028 0.000222432
     0.036 0.000256189
     0.044 0.000272141
     0.052 0.000273585
      0.06 0.000264056
     0.068 0.000246827
     0.076 0.000224708
     0.084 0.000199986
     0.092 0.000174434
       0.1 0.000149368
     0.108 0.000125705
     0.116 0.000104038
     0.124 8.47002e-05
     0.132 6.78257e-05
      0.14 5.34012e-05
     0.148 4.13102e-05
     0.156 3.13694e-05
     0.164 2.33564e-05
     0.172 1.70315e-05
      0.18 1.21541e-05
     0.188 8.49324e-06
     0.196 5.83534e-06
  0.204065 3.97594e-06
  0.212415 2.73574e-06
  0.221217 2.00667e-06
  0.230495 1.70915e-06
  0.240275 1.7578e-06
  0.250584 2.06608e-06
  0.261452 2.55092e-06
  0.272907 3.13688e-06
  0.284982 3.75959e-06
  0.297711 4.36801e-06
  0.311128 4.92538e-06
  0.325272 5.40885e-06
   0.34018  5.808e-06
  0.355896 6.1225e-06
  0.372462 6.3592e-06
  0.389924 6.52932e-06
  0.408331 6.64603e-06
  0.427734 6.7223e-06
  0.448188 6.76965e-06
  0.469747 6.79755e-06
  0.492474 6.81305e-06
  0.516431 6.8212e-06
  0.541683 6.82515e-06
  0.568302 6.82695e-06
  0.596362 6.8277e-06
   0.62594  6.828e-06
  0.657119 6.8281e-06
  0.689984 6.82815e-06
  0.724628 6.82815e-06
  0.761147 6.82815e-06
  0.799642 6.82815e-06
   0.84022 6.82815e-06
  0.882994 6.82815e-06
  0.928082 6.82815e-06
   0.97561 6.82815e-06
