     0.004 9.10823e-19
     0.012 9.32967e-19
      0.02 9.48732e-19
     0.028 9.42963e-19
     0.036 9.18551e-19
     0.044 8.8917e-19
     0.052 8.62245e-19
      0.06 8.39918e-19
     0.068 8.20382e-19
     0.076 7.99178e-19
     0.084 7.70733e-19
     0.092 7.31827e-19
       0.1 6.81798e-19
     0.108 6.22955e-19
     0.116 5.59248e-19
     0.124  4.953e-19
     0.132 4.34849e-19
      0.14 3.80718e-19
     0.148 3.34474e-19
     0.156 2.96488e-19
     0.164 2.66134e-19
     0.172 2.42265e-19
      0.18 2.23487e-19
     0.188 2.08433e-19
     0.196 1.95881e-19
  0.204065 1.84812e-19
  0.212415 1.74379e-19
  0.221217 1.64244e-19
  0.230495 1.54306e-19
  0.240275 1.44592e-19
  0.250584 1.35289e-19
  0.261452 1.26703e-19
  0.272907 1.19092e-19
  0.284982 1.12644e-19
  0.297711 1.07426e-19
  0.311128 1.03446e-19
  0.325272 1.00638e-19
   0.34018 9.89017e-20
  0.355896 9.81183e-20
  0.372462 9.81727e-20
  0.389924 9.8978e-20
  0.408331 1.00457e-19
  0.427734 1.02554e-19
  0.448188 1.05226e-19
  0.469747 1.08433e-19
  0.492474 1.12151e-19
  0.516431 1.16341e-19
  0.541683 1.20964e-19
  0.568302 1.2599e-19
  0.596362 1.31377e-19
   0.62594 1.37086e-19
  0.657119 1.43066e-19
  0.689984 1.49242e-19
  0.724628 1.55495e-19
  0.761147 1.61659e-19
  0.799642 1.67662e-19
   0.84022 1.73636e-19
  0.882994 1.79796e-19
  0.928082 1.85939e-19
   0.97561 1.90628e-19
