     0.004 0.00692355
     0.012  0.0139926
      0.02  0.0183817
     0.028  0.0210918
     0.036  0.0226357
     0.044  0.0233298
     0.052  0.0233917
      0.06  0.0229807
     0.068  0.0222183
     0.076  0.0211995
     0.084  0.0199993
     0.092   0.018678
       0.1   0.017284
     0.108  0.0158559
     0.116  0.0144248
     0.124  0.0130154
     0.132  0.0116469
      0.14  0.0103345
     0.148 0.00908958
     0.156 0.00792078
     0.164 0.00683467
     0.172 0.00583636
      0.18 0.00493034
     0.188 0.00412146
     0.196 0.00341624
  0.204065 0.00281991
  0.212415 0.00233912
  0.221217 0.00200333
  0.230495 0.00184886
  0.240275 0.00187499
  0.250584 0.00203277
  0.261452 0.00225872
  0.272907 0.00250475
  0.284982 0.00274211
  0.297711 0.00295568
  0.311128 0.00313859
  0.325272 0.00328903
   0.34018 0.00340823
  0.355896 0.00349929
  0.372462 0.00356629
  0.389924 0.00361368
  0.408331 0.00364583
  0.427734 0.00366669
  0.448188 0.00367958
  0.469747 0.00368715
  0.492474 0.00369135
  0.516431 0.00369356
  0.541683 0.00369463
  0.568302 0.00369512
  0.596362 0.00369532
   0.62594  0.0036954
  0.657119 0.00369543
  0.689984 0.00369544
  0.724628 0.00369544
  0.761147 0.00369544
  0.799642 0.00369544
   0.84022 0.00369544
  0.882994 0.00369544
  0.928082 0.00369544
   0.97561 0.00369544
