     0.004   0.006967
     0.012  0.0198972
      0.02  0.0318299
     0.028  0.0428168
     0.036  0.0529109
     0.044  0.0621645
     0.052  0.0706289
      0.06  0.0783539
     0.068   0.085388
     0.076   0.091778
     0.084  0.0975694
     0.092   0.102806
       0.1   0.107528
     0.108   0.111778
     0.116   0.115592
     0.124   0.119006
     0.132   0.122055
      0.14   0.124771
     0.148   0.127183
     0.156   0.129321
     0.164    0.13121
     0.172   0.132875
      0.18   0.134338
     0.188    0.13562
     0.196   0.136742
  0.204065   0.137727
  0.212415   0.138611
  0.221217   0.139411
  0.230495   0.140126
  0.240275   0.140757
  0.250584   0.141306
  0.261452   0.141776
  0.272907   0.142172
  0.284982   0.142499
  0.297711   0.142765
  0.311128   0.142975
  0.325272   0.143138
   0.34018   0.143262
  0.355896   0.143352
  0.372462   0.143416
  0.389924    0.14346
  0.408331   0.143489
  0.427734   0.143507
  0.448188   0.143518
  0.469747   0.143525
  0.492474   0.143528
  0.516431    0.14353
  0.541683   0.143531
  0.568302   0.143531
  0.596362   0.143532
   0.62594   0.143532
  0.657119   0.143532
  0.689984   0.143532
  0.724628   0.143532
  0.761147   0.143532
  0.799642   0.143532
   0.84022   0.143532
  0.882994   0.143532
  0.928082   0.143532
   0.97561   0.143532
