     0.004 -3.08533e-15
     0.012 -1.66062e-14
      0.02 9.30754e-15
     0.028 5.04976e-14
     0.036 1.93951e-14
     0.044 -5.50904e-14
     0.052 -8.11673e-14
      0.06 -2.34372e-14
     0.068 6.37984e-14
     0.076 8.42908e-14
     0.084 5.46457e-14
     0.092 2.89965e-14
       0.1 8.68582e-15
     0.108 -6.20137e-15
     0.116 -5.30499e-15
     0.124 2.84184e-16
     0.132 -2.38425e-15
      0.14 -4.30209e-15
     0.148 -7.07693e-15
     0.156 -1.01173e-14
     0.164 -9.77029e-15
     0.172 -7.00232e-15
      0.18 -3.27192e-15
     0.188 -7.8945e-16
     0.196 -1.51248e-15
  0.204065 -8.10051e-16
  0.212415 1.73151e-15
  0.221217 1.13412e-15
  0.230495 -1.06827e-15
  0.240275 -1.94121e-15
  0.250584 -2.88347e-15
  0.261452 -4.2556e-15
  0.272907 -5.79596e-15
  0.284982 -6.14667e-15
  0.297711 -5.02132e-15
  0.311128 -3.80707e-15
  0.325272 -2.69157e-15
   0.34018 -8.42104e-16
  0.355896 1.20235e-15
  0.372462 2.28159e-15
  0.389924 3.08854e-15
  0.408331 3.63378e-15
  0.427734 3.21049e-15
  0.448188 2.6403e-15
  0.469747 1.54667e-15
  0.492474 1.03905e-15
  0.516431 2.91087e-16
  0.541683 -1.09772e-16
  0.568302 -4.6478e-16
  0.596362 -4.78662e-16
   0.62594 -1.23889e-15
  0.657119 -1.51036e-15
  0.689984 -6.06418e-16
  0.724628 -4.96698e-16
  0.761147 -4.09313e-16
  0.799642 1.48153e-16
   0.84022 8.97603e-16
  0.882994 -1.16825e-15
  0.928082 1.09312e-15
   0.97561 2.18758e-15
