     0.004 1.10722e-09
     0.012 4.63587e-09
      0.02 1.00249e-08
     0.028 1.50783e-08
     0.036 1.77858e-08
     0.044 1.83161e-08
     0.052 1.73917e-08
      0.06 1.60192e-08
     0.068 1.50637e-08
     0.076 1.53233e-08
     0.084 1.67085e-08
     0.092 1.86042e-08
       0.1 2.03881e-08
     0.108 2.17115e-08
     0.116 2.24158e-08
     0.124 2.25373e-08
     0.132 2.20871e-08
      0.14 2.12549e-08
     0.148 2.00833e-08
     0.156 1.87637e-08
     0.164 1.72918e-08
     0.172 1.58422e-08
      0.18 1.43944e-08
     0.188 1.30695e-08
     0.196 1.18193e-08
  0.204065 1.07653e-08
  0.212415 9.83116e-09
  0.221217 9.01047e-09
  0.230495 8.25108e-09
  0.240275 7.61551e-09
  0.250584 7.04502e-09
  0.261452 6.56869e-09
  0.272907 6.12799e-09
  0.284982 5.74121e-09
  0.297711 5.36433e-09
  0.311128 5.01688e-09
  0.325272 4.66765e-09
   0.34018 4.33847e-09
  0.355896 4.01335e-09
  0.372462 3.7133e-09
  0.389924 3.4324e-09
  0.408331 3.18233e-09
  0.427734 2.95951e-09
  0.448188 2.76483e-09
  0.469747 2.59244e-09
  0.492474 2.43874e-09
  0.516431 2.29882e-09
  0.541683 2.16899e-09
  0.568302 2.04654e-09
  0.596362 1.9288e-09
   0.62594 1.81195e-09
  0.657119 1.69183e-09
  0.689984 1.56596e-09
  0.724628 1.44422e-09
  0.761147 1.3532e-09
  0.799642 1.32565e-09
   0.84022 1.34186e-09
  0.882994 1.27957e-09
  0.928082 9.82558e-10
   0.97561 3.78668e-10
