     0.004 3.50599e-11
     0.012 6.98468e-11
      0.02 8.03163e-11
     0.028 8.20516e-11
     0.036 8.32078e-11
     0.044 8.54523e-11
     0.052 8.85906e-11
      0.06 9.21914e-11
     0.068 9.59523e-11
     0.076 9.96734e-11
     0.084 1.03217e-10
     0.092 1.06442e-10
       0.1 1.09292e-10
     0.108 1.11669e-10
     0.116 1.1355e-10
     0.124 1.14901e-10
     0.132 1.15807e-10
      0.14 1.15736e-10
     0.148 1.15157e-10
     0.156 1.13938e-10
     0.164 1.12019e-10
     0.172 1.0937e-10
      0.18 1.05944e-10
     0.188 1.01686e-10
     0.196 9.65295e-11
  0.204065 9.04021e-11
  0.212415 8.32686e-11
  0.221217 7.53017e-11
  0.230495 6.68886e-11
  0.240275 5.83843e-11
  0.250584 5.02474e-11
  0.261452 4.29433e-11
  0.272907 3.71279e-11
  0.284982 3.33681e-11
  0.297711 3.20801e-11
  0.311128 3.29476e-11
  0.325272 3.52951e-11
   0.34018 3.82466e-11
  0.355896 4.12432e-11
  0.372462 4.38388e-11
  0.389924 4.58666e-11
  0.408331 4.71821e-11
  0.427734 4.78099e-11
  0.448188 4.77451e-11
  0.469747 4.70948e-11
  0.492474 4.59261e-11
  0.516431 4.43645e-11
  0.541683   4.25e-11
  0.568302 4.04457e-11
  0.596362 3.82916e-11
   0.62594 3.61209e-11
  0.657119 3.40007e-11
  0.689984  3.199e-11
  0.724628 3.01406e-11
  0.761147 2.84742e-11
  0.799642 2.70421e-11
   0.84022 2.58407e-11
  0.882994 2.48989e-11
  0.928082 2.42565e-11
   0.97561 2.38575e-11
