0.00181818 1.94871e-05
0.00545455 8.87213e-05
0.00909091 0.000158673
 0.0127273 0.00021275
 0.0163636 0.000248037
      0.02 0.000266065
 0.0236364 0.000269823
 0.0272727 0.000262606
 0.0309091 0.000247512
 0.0345455 0.000227235
 0.0381818 0.000203999
 0.0418182 0.000179556
 0.0454545 0.000155232
 0.0490909 0.000131974
 0.0527273 0.000110422
 0.0563636 9.09576e-05
      0.06 7.37684e-05
 0.0636364 5.88915e-05
 0.0672727 4.62565e-05
 0.0709091 3.57198e-05
 0.0745455 2.70924e-05
 0.0781818 2.01609e-05
 0.0818182 1.47045e-05
 0.0854545 1.05065e-05
 0.0890909 7.36214e-06
 0.0927273 5.08438e-06
 0.0963636 3.50621e-06
       0.1 2.48197e-06
  0.103636 1.88709e-06
  0.107273 1.61703e-06
  0.110909 1.58565e-06
  0.114545 1.72324e-06
  0.118182 1.97446e-06
  0.121818 2.29624e-06
  0.125455 2.65582e-06
  0.129091 3.02895e-06
  0.132727 3.39822e-06
  0.136364 3.75171e-06
      0.14 4.08174e-06
  0.143636 4.38387e-06
  0.147273 4.65606e-06
  0.150909 4.89802e-06
  0.154545 5.11065e-06
  0.158182 5.29565e-06
  0.161818 5.4552e-06
  0.165455 5.59169e-06
  0.169091 5.70762e-06
  0.172727 5.80542e-06
  0.176364 5.8874e-06
      0.18 5.95569e-06
  0.183636 6.01223e-06
  0.187273 6.05871e-06
  0.190909 6.09666e-06
  0.194545 6.1274e-06
  0.198182 6.15209e-06
  0.202594 6.17606e-06
  0.207869 6.19705e-06
  0.213323 6.21275e-06
   0.21896 6.22434e-06
  0.224788 6.23277e-06
  0.230812 6.23881e-06
   0.23704 6.2431e-06
  0.243477 6.24612e-06
  0.250132 6.24824e-06
  0.257011 6.24974e-06
  0.264122 6.2508e-06
  0.271474 6.25159e-06
  0.279073 6.25217e-06
  0.286929 6.25261e-06
  0.295049 6.25295e-06
  0.303444 6.25322e-06
  0.312122 6.25343e-06
  0.321093 6.25359e-06
  0.330366 6.25372e-06
  0.339952 6.25381e-06
  0.349862 6.25388e-06
  0.360105 6.25393e-06
  0.370695 6.25397e-06
  0.381642 6.25399e-06
  0.392958 6.25402e-06
  0.404655 6.25403e-06
  0.416748 6.25403e-06
  0.429248 6.25404e-06
  0.442171 6.25405e-06
  0.455529 6.25405e-06
  0.469338 6.25406e-06
  0.483612 6.25406e-06
  0.498368 6.25406e-06
  0.513623 6.25407e-06
  0.529391 6.25407e-06
  0.545692 6.25407e-06
  0.562543 6.25407e-06
  0.579962 6.25407e-06
  0.597969 6.25407e-06
  0.616583 6.25407e-06
  0.635825 6.25407e-06
  0.655717 6.25404e-06
   0.67628 6.25395e-06
  0.697536 6.25359e-06
  0.719509 6.25218e-06
  0.742224 6.24667e-06
  0.765705 6.22566e-06
  0.789979 6.14878e-06
  0.815071 5.88336e-06
   0.84101 5.05929e-06
  0.867824 3.05193e-06
  0.895542 1.3921e-06
  0.924196 1.91976e-05
  0.953816 0.00012942
  0.984436 0.000305605
