0.00181818 8.59913e-17
0.00545455 8.59345e-17
0.00909091 8.59027e-17
 0.0127273 8.58452e-17
 0.0163636 8.57091e-17
      0.02 8.54452e-17
 0.0236364 8.5009e-17
 0.0272727 8.43737e-17
 0.0309091 8.3533e-17
 0.0345455 8.25037e-17
 0.0381818  8.132e-17
 0.0418182 8.00252e-17
 0.0454545 7.86627e-17
 0.0490909 7.72712e-17
 0.0527273 7.58831e-17
 0.0563636 7.45232e-17
      0.06 7.32101e-17
 0.0636364 7.19563e-17
 0.0672727 7.07702e-17
 0.0709091 6.96567e-17
 0.0745455 6.86174e-17
 0.0781818 6.76522e-17
 0.0818182 6.67588e-17
 0.0854545 6.59343e-17
 0.0890909 6.51747e-17
 0.0927273 6.44753e-17
 0.0963636 6.38315e-17
       0.1 6.32385e-17
  0.103636 6.26917e-17
  0.107273 6.21864e-17
  0.110909 6.17186e-17
  0.114545 6.12844e-17
  0.118182 6.08801e-17
  0.121818 6.05026e-17
  0.125455 6.0149e-17
  0.129091 5.98166e-17
  0.132727 5.95033e-17
  0.136364 5.9207e-17
      0.14 5.89259e-17
  0.143636 5.86584e-17
  0.147273 5.84032e-17
  0.150909 5.8159e-17
  0.154545 5.79249e-17
  0.158182 5.76997e-17
  0.161818 5.74829e-17
  0.165455 5.72736e-17
  0.169091 5.70713e-17
  0.172727 5.68754e-17
  0.176364 5.66857e-17
      0.18 5.65017e-17
  0.183636 5.63231e-17
  0.187273  5.615e-17
  0.190909 5.59822e-17
  0.194545 5.58197e-17
  0.198182 5.56614e-17
  0.202594 5.54738e-17
  0.207869 5.52592e-17
  0.213323 5.50465e-17
   0.21896 5.48363e-17
  0.224788 5.46289e-17
  0.230812 5.44243e-17
   0.23704 5.42226e-17
  0.243477 5.40237e-17
  0.250132 5.38277e-17
  0.257011 5.36346e-17
  0.264122 5.34444e-17
  0.271474 5.32572e-17
  0.279073 5.30729e-17
  0.286929 5.28917e-17
  0.295049 5.27136e-17
  0.303444 5.25388e-17
  0.312122 5.23673e-17
  0.321093 5.21994e-17
  0.330366 5.20352e-17
  0.339952 5.18747e-17
  0.349862 5.17182e-17
  0.360105 5.15657e-17
  0.370695 5.14173e-17
  0.381642 5.12733e-17
  0.392958 5.11337e-17
  0.404655 5.09987e-17
  0.416748 5.08684e-17
  0.429248 5.07429e-17
  0.442171 5.06225e-17
  0.455529 5.05074e-17
  0.469338 5.03978e-17
  0.483612 5.02938e-17
  0.498368 5.01955e-17
  0.513623 5.0103e-17
  0.529391 5.0016e-17
  0.545692 4.99343e-17
  0.562543 4.98571e-17
  0.579962 4.97834e-17
  0.597969 4.9712e-17
  0.616583 4.96423e-17
  0.635825 4.95729e-17
  0.655717 4.95055e-17
   0.67628 4.94428e-17
  0.697536 4.93894e-17
  0.719509 4.93539e-17
  0.742224 4.93458e-17
  0.765705 4.93713e-17
  0.789979 4.94628e-17
  0.815071 4.96324e-17
   0.84101 4.9908e-17
  0.867824 5.05249e-17
  0.895542 5.13484e-17
  0.924196 5.25543e-17
  0.953816 5.63023e-17
  0.984436 5.58704e-17
