0.00181818 -2.24647e-23
0.00545455 -3.73351e-23
0.00909091 -6.01579e-23
 0.0127273 -7.01864e-23
 0.0163636 -8.92023e-23
      0.02 -1.39883e-22
 0.0236364 -2.72329e-22
 0.0272727 -5.74534e-22
 0.0309091 -1.0151e-21
 0.0345455 -1.51519e-21
 0.0381818 -2.15999e-21
 0.0418182 -3.20009e-21
 0.0454545 -5.01348e-21
 0.0490909 -7.91031e-21
 0.0527273 -1.23659e-20
 0.0563636 -1.79035e-20
      0.06 -1.62573e-20
 0.0636364 -8.44284e-21
 0.0672727 -5.12387e-21
 0.0709091 -3.95943e-21
 0.0745455 -3.22047e-21
 0.0781818 -2.54077e-21
 0.0818182 -2.00227e-21
 0.0854545 -1.62909e-21
 0.0890909 -1.33658e-21
 0.0927273 -1.10005e-21
 0.0963636 -9.14022e-22
       0.1 -7.65617e-22
  0.103636 -6.44117e-22
  0.107273 -5.4711e-22
  0.110909 -4.64761e-22
  0.114545 -3.90464e-22
  0.118182 -3.28388e-22
  0.121818 -2.7652e-22
  0.125455 -2.32548e-22
  0.129091 -1.95257e-22
  0.132727 -1.63195e-22
  0.136364 -1.3589e-22
      0.14 -1.12343e-22
  0.143636 -9.1505e-23
  0.147273 -7.28555e-23
  0.150909 -5.65493e-23
  0.154545 -4.23744e-23
  0.158182 -3.04097e-23
  0.161818 -2.03751e-23
  0.165455 -1.21591e-23
  0.169091 -6.12935e-24
  0.172727 -2.68425e-24
  0.176364 -1.09462e-24
      0.18 -4.32101e-25
  0.183636 -1.66557e-25
  0.187273 -6.3174e-26
  0.190909 -2.36485e-26
  0.194545 -9.60151e-27
  0.198182 -5.78238e-27
  0.202594 -3.16308e-27
  0.207869 -5.88517e-28
  0.213323 -1.41517e-28
   0.21896 -3.40568e-29
  0.224788 -8.21264e-30
  0.230812 -1.89026e-30
   0.23704 -4.19132e-31
  0.243477 -8.97962e-32
  0.250132 -1.89857e-32
  0.257011 -3.98911e-33
  0.264122 -8.55168e-34
  0.271474 -1.92034e-34
  0.279073 -4.67165e-35
  0.286929 -1.23222e-35
  0.295049 -3.45897e-36
  0.303444 -9.92797e-37
  0.312122 -2.79998e-37
  0.321093 -7.41145e-38
  0.330366 -1.72373e-38
  0.339952 -2.58847e-39
  0.349862 9.85779e-40
  0.360105 1.94197e-39
  0.370695 2.29618e-39
  0.381642 2.44987e-39
  0.392958 2.47612e-39
  0.404655 2.40443e-39
  0.416748 2.26408e-39
  0.429248 2.08396e-39
  0.442171 1.88818e-39
  0.455529 1.69474e-39
  0.469338 1.51422e-39
  0.483612 1.35293e-39
  0.498368 1.21178e-39
  0.513623 1.09162e-39
  0.529391 9.90525e-40
  0.545692 9.08187e-40
  0.562543 8.42299e-40
  0.579962 7.93009e-40
  0.597969 7.60797e-40
  0.616583 7.48653e-40
  0.635825 7.68761e-40
  0.655717 1.43103e-39
   0.67628 9.47386e-38
  0.697536 1.62184e-35
  0.719509 2.75858e-33
  0.742224 4.41615e-31
  0.765705 6.73471e-29
  0.789979 1.0287e-26
  0.815071 1.50493e-24
   0.84101 5.46296e-23
  0.867824 4.41473e-22
  0.895542 1.34525e-21
  0.924196 2.11039e-20
  0.953816 5.55101e-21
  0.984436 6.07826e-22
