0.00181818 -6.76007e-05
0.00545455 -6.30629e-05
0.00909091 -5.83405e-05
 0.0127273 -5.37897e-05
 0.0163636 -4.94772e-05
      0.02 -4.54121e-05
 0.0236364 -4.15915e-05
 0.0272727 -3.80098e-05
 0.0309091 -3.46601e-05
 0.0345455 -3.15352e-05
 0.0381818 -2.86272e-05
 0.0418182 -2.59279e-05
 0.0454545 -2.34286e-05
 0.0490909 -2.11205e-05
 0.0527273 -1.89945e-05
 0.0563636 -1.70415e-05
      0.06 -1.52522e-05
 0.0636364 -1.36171e-05
 0.0672727 -1.21272e-05
 0.0709091 -1.07733e-05
 0.0745455 -9.54629e-06
 0.0781818 -8.43745e-06
 0.0818182 -7.43821e-06
 0.0854545 -6.54029e-06
 0.0890909 -5.73571e-06
 0.0927273 -5.01684e-06
 0.0963636 -4.37642e-06
       0.1 -3.80754e-06
  0.103636 -3.30368e-06
  0.107273 -2.85873e-06
  0.110909 -2.46697e-06
  0.114545 -2.12306e-06
  0.118182 -1.82206e-06
  0.121818 -1.55941e-06
  0.125455 -1.33092e-06
  0.129091 -1.13274e-06
  0.132727 -9.61376e-07
  0.136364 -8.13656e-07
      0.14 -6.8671e-07
  0.143636 -5.77952e-07
  0.147273 -4.85068e-07
  0.150909 -4.05989e-07
  0.154545 -3.38875e-07
  0.158182 -2.82098e-07
  0.161818 -2.34219e-07
  0.165455 -1.93976e-07
  0.169091 -1.60261e-07
  0.172727 -1.3211e-07
  0.176364 -1.08686e-07
      0.18 -8.92619e-08
  0.183636 -7.32131e-08
  0.187273 -6.00022e-08
  0.190909 -4.91652e-08
  0.194545 -4.02819e-08
  0.198182 -3.29839e-08
  0.202594 -2.59523e-08
  0.207869 -1.93217e-08
  0.213323 -1.42254e-08
   0.21896 -1.0375e-08
  0.224788 -7.51351e-09
  0.230812 -5.41388e-09
   0.23704 -3.89052e-09
  0.243477 -2.79549e-09
  0.250132 -2.01329e-09
  0.257011 -1.45588e-09
  0.264122 -1.0578e-09
  0.271474 -7.71557e-10
  0.279073 -5.63524e-10
  0.286929 -4.10389e-10
  0.295049 -2.96269e-10
  0.303444 -2.10434e-10
  0.312122 -1.45603e-10
  0.321093 -9.67367e-11
  0.330366 -6.02136e-11
  0.339952 -3.33145e-11
  0.349862 -1.39105e-11
  0.360105 -2.88831e-13
  0.370695 8.94116e-12
  0.381642 1.49016e-11
  0.392958 1.84818e-11
  0.404655 2.03704e-11
  0.416748 2.10865e-11
  0.429248 2.10114e-11
  0.442171 2.04192e-11
  0.455529 1.95029e-11
  0.469338 1.83967e-11
  0.483612 1.71927e-11
  0.498368 1.5954e-11
  0.513623 1.47229e-11
  0.529391 1.35278e-11
  0.545692 1.23877e-11
  0.562543 1.13183e-11
  0.579962 1.03448e-11
  0.597969 9.54677e-12
  0.616583 9.23438e-12
  0.635825 1.06454e-11
  0.655717 1.87001e-11
   0.67628 5.27606e-11
  0.697536 1.8793e-10
  0.719509 7.09944e-10
  0.742224 2.67876e-09
  0.765705 9.90076e-09
  0.789979 3.54952e-08
  0.815071 1.22408e-07
   0.84101 4.02434e-07
  0.867824 1.24855e-06
  0.895542 3.61331e-06
  0.924196 9.62893e-06
  0.953816 2.33063e-05
  0.984436 5.04867e-05
