0.00181818 0.00624294
0.00545455  0.0133208
0.00909091  0.0178142
 0.0127273  0.0206276
 0.0163636  0.0222727
      0.02  0.0230679
 0.0236364  0.0232303
 0.0272727  0.0229175
 0.0309091  0.0222491
 0.0345455  0.0213183
 0.0381818   0.020199
 0.0418182  0.0189503
 0.0454545    0.01762
 0.0490909  0.0162465
 0.0527273  0.0148608
 0.0563636  0.0134876
      0.06  0.0121465
 0.0636364  0.0108528
 0.0672727 0.00961837
 0.0709091  0.0084522
 0.0745455 0.00736103
 0.0781818 0.00634994
 0.0818182 0.00542301
 0.0854545 0.00458398
 0.0890909 0.00383722
 0.0927273 0.00318885
 0.0963636  0.0026481
       0.1 0.00222799
  0.103636 0.00194272
  0.107273 0.00179835
  0.110909 0.00178081
  0.114545 0.00185647
  0.118182 0.00198719
  0.121818 0.00214301
  0.125455  0.0023047
  0.129091 0.00246128
  0.132727   0.002607
  0.136364 0.00273924
      0.14 0.00285718
  0.143636 0.00296104
  0.147273 0.00305158
  0.150909 0.00312986
  0.154545 0.00319708
  0.158182 0.00325443
  0.161818 0.00330309
  0.165455 0.00334416
  0.169091 0.00337865
  0.172727 0.00340747
  0.176364 0.00343144
      0.18 0.00345129
  0.183636 0.00346763
  0.187273 0.00348101
  0.190909 0.00349189
  0.194545 0.00350068
  0.198182 0.00350773
  0.202594 0.00351456
  0.207869 0.00352053
  0.213323 0.00352498
   0.21896 0.00352827
  0.224788 0.00353066
  0.230812 0.00353237
   0.23704 0.00353358
  0.243477 0.00353444
  0.250132 0.00353504
  0.257011 0.00353546
  0.264122 0.00353576
  0.271474 0.00353598
  0.279073 0.00353615
  0.286929 0.00353627
  0.295049 0.00353637
  0.303444 0.00353644
  0.312122  0.0035365
  0.321093 0.00353655
  0.330366 0.00353658
  0.339952 0.00353661
  0.349862 0.00353663
  0.360105 0.00353665
  0.370695 0.00353666
  0.381642 0.00353666
  0.392958 0.00353667
  0.404655 0.00353667
  0.416748 0.00353667
  0.429248 0.00353668
  0.442171 0.00353668
  0.455529 0.00353668
  0.469338 0.00353668
  0.483612 0.00353668
  0.498368 0.00353668
  0.513623 0.00353668
  0.529391 0.00353668
  0.545692 0.00353668
  0.562543 0.00353668
  0.579962 0.00353668
  0.597969 0.00353669
  0.616583 0.00353669
  0.635825 0.00353668
  0.655717 0.00353668
   0.67628 0.00353665
  0.697536 0.00353655
  0.719509 0.00353615
  0.742224 0.00353459
  0.765705 0.00352864
  0.789979 0.00350679
  0.815071 0.00343027
   0.84101 0.00318097
  0.867824  0.0024706
  0.895542 0.00166859
  0.924196 0.00619639
  0.953816  0.0160885
  0.984436  0.0247227
