0.00181818 0.00667452
0.00545455  0.0192014
0.00909091  0.0308134
 0.0127273  0.0415326
 0.0163636  0.0514028
      0.02  0.0604713
 0.0236364  0.0687854
 0.0272727  0.0763915
 0.0309091  0.0833346
 0.0345455  0.0896585
 0.0381818  0.0954055
 0.0418182   0.100616
 0.0454545    0.10533
 0.0490909   0.109584
 0.0527273   0.113414
 0.0563636   0.116855
      0.06   0.119937
 0.0636364   0.122693
 0.0672727    0.12515
 0.0709091   0.127335
 0.0745455   0.129274
 0.0781818   0.130989
 0.0818182   0.132503
 0.0854545   0.133836
 0.0890909   0.135007
 0.0927273   0.136032
 0.0963636   0.136927
       0.1   0.137707
  0.103636   0.138384
  0.107273   0.138971
  0.110909   0.139479
  0.114545   0.139916
  0.118182   0.140291
  0.121818   0.140613
  0.125455   0.140888
  0.129091   0.141123
  0.132727   0.141322
  0.136364   0.141491
      0.14   0.141633
  0.143636   0.141754
  0.147273   0.141855
  0.150909   0.141939
  0.154545    0.14201
  0.158182   0.142069
  0.161818   0.142118
  0.165455   0.142159
  0.169091   0.142192
  0.172727    0.14222
  0.176364   0.142243
      0.18   0.142262
  0.183636   0.142277
  0.187273    0.14229
  0.190909     0.1423
  0.194545   0.142308
  0.198182   0.142315
  0.202594   0.142322
  0.207869   0.142328
  0.213323   0.142333
   0.21896   0.142337
  0.224788   0.142339
  0.230812   0.142341
   0.23704   0.142343
  0.243477   0.142344
  0.250132   0.142345
  0.257011   0.142345
  0.264122   0.142346
  0.271474   0.142346
  0.279073   0.142346
  0.286929   0.142347
  0.295049   0.142347
  0.303444   0.142347
  0.312122   0.142347
  0.321093   0.142347
  0.330366   0.142347
  0.339952   0.142347
  0.349862   0.142347
  0.360105   0.142347
  0.370695   0.142347
  0.381642   0.142347
  0.392958   0.142347
  0.404655   0.142347
  0.416748   0.142347
  0.429248   0.142347
  0.442171   0.142347
  0.455529   0.142347
  0.469338   0.142347
  0.483612   0.142347
  0.498368   0.142347
  0.513623   0.142347
  0.529391   0.142347
  0.545692   0.142347
  0.562543   0.142347
  0.579962   0.142347
  0.597969   0.142347
  0.616583   0.142347
  0.635825   0.142347
  0.655717   0.142347
   0.67628   0.142347
  0.697536   0.142347
  0.719509   0.142346
  0.742224   0.142345
  0.765705    0.14234
  0.789979    0.14232
  0.815071   0.142247
   0.84101   0.141988
  0.867824    0.14112
  0.895542   0.138374
  0.924196   0.130314
  0.953816   0.108624
  0.984436  0.0559263
