0.00181818 1.0117e-09
0.00545455 4.11279e-09
0.00909091 8.99692e-09
 0.0127273 1.53903e-08
 0.0163636 2.33722e-08
      0.02 3.28006e-08
 0.0236364 4.3239e-08
 0.0272727 5.40174e-08
 0.0309091 6.43495e-08
 0.0345455 7.35341e-08
 0.0381818 8.10973e-08
 0.0418182 8.68407e-08
 0.0454545 9.07859e-08
 0.0490909 9.31175e-08
 0.0527273 9.40732e-08
 0.0563636 9.39267e-08
      0.06 9.29063e-08
 0.0636364 9.12446e-08
 0.0672727 8.91034e-08
 0.0709091 8.66464e-08
 0.0745455 8.39704e-08
 0.0781818 8.11894e-08
 0.0818182 7.83598e-08
 0.0854545 7.55557e-08
 0.0890909 7.28045e-08
 0.0927273 7.01555e-08
 0.0963636 6.76203e-08
       0.1 6.52271e-08
  0.103636 6.29755e-08
  0.107273 6.08809e-08
  0.110909 5.8938e-08
  0.114545 5.71517e-08
  0.118182 5.55132e-08
  0.121818 5.40223e-08
  0.125455 5.26701e-08
  0.129091 5.14531e-08
  0.132727 5.03627e-08
  0.136364 4.93944e-08
      0.14 4.85411e-08
  0.143636 4.77979e-08
  0.147273 4.71582e-08
  0.150909 4.66175e-08
  0.154545  4.617e-08
  0.158182 4.5811e-08
  0.161818 4.55343e-08
  0.165455 4.5335e-08
  0.169091 4.52068e-08
  0.172727 4.51438e-08
  0.176364 4.51387e-08
      0.18 4.51852e-08
  0.183636 4.52753e-08
  0.187273 4.54023e-08
  0.190909 4.55582e-08
  0.194545 4.57326e-08
  0.198182 4.58882e-08
  0.202594 4.6001e-08
  0.207869 4.58988e-08
  0.213323 4.56879e-08
   0.21896 4.53882e-08
  0.224788 4.49981e-08
  0.230812 4.45177e-08
   0.23704 4.39555e-08
  0.243477 4.33209e-08
  0.250132 4.26235e-08
  0.257011 4.18721e-08
  0.264122 4.10751e-08
  0.271474 4.02396e-08
  0.279073 3.93723e-08
  0.286929 3.84793e-08
  0.295049 3.75659e-08
  0.303444 3.66369e-08
  0.312122 3.56964e-08
  0.321093 3.47487e-08
  0.330366 3.37966e-08
  0.339952 3.28438e-08
  0.349862 3.18922e-08
  0.360105 3.09447e-08
  0.370695 3.00027e-08
  0.381642 2.90682e-08
  0.392958 2.8142e-08
  0.404655 2.72254e-08
  0.416748 2.63181e-08
  0.429248 2.54204e-08
  0.442171 2.45316e-08
  0.455529 2.36509e-08
  0.469338 2.27773e-08
  0.483612 2.19108e-08
  0.498368 2.10532e-08
  0.513623 2.02087e-08
  0.529391 1.93854e-08
  0.545692 1.8595e-08
  0.562543 1.78507e-08
  0.579962 1.71691e-08
  0.597969 1.6567e-08
  0.616583 1.60432e-08
  0.635825 1.56079e-08
  0.655717 1.52797e-08
   0.67628 1.50188e-08
  0.697536 1.48851e-08
  0.719509 1.49914e-08
  0.742224 1.52054e-08
  0.765705 1.59337e-08
  0.789979 1.74048e-08
  0.815071 1.87379e-08
   0.84101 2.25733e-08
  0.867824 2.73711e-08
  0.895542 3.08166e-08
  0.924196 4.98523e-08
  0.953816 5.05137e-08
  0.984436 3.2777e-08
