0.00181818 1.47853e-10
0.00545455 3.41976e-10
0.00909091 4.51891e-10
 0.0127273 5.0384e-10
 0.0163636 5.21654e-10
      0.02 5.22671e-10
 0.0236364 5.17775e-10
 0.0272727 5.12634e-10
 0.0309091 5.09562e-10
 0.0345455 5.09045e-10
 0.0381818 5.10872e-10
 0.0418182 5.14561e-10
 0.0454545 5.19673e-10
 0.0490909 5.25793e-10
 0.0527273 5.32615e-10
 0.0563636 5.39879e-10
      0.06 5.47412e-10
 0.0636364 5.55064e-10
 0.0672727 5.62737e-10
 0.0709091 5.70338e-10
 0.0745455 5.77803e-10
 0.0781818 5.85068e-10
 0.0818182 5.92083e-10
 0.0854545  5.988e-10
 0.0890909 6.05178e-10
 0.0927273 6.1118e-10
 0.0963636 6.16774e-10
       0.1 6.21929e-10
  0.103636 6.26618e-10
  0.107273 6.30813e-10
  0.110909 6.34492e-10
  0.114545 6.37627e-10
  0.118182 6.40194e-10
  0.121818 6.4216e-10
  0.125455 6.43494e-10
  0.129091 6.44157e-10
  0.132727 6.44104e-10
  0.136364 6.4328e-10
      0.14 6.41628e-10
  0.143636 6.39071e-10
  0.147273 6.3553e-10
  0.150909 6.30908e-10
  0.154545 6.25101e-10
  0.158182 6.17987e-10
  0.161818 6.09435e-10
  0.165455 5.99298e-10
  0.169091 5.87421e-10
  0.172727 5.73634e-10
  0.176364 5.57763e-10
      0.18 5.39629e-10
  0.183636 5.19061e-10
  0.187273 4.95904e-10
  0.190909 4.70051e-10
  0.194545 4.41533e-10
  0.198182 4.10479e-10
  0.202594 3.71309e-10
  0.207869 3.27407e-10
  0.213323 2.85276e-10
   0.21896 2.45838e-10
  0.224788 2.10124e-10
  0.230812 1.79433e-10
   0.23704 1.55231e-10
  0.243477 1.39026e-10
  0.250132 1.31576e-10
  0.257011 1.32255e-10
  0.264122 1.38986e-10
  0.271474 1.49363e-10
  0.279073 1.61341e-10
  0.286929 1.73594e-10
  0.295049 1.85255e-10
  0.303444 1.95885e-10
  0.312122 2.05208e-10
  0.321093 2.13159e-10
  0.330366 2.19672e-10
  0.339952 2.24828e-10
  0.349862 2.28642e-10
  0.360105 2.31233e-10
  0.370695 2.32642e-10
  0.381642 2.3301e-10
  0.392958 2.32368e-10
  0.404655 2.30868e-10
  0.416748 2.28554e-10
  0.429248 2.25565e-10
  0.442171 2.21937e-10
  0.455529 2.17803e-10
  0.469338 2.13195e-10
  0.483612 2.08238e-10
  0.498368 2.02973e-10
  0.513623 1.97516e-10
  0.529391 1.91886e-10
  0.545692 1.86189e-10
  0.562543 1.80504e-10
  0.579962 1.74891e-10
  0.597969 1.69419e-10
  0.616583 1.64234e-10
  0.635825 1.59381e-10
  0.655717 1.55041e-10
   0.67628 1.51276e-10
  0.697536 1.4837e-10
  0.719509 1.4633e-10
  0.742224 1.45728e-10
  0.765705 1.46811e-10
  0.789979 1.50338e-10
  0.815071 1.5765e-10
   0.84101 1.70973e-10
  0.867824 1.92106e-10
  0.895542 2.44042e-10
  0.924196 3.36505e-10
  0.953816  6.813e-10
  0.984436 9.67178e-10
