/*--------------------------------*- C++ -*----------------------------------*\
| =========                 |                                                 |
| \\      /  F ield         | OpenFOAM: The Open Source CFD Toolbox           |
|  \\    /   O peration     | Version:  2312                                  |
|   \\  /    A nd           | Website:  www.openfoam.com                      |
|    \\/     M anipulation  |                                                 |
\*---------------------------------------------------------------------------*/
FoamFile
{
    version     2.0;
    format      ascii;
    arch        "LSB;label=32;scalar=64";
    class       cellSet;
    location    "constant/polyMesh/sets";
    object      bed;
}
// * * * * * * * * * * * * * * * * * * * * * * * * * * * * * * * * * * * * * //


11192
(
0
1
2
3
4
5
6
7
8
9
10
11
12
13
14
15
16
17
18
19
20
21
22
23
24
25
26
27
28
29
30
31
32
33
34
35
36
37
38
39
40
41
42
43
44
45
46
47
48
49
50
51
52
53
54
55
56
57
58
59
60
61
62
63
64
65
66
67
68
69
70
71
72
73
74
75
76
77
78
79
80
81
82
83
84
85
86
87
88
89
90
91
92
93
94
95
96
97
98
99
100
101
102
103
104
105
106
107
108
109
110
111
112
113
114
115
16500
116
16501
117
16502
118
16503
119
16504
120
16505
121
16506
122
16507
123
16508
124
16509
125
16510
126
16511
127
16512
128
16513
129
16514
130
16515
131
16516
132
16517
133
16518
134
16519
135
16520
136
16521
137
16522
138
16523
139
16524
140
16525
141
16526
142
16527
143
16528
144
16529
145
16530
146
16531
147
16532
148
16533
149
16534
150
16535
151
16536
152
16537
153
16538
154
16539
155
16540
156
16541
157
16542
158
16543
159
16544
160
16545
161
16546
162
16547
163
16548
164
16549
165
16550
166
16551
167
16552
168
16553
169
16554
170
16555
171
16556
172
16557
16558
174
16559
175
16560
176
16561
177
16562
178
16563
179
16564
180
16565
181
16566
182
16567
183
16568
184
16569
185
16570
186
16571
187
16572
188
16573
189
16574
190
16575
191
16576
16577
193
16578
194
16579
195
16580
196
16581
197
16582
198
16583
199
16584
200
16585
201
16586
202
16587
203
16588
204
16589
205
16590
206
16591
207
16592
208
16593
16594
210
16595
211
16596
212
16597
213
16598
214
16599
215
16600
16601
217
16602
218
16603
219
16604
16605
221
16606
222
16607
223
16608
224
16609
225
16610
226
16611
227
16612
228
16613
229
16614
230
16615
231
33000
16616
33001
16617
33002
16618
33003
16619
235
33004
16620
236
33005
16621
237
33006
16622
238
33007
16623
239
33008
16624
240
33009
16625
241
33010
16626
242
33011
16627
33012
16628
33013
16629
245
33014
16630
33015
16631
247
33016
16632
248
33017
16633
33018
16634
33019
16635
251
33020
16636
33021
16637
33022
16638
33023
16639
255
33024
16640
256
33025
16641
257
33026
16642
258
33027
16643
259
33028
16644
260
33029
16645
261
33030
16646
33031
16647
263
33032
16648
33033
16649
265
33034
16650
266
33035
16651
33036
16652
268
33037
16653
33038
16654
33039
16655
271
33040
16656
272
33041
16657
273
33042
16658
33043
16659
275
33044
16660
33045
16661
277
33046
16662
278
33047
279
33048
16664
33049
16665
281
33050
16666
33051
16667
283
33052
16668
284
33053
16669
285
33054
16670
286
33055
16671
287
33056
16672
288
33057
16673
289
33058
16674
33059
16675
291
33060
16676
33061
16677
33062
16678
33063
16679
33064
16680
33065
16681
297
33066
16682
298
33067
16683
299
33068
16684
33069
16685
33070
16686
302
33071
16687
33072
16688
33073
16689
305
33074
16690
33075
16691
33076
16692
308
33077
16693
33078
33079
16695
311
33080
16696
33081
16697
33082
16698
33083
16699
315
33084
16700
33085
16701
16702
33087
16703
319
33088
16704
320
33089
321
33090
33091
16707
33092
16708
33093
16709
33094
16710
33095
16711
33096
33097
16713
33098
16714
33099
16715
331
33100
16716
332
33101
16717
333
33102
16718
33103
33104
16720
33105
16721
337
33106
16722
33107
33108
16724
33109
33110
16726
33111
343
33112
16728
344
33113
16729
33114
16730
33115
16731
49500
33116
16732
348
49501
33117
16733
49502
33118
16734
49503
33119
16735
351
49504
33120
16736
49505
33121
16737
49506
33122
16738
49507
33123
16739
49508
33124
16740
49509
33125
16741
357
49510
33126
16742
49511
33127
16743
49512
33128
16744
49513
33129
49514
33130
16746
49515
33131
16747
49516
33132
16748
49517
33133
365
49518
33134
49519
33135
16751
49520
33136
16752
368
49521
33137
16753
49522
33138
49523
33139
16755
371
49524
33140
16756
49525
33141
49526
33142
16758
49527
33143
16759
49528
33144
16760
49529
33145
16761
49530
49531
33147
49532
33148
49533
33149
49534
33150
49535
33151
49536
33152
16768
49537
33153
49538
33154
16770
49539
33155
16771
49540
33156
49541
33157
16773
49542
33158
16774
49543
33159
49544
33160
16776
392
49545
33161
16777
393
49546
33162
16778
49547
33163
49548
33164
49549
33165
49550
33166
16782
49551
33167
49552
33168
49553
33169
49554
33170
16786
49555
33171
49556
33172
16788
49557
33173
16789
49558
33174
16790
49559
33175
16791
49560
33176
16792
408
49561
33177
16793
49562
33178
16794
49563
33179
49564
33180
16796
49565
49566
16798
49567
33183
49568
33184
49569
33185
16801
49570
33186
16802
49571
33187
49572
33188
16804
49573
49574
33190
49575
33191
49576
33192
49577
33193
49578
33194
49579
49580
33196
16812
49581
33197
16813
49582
49583
16815
49584
33200
49585
33201
49586
16818
49587
33203
49588
33204
49589
33205
49590
49591
33207
49592
49593
33209
49594
33210
49595
33211
49596
33212
49597
33213
49598
16830
49599
33215
16831
49600
33216
49601
33217
16833
49602
49603
49604
33220
452
49605
33221
49606
33222
49607
33223
49608
33224
49609
33225
49610
33226
49611
33227
49612
33228
49613
33229
49614
33230
49615
33231
49616
33232
16848
49617
33233
49618
33234
49619
33235
16851
49620
33236
49621
16853
49622
33238
16854
49623
33239
49624
33240
49625
49626
16858
49627
33243
49628
33244
49629
33245
49630
33246
16862
49631
49632
49633
49634
33250
49635
33251
49636
49638
33254
49639
49640
33256
49641
33257
16873
49642
49643
16875
49644
49645
49646
16878
49647
33263
49648
33264
49649
33265
49650
49651
33267
49652
49653
49654
49655
33271
49657
33273
49658
49659
49660
33276
49661
49662
49663
49664
49665
49666
49667
33283
49668
49669
33285
49670
33286
49671
33287
49672
49673
33289
49674
33290
49675
33291
49676
33292
16908
49677
33293
49678
49679
33295
16911
49680
33296
49681
16913
49682
49683
49684
33300
49685
49686
49687
33303
49688
33304
49689
49690
49691
49692
49693
49694
49695
33311
49696
49699
49700
16933
49702
49703
16935
49704
49705
49706
33322
49707
33323
49708
49709
49711
49712
49713
49714
49715
33331
49717
33333
49718
49719
49720
49721
49722
49723
49724
49725
49726
49727
33343
49728
49729
49730
33346
49731
49732
49733
49734
49735
33351
16968
49737
49738
49739
33355
49740
49741
49742
49744
49745
49747
33363
49748
33364
49749
49750
49752
49753
49754
49755
33371
49756
49759
49760
49763
49764
49765
49766
49767
33383
49768
49769
49771
49772
49773
49777
49778
49779
49780
49782
49784
49785
49786
49787
49788
49789
49790
49791
49792
49794
49795
49800
49802
49804
49807
49808
49810
49812
49814
49815
49816
49822
49824
49828
49829
49831
49833
49838
49839
49840
49845
49847
49852
49854
49864
49875
49882
49905
1500
1501
1502
1503
1504
1505
1506
1507
1508
1509
1510
1511
1512
1513
1514
1515
1516
1517
1518
1519
1520
1521
1522
1523
1524
1525
1526
1527
1528
1529
1530
1531
1532
1533
1534
1535
1536
1537
1538
1539
1540
1541
1542
1543
1544
1545
1546
1547
1548
1549
1550
1551
1552
1553
1554
1555
1556
1557
1558
1559
1560
1561
1562
1563
1564
1565
1566
1567
1568
1569
1570
1571
1572
1573
1574
1575
1576
1577
1578
1579
1580
1581
1582
1583
1584
1585
1586
1587
1588
1589
1590
1591
1592
1593
1594
1595
1596
1597
1598
1599
1600
1601
1602
1603
1604
1605
1606
1607
1608
1609
1610
1611
1612
1613
1614
1615
18000
1616
18001
1617
18002
1618
18003
1619
18004
1620
18005
1621
18006
1622
18007
1623
18008
1624
18009
1625
18010
1626
18011
18012
18013
1629
18014
1630
18015
1631
18016
1632
18017
18018
1634
18019
1635
18020
1636
18021
1637
18022
1638
18023
1639
18024
1640
18025
1641
18026
1642
18027
1643
18028
1644
18029
1645
18030
1646
18031
1647
18032
1648
18033
1649
18034
1650
18035
1651
18036
1652
18037
1653
18038
1654
18039
1655
18040
1656
18041
1657
18042
1658
18043
1659
18044
1660
18045
1661
18046
1662
18047
1663
18048
1664
18049
1665
18050
1666
18051
1667
18052
1668
18053
1669
18054
1670
18055
1671
18056
1672
18057
1673
18058
1674
18059
1675
18060
1676
18061
1677
18062
1678
18063
1679
18064
1680
18065
18066
18067
1683
18068
1684
18069
1685
18070
1686
18071
18072
18073
1689
18074
1690
18075
1691
18076
1692
18077
18078
1694
18079
1695
18080
1696
18081
1697
18082
1698
18083
1699
18084
1700
18085
1701
18086
1702
18087
1703
18088
1704
18089
1705
18090
1706
18091
1707
18092
18093
18095
1711
18096
1712
18097
1713
18098
1714
18099
1715
18100
1716
18101
1717
18102
1718
18103
1719
18104
1720
18105
1721
18106
1722
18107
1723
18108
18109
1725
18110
1726
18111
1727
18112
1728
18113
1729
18114
1730
18115
1731
34500
18116
1732
34501
18117
1733
34502
18118
1734
34503
18119
1735
34504
1736
34505
1737
34506
18122
1738
34507
18123
1739
34508
18124
34509
18125
34510
18126
34511
18127
1743
34512
18128
1744
34513
18129
1745
34514
18130
34515
18131
34516
18132
34517
18133
34518
18134
1750
34519
18135
34520
18136
1752
34521
18137
1753
34522
18138
1754
34523
18139
34524
1756
34525
18141
34526
18142
34527
18143
1759
34528
18144
34529
18145
1761
34530
18146
34531
18147
1763
34532
18148
34533
18149
1765
34534
18150
1766
34535
18151
1767
34536
18152
34537
34538
34539
18155
1771
34540
18156
1772
34541
18157
1773
34542
18158
34543
18159
1775
34544
18160
1776
34545
18161
1777
34546
18162
34547
18163
1779
34548
18164
34549
18165
1781
34550
18166
34551
18167
1783
34552
18168
34553
18169
1785
34554
18170
1786
34555
18171
1787
34556
18172
34557
18173
1789
34558
1790
34559
18175
34560
18176
1792
34561
18177
1793
34562
18178
34563
18179
34564
34565
34566
18182
1798
34567
18183
1799
34568
18184
34569
18185
34570
18186
34571
18187
34572
18188
34573
18189
34574
18190
34575
18191
34576
18192
34577
18193
34578
18194
1810
34579
18195
34580
34581
18197
34582
18198
34583
18199
34584
1816
34585
18201
34586
18202
34587
18203
1819
34588
18204
34589
18205
34590
18206
34591
18207
1823
34592
18208
34593
18209
34594
18210
34595
18211
34596
18212
34597
34598
34599
18215
34600
18216
1832
34601
1833
34602
18218
34603
18219
34604
18220
34605
18221
1837
34606
18222
34607
18223
1839
34608
18224
1840
34609
18225
1841
34610
18226
34611
1843
34612
18228
34613
18229
1845
34614
18230
34615
18231
51000
34616
18232
51001
34617
18233
51002
34618
51003
34619
18235
51004
34620
18236
1852
51005
34621
51006
34622
18238
51007
34623
18239
51008
34624
51009
34625
51010
34626
1858
51011
34627
18243
1859
51012
34628
18244
51013
34629
18245
51014
34630
18246
51015
34631
51016
34632
18248
51017
34633
18249
51018
34634
18250
51019
34635
18251
51020
34636
18252
51021
34637
18253
51022
34638
1870
51023
34639
51024
34640
51025
34641
18257
51026
34642
18258
51027
34643
18259
51028
34644
51029
34645
18261
51030
34646
51031
34647
51032
51033
34649
51034
34650
51035
34651
18267
1883
51036
34652
18268
51037
34653
18269
51038
18270
51039
34655
18271
51040
34656
18272
51041
34657
51042
34658
51043
34659
51044
18276
51045
34661
51046
34662
18278
51047
34663
51048
34664
18280
51049
34665
18281
1897
51050
34666
51051
34667
18283
1899
51052
34668
1900
51053
34669
18285
51054
34670
18286
51055
34671
51056
34672
18288
51057
34673
18289
51058
34674
18290
51059
34675
51060
34676
18292
51061
34677
51062
34678
51063
34679
18295
51064
51065
34681
51066
34682
18298
51067
34683
18299
51068
34684
51069
34685
51070
34686
1918
51071
34687
18303
51072
51073
18305
51074
34690
51075
34691
51076
34692
18308
51077
34693
18309
51078
34694
18310
51079
34695
18311
51080
34696
51081
34697
51082
34698
51083
34699
51084
34700
51085
34701
18317
51086
34702
18318
51087
51088
34704
51089
34705
18321
51090
34706
51091
34707
51092
51093
34709
51094
34710
51095
34711
51096
34712
18328
51097
18329
51098
18330
51099
34715
18331
51100
51101
34717
51102
34718
51103
34719
51104
18336
51105
34721
51106
18338
51107
34723
51108
34724
51109
34725
51110
34726
51111
18343
51112
34728
51113
34729
51114
34730
51115
34731
51116
34732
18348
51117
34733
51118
34734
18350
51119
34735
51120
34736
18352
51121
34737
34738
51123
34739
51124
51125
34741
51126
51127
51128
51129
51130
34746
51131
51132
51133
18365
51134
34750
51135
34751
51136
34752
51137
34753
18369
51138
34754
51139
51140
34756
51141
34757
51142
34758
51143
51144
34760
51146
34762
51147
51148
34764
51149
34765
18381
51150
51151
34767
51152
51153
34769
51154
34770
51155
34771
51156
51157
51158
51159
34775
51160
51161
51162
34778
51163
51164
51165
34781
51166
51167
34783
34784
51169
34785
51170
34786
51171
51172
34788
51173
34789
51174
34790
51175
34791
34792
51177
34793
34794
51179
34796
51181
34797
34798
51183
51184
51185
34801
51186
51187
51188
34804
34806
51191
51192
51193
51194
51195
34811
51196
51197
34813
51198
34814
51199
51200
51201
34818
51203
51206
51207
51208
34824
51209
34825
51210
34827
51212
51213
34829
51214
51215
34831
51216
51217
51218
51220
51221
51222
51223
51224
51225
51227
34844
51229
34845
51230
51231
51232
51233
51234
51235
34851
34852
51237
51239
51241
51243
51244
51245
51246
51247
51248
34866
51251
51252
51253
51254
51255
51259
51261
51263
51266
51267
51268
51270
51272
51273
51275
51276
51277
51280
51281
51282
51283
51284
51287
51291
51293
51295
51299
51303
51305
51306
51307
51314
51327
51330
51332
51335
51340
51344
51347
51351
51355
51363
51404
51423
3000
3001
3002
3003
3004
3005
3006
3007
3008
3009
3010
3011
3012
3013
3014
3015
3016
3017
3018
3019
3020
3021
3022
3023
3024
3025
3026
3027
3028
3029
3030
3031
3032
3033
3034
3035
3036
3037
3038
3039
3040
3041
3042
3043
3044
3045
3046
3047
3048
3049
3050
3051
3052
3053
3054
3055
3056
3057
3058
3059
3060
3061
3062
3063
3064
3065
3066
3067
3068
3069
3070
3071
3072
3073
3074
3075
3076
3077
3078
3079
3080
3081
3082
3083
3084
3085
3086
3087
3088
3089
3090
3091
3092
3093
3094
3095
3096
3097
3098
3099
3100
3101
3102
3103
3104
3105
3106
3107
3108
3109
3110
3111
3112
3113
3114
3115
19500
3116
19501
3117
19502
3118
19503
3119
19504
3120
19505
3121
19506
3122
19507
3123
19508
3124
19509
3125
19510
3126
19511
19512
19513
3129
19514
3130
19515
3131
19516
3132
19517
3133
19518
3134
19519
3135
19520
19521
3137
19522
3138
19523
3139
19524
3140
19525
3141
19526
3142
19527
3143
19528
3144
19529
3145
19530
3146
19531
3147
19532
3148
19533
3149
19534
3150
19535
3151
19536
3152
19537
3153
19538
3154
19539
3155
19540
3156
19541
3157
19542
3158
19543
3159
19544
3160
19545
3161
19546
3162
19547
3163
19548
3164
19549
3165
19550
3166
19551
3167
19552
3168
19553
3169
19554
3170
19555
3171
19556
3172
19557
3173
19558
3174
19559
3175
19560
3176
19561
3177
19562
3178
19563
3179
19564
19565
3181
19566
3182
19567
3183
19568
3184
19569
3185
19570
3186
19571
19572
19573
3189
19574
19575
3191
19576
3192
19577
3193
19578
3194
19579
19580
19581
3197
19582
3198
19583
3199
19584
3200
19585
3201
19586
3202
19587
3203
19588
3204
19589
3205
19590
3206
19591
3207
19592
19593
3209
19594
3210
19595
19596
3212
19597
3213
19598
3214
19599
3215
19600
3216
19601
3217
19602
3218
19603
3219
19604
3220
19605
3221
19606
3222
19607
3223
19608
3224
19609
3225
19610
3226
19611
19612
19613
3229
19614
3230
19615
3231
36000
19616
3232
36001
19617
3233
36002
19618
3234
36003
19619
3235
36004
19620
3236
36005
19621
3237
36006
19622
36007
19623
3239
36008
19624
36009
19625
36010
19626
36011
19627
3243
36012
19628
3244
36013
19629
3245
36014
19630
3246
36015
19631
36016
19632
36017
19633
3249
36018
19634
36019
19635
3251
36020
19636
3252
36021
19637
3253
36022
19638
3254
36023
19639
36024
19640
36025
19641
3257
36026
19642
3258
36027
19643
3259
36028
19644
36029
19645
3261
36030
19646
3262
36031
19647
3263
36032
19648
36033
19649
36034
19650
3266
36035
19651
3267
36036
19652
36037
19653
36038
19654
36039
19655
36040
19656
3272
36041
19657
36042
36043
19659
3275
36044
19660
36045
19661
3277
36046
19662
3278
36047
19663
36048
19664
3280
36049
19665
3281
36050
19666
3282
36051
19667
3283
36052
19668
3284
36053
19669
3285
36054
19670
36055
19671
36056
36057
19673
3289
36058
19674
3290
36059
19675
3291
36060
19676
3292
36061
36062
19678
3294
36063
19679
36064
19680
36065
19681
3297
36066
19682
36067
19683
36068
19684
36069
19685
36070
19686
36071
19687
3303
36072
19688
36073
19689
3305
36074
19690
36075
36076
19692
36077
19693
3309
36078
19694
36079
19695
36080
3312
36081
19697
36082
19698
3314
36083
19699
36084
19700
36085
3317
36086
19702
3318
36087
19703
36088
19704
36089
19705
36090
19706
36091
19707
36092
19708
36093
19709
36094
19710
36095
19711
36096
19712
36097
19713
36098
19714
36099
19715
36100
19716
36101
19717
36102
36103
19719
36104
36105
19721
36106
19722
36107
19723
36108
19724
3340
36109
19725
36110
19726
36111
19727
36112
19728
36113
19729
3345
36114
19730
36115
19731
52500
36116
52501
36117
19733
52502
36118
19734
3350
52503
36119
19735
52504
36120
19736
52505
36121
52506
36122
19738
52507
36123
19739
52508
36124
52509
36125
19741
3357
52510
36126
19742
52511
36127
19743
52512
36128
19744
52513
36129
19745
52514
36130
52515
36131
19747
52516
36132
19748
52517
36133
19749
3365
52518
36134
19750
52519
36135
52520
36136
19752
52521
36137
19753
3369
52522
36138
19754
52523
36139
19755
52524
36140
52525
19757
52526
36142
19758
3374
52527
36143
52528
36144
52529
36145
52530
36146
19762
3378
52531
36147
19763
52532
36148
52533
36149
19765
52534
36150
19766
52535
36151
19767
52536
36152
19768
52537
36153
19769
52538
36154
19770
52539
36155
52540
36156
52541
36157
52542
36158
19774
52543
36159
52544
36160
52545
19777
52546
36162
52547
36163
19779
52548
36164
52549
36165
19781
52550
36166
19782
52551
19783
52552
36168
52553
36169
19785
52554
36170
19786
52555
36171
52556
36172
19788
52557
36173
19789
3405
52558
36174
19790
52559
36175
19791
52560
36176
52561
36177
52562
36178
19794
52563
36179
52564
36180
19796
52565
36181
52566
36182
52567
36183
19799
52568
36184
52569
36185
19801
3417
52570
36186
19802
52571
36187
19803
52572
36188
52573
36189
19805
52574
36190
52575
36191
19807
52576
36192
52577
36193
3425
52578
36194
52579
52580
36196
52581
36197
19813
52582
36198
52583
36199
52584
36200
52585
52586
36202
3434
52587
36203
52588
52589
36205
52590
52591
52592
36208
52593
36209
52594
36210
52595
36211
19827
52596
36212
52597
36213
52598
36214
52599
36215
52600
36216
52601
52602
36218
19834
52603
36219
52604
36220
52605
52606
36222
52607
36223
52608
36224
52609
19841
52610
36226
52611
19843
52612
36228
52613
36229
52614
36230
52615
52616
36232
52617
19849
52618
19850
52619
36235
52620
36236
52621
36237
52622
36238
52623
36239
52624
36240
19856
52625
36241
52626
36242
52627
36243
52628
36244
52629
36245
52630
52631
52632
52633
19865
52634
36250
52635
36251
52637
36253
52638
36254
52639
52640
36256
52641
36257
19873
52642
36258
52643
52644
36260
52645
52646
36262
52647
36263
52648
52649
52650
52651
52652
36268
52653
36269
52654
36270
52655
52656
36272
52657
36273
52658
36274
36275
52660
36276
52661
52662
36278
52663
36279
52664
52665
52666
52667
52668
36284
52669
52670
36286
52671
19903
52672
52673
36289
52674
36290
52675
52676
36292
52677
52678
19910
52679
52680
36296
52681
36297
36298
52683
36299
52684
52685
52686
36302
52687
36303
52688
36304
52689
52691
52692
52693
52694
52695
52697
52698
52699
52700
36316
52701
52702
36318
52703
52704
52705
52706
36322
52707
36323
52708
52710
52711
52712
36328
52713
52715
52716
36332
52717
52718
36335
52720
52721
36338
52723
52725
52726
52728
52729
52730
52731
52732
52733
52734
52735
52736
36352
52737
52738
52739
52740
36356
52741
36357
52743
52747
36363
52748
36364
52749
52752
52753
52757
52759
52761
52762
52763
52764
52766
36382
52768
52770
52772
52777
52781
52783
52786
52789
52790
52791
52792
52793
52794
52795
52796
52797
52798
52799
36416
52803
52808
52813
52819
52823
52826
52828
52830
52841
52846
52854
52857
36476
52888
52914
4500
4501
4502
4503
4504
4505
4506
4507
4508
4509
4510
4511
4512
4513
4514
4515
4516
4517
4518
4519
4520
4521
4522
4523
4524
4525
4526
4527
4528
4529
4530
4531
4532
4533
4534
4535
4536
4537
4538
4539
4540
4541
4542
4543
4544
4545
4546
4547
4548
4549
4550
4551
4552
4553
4554
4555
4556
4557
4558
4559
4560
4561
4562
4563
4564
4565
4566
4567
4568
4569
4570
4571
4572
4573
4574
4575
4576
4577
4578
4579
4580
4581
4582
4583
4584
4585
4586
4587
4588
4589
4590
4591
4592
4593
4594
4595
4596
4597
4598
4599
4600
4601
4603
4604
4605
4606
4607
4608
4609
4610
4611
4612
4613
4614
4615
21000
4616
21001
4617
21002
4618
21003
4619
21004
4620
21005
4621
21006
4622
21007
4623
21008
4624
21009
4625
21010
4626
21011
4627
21012
4628
21013
4629
21014
4630
21015
4631
21016
4632
21017
4633
21018
4634
21019
4635
21020
4636
21021
4637
21022
4638
21023
4639
21024
21025
4641
21026
4642
21027
4643
21028
4644
21029
21030
4646
21031
4647
21032
4648
21033
4649
21034
4650
21035
21036
4652
21037
4653
21038
4654
21039
4655
21040
4656
21041
4657
21042
4658
21043
4659
21044
4660
21045
4661
21046
21047
21048
4664
21049
4665
21050
4666
21051
4667
21052
4668
21053
4669
21054
4670
21055
4671
21056
4672
21057
4673
21058
4674
21059
4675
21060
4676
21061
4677
21062
4678
21063
4679
21064
4680
21065
4681
21066
21067
4683
21068
21069
4685
21070
4686
21071
4687
21072
4688
21073
4689
21074
4690
21075
4691
21076
4692
21077
4693
21078
4694
21079
4695
21080
4696
21081
4697
21082
4698
21083
4699
21084
21085
4701
21086
4702
21087
4703
21088
4704
21089
21090
21091
4707
21092
4708
21093
4709
21094
4710
21095
21096
4712
21097
4713
4714
21099
4715
21100
4716
21101
4717
21102
4718
21103
21104
4720
21105
4721
21106
21107
21108
4724
21109
21110
4726
21111
4727
21112
4728
21113
4729
21114
4730
21115
4731
37500
21116
37501
21117
4733
37502
21118
4734
37503
21119
4735
37504
21120
4736
37505
21121
37506
21122
37507
21123
4739
37508
21124
4740
37509
21125
37510
21126
37511
21127
37512
21128
4744
37513
21129
37514
21130
37515
21131
4747
37516
21132
4748
37517
21133
37518
21134
4750
37519
21135
37520
21136
4752
37521
21137
4753
37522
21138
4754
37523
21139
4755
37524
21140
37525
21141
4757
37526
21142
4758
37527
21143
4759
37528
21144
37529
21145
4761
37530
21146
37531
21147
37532
37533
21149
37534
21150
37535
21151
4767
37536
21152
37537
21153
4769
37538
21154
4770
37539
21155
37540
21156
37541
21157
4773
37542
4774
37543
21159
4775
37544
21160
37545
21161
37546
21162
4778
37547
21163
37548
21164
4780
37549
21165
4781
37550
21166
37551
21167
37552
21168
37553
21169
37554
21170
4786
37555
21171
4787
37556
21172
4788
37557
21173
4789
37558
21174
4790
37559
21175
4791
37560
21176
37561
21177
4793
37562
21178
37563
21179
4795
37564
21180
37565
21181
37566
21182
37567
21183
37568
21184
37569
21185
37570
21186
37571
37572
21188
4804
37573
21189
37574
21190
37575
21191
37576
21192
37577
21193
37578
21194
4810
37579
21195
37580
21196
37581
21197
37582
21198
37583
37584
21200
37585
4817
37586
21202
4818
37587
21203
37588
21204
37589
21205
4821
37590
37591
21207
37592
37593
21209
37594
21210
37595
21211
37596
21212
37597
21213
4829
37598
21214
37599
21215
37600
21216
37601
21217
37602
37603
21219
4835
37604
21220
37605
21221
37606
21222
37607
21223
37608
21224
37609
21225
4841
37610
21226
37611
21227
37612
21228
37613
21229
37614
21230
37615
21231
54000
37616
21232
54001
37617
21233
54002
37618
21234
4850
54003
37619
4851
54004
37620
21236
54005
37621
4853
54006
37622
21238
54007
37623
21239
54008
37624
21240
54009
37625
21241
54010
37626
54011
37627
21243
54012
37628
21244
54013
37629
21245
54014
37630
54015
37631
54016
37632
21248
54017
37633
54018
37634
21250
54019
21251
54020
37636
21252
54021
21253
54022
37638
21254
54023
37639
21255
54024
37640
21256
54025
37641
54026
37642
54027
37643
54028
37644
54029
37645
54030
37646
21262
54031
37647
54032
37648
21264
54033
37649
54034
37650
54035
37651
21267
54036
37652
54037
37653
21269
54038
37654
21270
54039
37655
21271
54040
37656
21272
54041
37657
21273
54042
37658
21274
54043
37659
21275
54044
37660
54045
37661
21277
54046
37662
54047
37663
21279
54048
37664
21280
54049
37665
54050
37666
21282
54051
37667
21283
54052
37668
21284
54053
37669
21285
4901
54054
37670
21286
54055
37671
21287
54056
37672
21288
54057
37673
21289
54058
37674
21290
54059
37675
21291
54060
37676
21292
54061
37677
54062
37678
21294
4910
54063
37679
54064
37680
54065
54066
37682
54067
54068
37684
21300
54069
37685
54070
37686
54071
37687
21303
54072
37688
21304
54073
37689
21305
54074
37690
54075
37691
54076
37692
54077
37693
54078
37694
54079
54080
37696
54081
54082
54083
37699
54084
37700
21316
54085
37701
54086
37702
54087
37703
54088
54089
37705
54090
37706
21322
54091
37707
54092
21324
54093
37709
54094
37710
4942
54095
54096
37712
54097
37713
54098
37714
21330
54099
37715
54100
37716
54101
37717
54102
37718
54103
37719
54104
37720
54105
37721
21337
37722
54107
37723
21339
54108
37724
54109
37725
54110
37726
54111
54112
37728
54113
37729
21345
54114
37730
21346
54115
54116
37732
21348
54117
37733
21349
54118
37734
54119
37735
54120
37736
21352
54121
37737
54122
37738
54123
54124
37740
54125
54126
54127
54128
37744
54129
37745
54130
37746
54131
54132
37748
54133
37749
54134
54135
54136
37752
54137
37753
54138
54139
54140
37756
54141
54142
54143
37759
54144
54145
37761
54146
54147
54148
54149
37765
54150
37766
54151
37767
54152
54153
54154
37770
54155
54156
54157
37773
54158
21390
54159
54160
54161
37777
37778
54163
37779
54164
37780
54165
37781
21397
37782
54167
37783
21399
54168
37784
54169
37785
54170
37786
54171
54172
37788
54173
54174
54175
54176
37792
54177
37793
54178
37794
54179
37795
21412
54181
54182
54183
54184
54185
54186
54187
54188
37804
54189
54190
37806
54191
54192
37808
54193
54194
54195
54196
37812
54197
54199
37816
54202
54203
54204
54205
54206
54208
54209
54210
54211
37827
54212
54213
54214
54215
54217
37833
54218
54219
54220
54221
54223
54224
54225
54227
37843
54228
54229
54230
54231
54232
37848
54233
54234
54236
54237
54238
54239
37855
54241
54243
54246
54247
54248
37864
54253
54254
54255
54257
54259
54262
54263
54264
54265
54268
54269
54271
54273
54274
54277
54278
54279
54280
54287
54288
54289
54290
54292
37908
54293
54294
54296
54297
54298
54301
54315
54319
54323
54328
54333
54338
54339
54347
54349
54350
54352
54364
54375
54399
54407
54459
54467
54527
54587
6000
6001
6002
6003
6004
6005
6006
6007
6008
6009
6010
6011
6012
6013
6014
6015
6016
6017
6018
6019
6020
6021
6022
6023
6024
6025
6026
6027
6028
6029
6030
6031
6032
6033
6034
6035
6036
6037
6038
6039
6040
6041
6042
6043
6044
6045
6046
6047
6048
6049
6050
6051
6052
6053
6054
6055
6056
6057
6058
6059
6060
6061
6062
6063
6064
6065
6066
6067
6068
6069
6070
6071
6072
6073
6074
6075
6076
6077
6078
6079
6080
6081
6082
6083
6084
6085
6086
6087
6088
6089
6090
6091
6092
6093
6094
6095
6096
6097
6098
6099
6100
6101
6102
6103
6105
6106
6107
6108
6109
6110
6111
6112
6113
6114
6115
22500
6116
22501
6117
22502
6118
22503
6119
22504
6120
22505
6121
22506
6122
22507
6123
22508
6124
22509
6125
22510
6126
22511
6127
22512
6128
22513
6129
22514
6130
22515
6131
22516
6132
22517
6133
22518
6134
22519
6135
22520
6136
22521
6137
22522
6138
22523
6139
22524
6140
22525
6141
22526
6142
22527
6143
22528
6144
22529
6145
22530
6146
22531
6147
22532
6148
22533
6149
22534
6150
22535
6151
22536
6152
22537
6153
22538
6154
22539
6155
22540
6156
22541
6157
22542
6158
22543
6159
22544
6160
22545
6161
22546
6162
22547
6163
22548
22549
6165
22550
6166
22551
6167
22552
6168
22553
6169
22554
6170
22555
6171
22556
6172
22557
6173
22558
6174
22559
6175
22560
6176
22561
6177
22562
6178
22563
6179
22564
6180
22565
6181
22566
6182
22567
6183
6184
22569
6185
22570
6186
22571
6187
22572
6188
22573
6189
22574
22575
6191
22576
22577
6193
22578
6194
22579
6195
22580
6196
22581
22582
6198
22583
6199
22584
6200
22585
22586
6202
22587
6203
22588
6204
22589
6205
22590
6206
22591
6207
22592
6208
22593
6209
22594
6210
22595
6211
22596
6212
22597
6213
22598
6214
22599
6215
22600
6216
22601
6217
22602
6218
22603
22604
6220
22605
6221
22606
6222
22607
6223
22608
22609
6225
22610
6226
22611
6227
22612
6228
22613
6229
22614
6230
22615
6231
39000
22616
39001
22617
6233
39002
22618
6234
39003
22619
6235
39004
22620
6236
39005
22621
6237
39006
22622
6238
39007
22623
6239
39008
22624
6240
39009
22625
6241
39010
22626
6242
39011
22627
39012
6244
39013
22629
6245
39014
22630
6246
39015
22631
6247
39016
22632
6248
39017
22633
39018
22634
39019
22635
6251
39020
22636
39021
22637
39022
22638
6254
39023
22639
6255
39024
22640
6256
39025
22641
39026
22642
6258
39027
22643
6259
39028
39029
22645
39030
22646
39031
22647
39032
22648
6264
39033
22649
39034
22650
6266
39035
22651
39036
22652
6268
39037
22653
6269
39038
22654
6270
39039
22655
6271
39040
22656
6272
39041
22657
39042
22658
6274
39043
22659
6275
39044
22660
6276
39045
22661
6277
39046
22662
39047
22663
39048
22664
6280
39049
22665
6281
39050
22666
6282
39051
22667
39052
22668
39053
22669
6285
39054
22670
6286
39055
22671
6287
39056
22672
6288
39057
22673
39058
22674
6290
39059
22675
6291
39060
39061
22677
6293
39062
22678
39063
22679
39064
22680
6296
39065
6297
39066
6298
39067
39068
22684
6300
39069
22685
39070
22686
39071
22687
39072
6304
39073
22689
6305
39074
22690
6306
39075
22691
39076
22692
6308
39077
22693
39078
22694
39079
39080
22696
39081
22697
39082
22698
39083
22699
6315
39084
22700
39085
22701
39086
22702
6318
39087
22703
6319
39088
39089
22705
39090
22706
39091
39092
22708
39093
22709
39094
22710
6326
39095
22711
39096
22712
6328
39097
22713
39098
22714
6330
39099
22715
6331
39100
22716
6332
39101
22717
39102
22718
6334
39103
39104
22720
6336
39105
6337
39106
22722
39107
22723
39108
22724
39109
22725
6341
39110
22726
39111
39112
22728
39113
22729
6345
39114
22730
6346
39115
22731
6347
55500
39116
55501
39117
22733
55502
39118
22734
6350
55503
39119
22735
55504
39120
55505
39121
22737
55506
39122
22738
55507
39123
22739
55508
39124
6356
55509
39125
55510
39126
6358
55511
39127
55512
39128
55513
39129
22745
55514
39130
22746
55515
39131
55516
39132
55517
39133
22749
55518
39134
22750
55519
39135
22751
55520
39136
55521
39137
55522
39138
22754
55523
39139
55524
39140
55525
39141
55526
39142
22758
55527
39143
22759
55528
39144
55529
39145
22761
55530
39146
22762
55531
39147
22763
55532
39148
55533
39149
22765
55534
39150
22766
55535
39151
55536
39152
22768
55537
22769
55538
39154
55539
39155
22771
55540
39156
22772
6388
55541
39157
22773
55542
39158
55543
39159
22775
55544
39160
55545
39161
22777
55546
39162
22778
55547
39163
55548
39164
55549
39165
55550
39166
22782
55551
39167
22783
55552
39168
22784
55553
39169
55554
39170
22786
55555
39171
55556
39172
55557
39173
22789
55558
39174
6406
55559
39175
22791
55560
39176
55561
39177
22793
55562
39178
22794
55563
39179
22795
55564
55565
39181
22797
55566
39182
55567
39183
22799
55568
39184
55569
55570
39186
55571
39187
55572
39188
55573
39189
22805
55574
39190
55575
39191
55576
55577
39193
55578
39194
55579
39195
55580
39196
55581
39197
55582
39198
55583
55584
39200
55585
55586
39202
22818
55587
39203
55588
39204
55589
39205
22821
55590
39206
22822
55591
39207
22823
55592
39208
55593
39209
55594
39210
22826
55595
39211
55596
55597
22829
55598
39214
55599
39215
55600
39216
22832
6448
55601
39217
55602
39218
55603
39219
22835
55604
39220
55605
22837
55606
39222
22838
55607
39223
55608
39224
55609
39225
55610
39226
55611
39227
55612
39228
22844
55613
39229
39230
55615
39231
55616
39232
55617
39233
22849
55618
39234
55619
39235
55620
39236
55621
39237
22853
39238
22854
55623
55624
55625
39241
55626
39242
55627
39243
22859
55628
55629
55630
39246
55631
55632
39248
55633
39249
55634
39250
55635
39251
55636
55637
39254
55639
55640
55641
39257
55642
55643
55645
55646
39262
22878
55647
55648
39264
55649
22881
55650
55651
39267
55653
55654
39270
55655
39271
55656
55657
55658
39274
55659
55660
39276
6508
55661
55662
39278
55663
39279
55664
39280
55665
55666
39282
55667
55668
55669
55670
55671
39287
55672
55673
39289
39290
55675
39291
55676
39292
55677
39293
55678
39294
55679
39295
55680
55681
39297
22913
39298
55683
55684
55685
39302
39303
55688
39304
55689
55690
55691
55692
55693
55694
39311
55696
39314
55699
55700
55701
55702
55703
55705
55706
39322
55707
55708
55709
55710
55711
39327
55713
55714
39330
55715
55717
55718
55720
55721
55722
39340
55726
39342
55727
55728
55729
55730
55731
39347
55733
39349
55735
39351
55736
55737
39353
55738
55739
39355
55740
39357
55744
39362
55748
39364
55752
55753
55754
55756
39374
55760
55762
55763
55765
55766
55767
55768
39390
55775
55778
55781
55782
55786
39402
55788
55789
55790
55791
39407
55793
39409
55795
39411
55797
55798
55799
55800
55816
55820
55823
55828
39450
55838
55848
55851
39467
55853
55857
55858
55876
55908
55918
55978
7500
7501
7502
7503
7504
7505
7506
7507
7508
7509
7510
7511
7512
7513
7514
7515
7516
7517
7518
7519
7520
7521
7522
7523
7524
7525
7526
7527
7528
7529
7530
7531
7532
7533
7534
7535
7536
7537
7538
7539
7540
7541
7542
7543
7544
7545
7546
7547
7548
7549
7550
7551
7552
7553
7554
7555
7556
7557
7558
7559
7560
7561
7562
7563
7564
7565
7566
7567
7568
7569
7570
7571
7572
7573
7574
7575
7576
7577
7578
7579
7580
7581
7582
7583
7584
7585
7586
7587
7588
7589
7590
7591
7592
7593
7594
7595
7596
7597
7598
7599
7600
7601
7602
7603
7604
7605
7606
7607
7608
7609
7610
7611
7612
7613
7614
7615
24000
7616
24001
7617
24002
7618
24003
7619
24004
7620
24005
7621
24006
7622
24007
7623
24008
7624
24009
7625
24010
7626
24011
7627
24012
7628
24013
7629
24014
7630
24015
7631
24016
7632
24017
7633
24018
7634
24019
7635
24020
7636
24021
7637
24022
7638
24023
7639
24024
7640
24025
7641
24026
7642
24027
7643
24028
7644
24029
24030
7646
24031
7647
24032
7648
24033
7649
24034
7650
24035
7651
24036
7652
24037
7653
24038
7654
24039
7655
24040
7656
24041
7657
24042
7658
24043
7659
24044
7660
24045
7661
24046
7662
24047
7663
24048
7664
24049
7665
24050
7666
24051
7667
24052
7668
24053
7669
24054
7670
24055
7671
24056
7672
24057
7673
24058
7674
24059
7675
24060
7676
24061
7677
24062
7678
24063
7679
24064
7680
24065
7681
24066
7682
24067
7683
24068
7684
24069
7685
24070
7686
24071
7687
24072
7688
24073
7689
24074
7690
24075
7691
24076
7692
24077
24078
24079
24080
7696
24081
7697
24082
24083
7699
24084
7700
24085
7701
24086
7702
24087
7703
24088
7704
24089
24090
7706
24091
7707
24092
7708
24093
7709
24094
7710
24095
7711
24096
7712
24097
24098
7714
24099
7715
24100
7716
24101
7717
24102
7718
24103
7719
24104
7720
24105
24106
7722
24107
7723
24108
7724
24109
7725
24110
7726
24111
7727
24112
7728
24113
7729
24114
7730
24115
40500
24116
7732
40501
24117
7733
40502
24118
7734
40503
24119
40504
24120
40505
24121
7737
40506
24122
7738
40507
24123
40508
24124
7740
40509
24125
40510
24126
40511
7743
40512
24128
40513
24129
40514
7746
40515
24131
7747
40516
24132
7748
40517
24133
7749
40518
24134
7750
40519
24135
40520
24136
40521
24137
40522
24138
40523
24139
40524
24140
7756
40525
24141
7757
40526
24142
40527
24143
40528
24144
7760
40529
24145
7761
40530
24146
40531
24147
40532
24148
40533
24149
40534
24150
7766
40535
24151
40536
7768
40537
24153
40538
24154
7770
40539
24155
40540
24156
7772
40541
24157
40542
24158
40543
24159
7775
40544
24160
7776
40545
24161
7777
40546
24162
7778
40547
24163
40548
24164
7780
40549
24165
40550
24166
40551
24167
7783
40552
24168
7784
40553
24169
7785
40554
24170
7786
40555
24171
7787
40556
24172
40557
24173
7789
40558
24174
40559
24175
40560
24176
7792
40561
24177
7793
40562
24178
40563
24179
40564
24180
40565
7797
40566
24182
40567
24183
40568
24184
40569
24185
40570
24186
40571
7803
40572
24188
40573
24189
40574
7806
40575
24191
7807
40576
24192
40577
24193
40578
40579
40580
24196
40581
40582
24198
40583
24199
40584
24200
40585
24201
7817
40586
24202
40587
24203
40588
24204
40589
24205
7821
40590
24206
40591
24207
40592
24208
40593
24209
40594
24210
7826
40595
24211
40596
40597
24213
40598
40599
24215
40600
24216
40601
24217
40602
40603
24219
40604
24220
40605
24221
40606
7838
40607
40608
24224
40609
24225
40610
24226
40611
24227
40612
24228
40613
24229
7845
40614
24230
40615
7847
57000
40616
24232
57001
40617
24233
7849
57002
40618
24234
57003
40619
24235
57004
40620
57005
40621
24237
57006
40622
24238
57007
24239
57008
40624
24240
57009
40625
57010
40626
24242
57011
40627
24243
57012
40628
57013
40629
57014
40630
57015
40631
57016
40632
24248
57017
24249
57018
40634
57019
40635
7867
57020
40636
24252
57021
40637
24253
57022
40638
57023
40639
57024
40640
24256
57025
40641
57026
40642
57027
40643
24259
57028
40644
24260
57029
40645
24261
57030
40646
24262
57031
40647
57032
40648
24264
57033
40649
7881
57034
40650
24266
57035
40651
24267
57036
40652
24268
57037
40653
24269
57038
40654
24270
7886
57039
40655
24271
57040
40656
57041
40657
24273
57042
40658
57043
24275
57044
40660
24276
57045
40661
24277
57046
40662
57047
40663
24279
57048
40664
57049
40665
57050
40666
57051
40667
57052
40668
57053
40669
57054
40670
57055
40671
57056
40672
57057
40673
24289
57058
40674
24290
57059
40675
57060
40676
57061
40677
24293
7909
57062
40678
24294
57063
40679
57064
40680
57065
40681
24297
57066
40682
24298
57067
24299
57068
40684
24300
57069
57070
40686
24302
57071
40687
57072
40688
57073
40689
57074
40690
57075
40691
57076
40692
57077
57078
40694
57079
40695
57080
40696
57081
40697
24313
57082
40698
57083
40699
57084
40700
57085
40701
57086
40702
57087
40703
24319
57088
40704
57089
40705
57090
40706
24322
57091
40707
57092
40708
24324
57093
40709
57094
40710
57095
40711
24327
57096
24328
57097
40713
57098
40714
24330
57099
40715
57100
40716
57101
57102
40718
57103
24335
57104
40720
57105
57106
40722
57107
40723
24339
57108
40724
57109
40725
57110
40726
57111
40727
57112
40728
57113
40729
57114
40730
57115
40731
57116
40732
57117
40733
24349
57118
24350
57119
40735
57120
40736
57121
40737
24353
57122
40738
24354
40739
57124
57125
40741
57126
57127
57128
40744
24360
57129
57130
40746
57131
57132
57133
40749
57134
57135
40751
57136
40752
57137
57138
40754
57139
57140
40756
57141
57142
40758
57143
40759
57144
40760
57145
40761
57146
40762
57147
40763
57148
40764
57149
40765
57150
57151
57152
57153
40769
57154
40770
57155
57156
24388
57157
40773
57158
40774
57159
40775
57161
57162
40778
57163
57164
40780
57165
57166
57167
40783
57168
40784
57169
40785
57170
57171
40787
57172
40788
57173
40789
57174
40790
57175
57176
40792
57177
40793
57178
24410
57179
57180
40796
57181
40797
57182
24414
40799
57184
57185
57186
57188
40804
57190
57191
57192
57194
57195
57196
40812
57197
57198
40814
57199
57200
57202
57203
40819
57204
40820
57205
57206
57207
40823
57208
40824
57209
57210
57211
57212
57213
57214
40830
57215
57216
57217
57218
57219
57223
57224
57225
57226
57228
57229
40845
57230
57231
57233
57234
40850
57235
57236
57237
57238
57240
57241
40857
57242
57248
57250
57251
57252
57254
57256
40872
57258
40874
57259
57260
40879
57264
57265
57267
40883
57268
57272
57273
40890
57276
57277
57278
57279
57283
57284
57286
57289
57291
57293
57294
40910
57296
57297
57298
57301
57308
57311
57312
57314
57316
57320
57325
57337
57339
57343
57344
57353
57368
57374
57380
57385
57397
57400
57413
57473
9000
9001
9002
9003
9004
9005
9006
9007
9008
9009
9010
9011
9012
9013
9014
9015
9016
9017
9018
9019
9020
9021
9022
9023
9024
9025
9026
9027
9028
9029
9030
9031
9032
9033
9034
9035
9036
9037
9038
9039
9040
9041
9042
9043
9044
9045
9046
9047
9048
9049
9050
9051
9052
9053
9054
9055
9056
9057
9058
9059
9060
9061
9062
9063
9064
9065
9066
9067
9068
9069
9070
9071
9072
9073
9074
9075
9076
9077
9078
9079
9080
9081
9082
9083
9084
9085
9086
9087
9088
9089
9090
9091
9092
9093
9094
9095
9096
9097
9098
9099
9100
9101
9102
9103
9104
9105
9106
9107
9108
9109
9110
9111
9112
9113
9114
9115
25500
9116
25501
9117
25502
9118
25503
9119
25504
9120
25505
9121
25506
9122
25507
9123
25508
9124
25509
9125
25510
9126
25511
9127
25512
9128
25513
9129
25514
9130
25515
9131
25516
9132
25517
9133
25518
9134
25519
9135
25520
9136
25521
9137
25522
9138
25523
9139
25524
9140
25525
9141
25526
9142
25527
9143
25528
9144
25529
9145
25530
9146
25531
9147
25532
9148
25533
9149
25534
9150
25535
9151
25536
9152
25537
9153
25538
9154
25539
9155
25540
9156
25541
9157
25542
9158
25543
9159
25544
9160
25545
9161
25546
9162
25547
9163
25548
9164
25549
9165
25550
9166
25551
9167
25552
9168
25553
9169
25554
25555
9171
25556
9172
25557
9173
25558
9174
25559
9175
25560
9176
25561
9177
25562
9178
25563
9179
25564
9180
25565
9181
25566
9182
25567
25568
9184
25569
9185
25570
25571
9187
25572
9188
25573
9189
25574
9190
25575
9191
25576
9192
25577
9193
25578
9194
25579
25580
9196
25581
25582
9198
25583
9199
25584
9200
25585
9201
25586
25587
25588
9204
25589
9205
25590
9206
25591
9207
25592
25593
9209
25594
9210
25595
25596
25597
25598
9214
25599
9215
25600
25601
25602
9218
25603
9219
25604
9220
25605
9221
25606
9222
25607
9223
25608
9224
25609
9225
25610
9226
25611
9227
25612
9228
25613
9229
25614
25615
42000
25616
42001
25617
9233
42002
25618
9234
42003
25619
9235
42004
25620
9236
42005
25621
42006
25622
9238
42007
25623
9239
42008
25624
9240
42009
25625
9241
42010
25626
42011
25627
42012
25628
9244
42013
25629
9245
42014
25630
42015
9247
42016
25632
9248
42017
9249
42018
25634
9250
42019
25635
9251
42020
25636
9252
42021
25637
9253
42022
25638
42023
25639
42024
25640
42025
25641
42026
25642
42027
25643
42028
25644
9260
42029
25645
9261
42030
25646
9262
42031
25647
42032
25648
9264
42033
25649
9265
42034
25650
42035
25651
42036
25652
42037
25653
9269
42038
25654
9270
42039
25655
42040
25656
42041
25657
42042
25658
9274
42043
25659
42044
25660
42045
25661
42046
25662
9278
42047
25663
9279
42048
25664
42049
25665
42050
25666
42051
25667
42052
25668
42053
25669
9285
42054
25670
9286
42055
25671
42056
25672
9288
42057
25673
9289
42058
25674
42059
25675
42060
25676
42061
25677
9293
42062
25678
42063
25679
9295
42064
25680
9296
42065
25681
42066
42067
25683
9299
42068
25684
42069
42070
25686
25687
42072
25688
42073
25689
9305
42074
25690
42075
9307
42076
25692
42077
9309
42078
25694
9310
42079
25695
42080
25696
9312
42081
25697
42082
42083
25699
42084
25700
42085
25701
42086
25702
42087
25703
42088
25704
9320
42089
25705
9321
42090
42091
25707
42092
25708
42093
25709
42094
25710
42095
25711
42096
25712
42097
25713
9329
42098
25714
42099
25715
42100
25716
42101
25717
42102
25718
9334
42103
25719
42104
25720
42105
25721
42106
42107
25723
42108
25724
42109
25725
42110
25726
42111
25727
42112
25728
42113
9345
42114
25730
42115
25731
58500
42116
25732
9348
58501
42117
25733
9349
58502
42118
25734
58503
42119
25735
58504
42120
25736
58505
42121
25737
9353
58506
42122
25738
58507
42123
25739
9355
58508
42124
25740
9356
58509
42125
25741
58510
42126
58511
42127
9359
58512
42128
25744
58513
42129
58514
42130
25746
58515
25747
58516
42132
25748
58517
42133
25749
58518
42134
25750
58519
42135
9367
58520
42136
25752
58521
42137
25753
58522
42138
25754
58523
42139
58524
42140
25756
58525
42141
25757
58526
42142
58527
42143
25759
58528
42144
25760
58529
42145
25761
58530
42146
58531
42147
25763
58532
42148
58533
42149
58534
42150
58535
42151
58536
42152
25768
58537
42153
25769
58538
42154
25770
58539
42155
58540
42156
25772
58541
42157
25773
58542
42158
25774
58543
25775
58544
42160
25776
58545
42161
58546
42162
25778
9394
58547
42163
25779
58548
42164
58549
42165
25781
58550
58551
42167
58552
42168
25784
58553
42169
25785
58554
42170
58555
42171
25787
58556
42172
25788
58557
42173
58558
42174
25790
58559
42175
25791
58560
42176
25792
58561
42177
25793
58562
42178
25794
58563
42179
25795
58564
42180
25796
58565
42181
25797
9413
58566
58567
42183
58568
42184
25800
58569
42185
58570
42186
58571
42187
58572
42188
58573
42189
58574
42190
25806
58575
58576
42192
58577
42193
58578
42194
25810
58579
42195
58580
42196
58581
42197
25813
58582
42198
58583
42199
58584
42200
58585
42201
58586
42202
58587
42203
58588
42204
25820
58589
42205
25821
58590
42206
58591
42207
25823
58592
42208
58593
42209
58594
58596
42212
58597
42213
25829
58598
42214
25830
58599
42215
58600
42216
25832
58601
25833
58602
42218
58603
25835
58604
42220
25836
58605
42221
58606
58607
42223
25839
58608
42224
58609
42225
25841
58610
58611
42227
58612
42228
25844
58613
42229
58614
42230
58615
42231
25847
58616
58617
42233
58618
42234
58619
42235
58621
42237
58622
42238
25854
58623
42239
58624
25856
58625
58626
58627
58628
42244
58629
42245
58630
58631
42247
58632
58633
42249
58634
58635
58636
58637
58638
42254
58639
42255
58640
58642
42258
58643
58644
42260
58645
42261
58646
58647
58648
58649
42265
58650
58651
42267
58652
42268
58653
42269
58654
58656
42272
58657
25889
58658
42274
58659
42275
58660
42276
25892
58661
58662
42278
58663
58664
42280
25896
58665
58666
58667
58668
42284
58669
42285
58670
58671
42287
58672
42288
58673
42289
58674
42290
58675
58676
58677
58678
42294
58679
42295
58681
58682
42298
25914
58683
42299
58684
58686
58687
58688
42304
58689
42305
58690
58691
42307
58692
58693
42309
58694
58695
58696
58697
58698
42314
58700
58702
58703
58704
42320
58705
58706
58707
58709
58710
58712
58713
58714
58716
58718
58719
42335
58720
42336
58721
58722
42338
58723
58724
58725
58726
58727
58728
42344
58729
42345
58730
58731
58732
58733
58734
42350
58735
58736
58738
42354
58739
42355
58742
58743
42359
58744
58746
58748
58749
58750
58751
58752
58753
58754
58755
58762
58763
58764
58769
58772
58774
58776
58778
58779
42395
58780
58781
58782
58783
58784
58785
58786
58787
42404
58789
58790
58791
58793
58794
42410
58796
58799
42415
58803
58809
58810
58811
58812
58815
58823
58824
58836
58838
58841
58845
58846
58849
58853
58863
58869
58871
58872
58875
58901
58909
10500
10501
10502
10503
10504
10505
10506
10507
10508
10509
10510
10511
10512
10513
10514
10515
10516
10517
10518
10519
10520
10521
10522
10523
10524
10525
10526
10527
10528
10529
10530
10531
10532
10533
10534
10535
10536
10537
10538
10539
10540
10541
10542
10543
10544
10545
10546
10547
10548
10549
10550
10551
10552
10553
10554
10555
10556
10557
10558
10559
10560
10561
10562
10563
10564
10565
10566
10567
10568
10569
10570
10571
10572
10573
10574
10575
10576
10577
10578
10579
10580
10581
10582
10584
10585
10586
10587
10588
10589
10590
10591
10592
10593
10594
10595
10596
10597
10598
10599
10600
10601
10602
10603
10604
10605
10606
10607
10608
10609
10610
10611
10612
10613
10614
10615
27000
10616
27001
10617
27002
10618
27003
10619
27004
10620
27005
10621
27006
10622
27007
10623
27008
10624
27009
10625
27010
10626
27011
10627
27012
10628
27013
10629
27014
10630
27015
10631
27016
10632
27017
10633
27018
10634
27019
10635
27020
10636
27021
10637
27022
10638
27023
10639
27024
10640
27025
10641
27026
10642
27027
27028
10644
27029
10645
27030
10646
27031
10647
27032
10648
27033
10649
27034
10650
27035
10651
27036
10652
27037
10653
27038
10654
27039
10655
27040
10656
27041
10657
27042
27043
10659
27044
10660
27045
10661
27046
10662
27047
10663
27048
10664
27049
10665
27050
10666
27051
10667
27052
10668
27053
10669
27054
10670
27055
10671
27056
10672
27057
10673
27058
10674
27059
10675
10676
27061
10677
27062
10678
27063
27064
10680
27065
10681
27066
27067
10683
27068
10684
27069
10685
27070
10686
27071
10687
27072
10688
27073
10689
27074
10690
27075
10691
27076
27077
10693
27078
10694
27079
10695
27080
10696
27081
10697
27082
10698
27083
10699
27084
10700
27085
10701
27086
10702
27087
27088
10704
27089
10705
27090
10706
27091
27092
10708
27093
10709
27094
27095
10711
27096
10712
27097
10713
27098
10714
27099
10715
27100
10716
27101
10717
27102
27103
27104
27105
10721
27106
10722
27107
10723
27108
10724
27109
10725
27110
10726
27111
10727
27112
10728
27113
10729
27114
10730
27115
10731
43500
27116
10732
43501
27117
10733
43502
27118
10734
43503
27119
10735
43504
43505
27121
43506
27122
43507
27123
43508
27124
10740
43509
27125
10741
43510
27126
43511
27127
43512
27128
43513
27129
43514
27130
10746
43515
27131
43516
27132
10748
43517
27133
43518
27134
10750
43519
27135
10751
43520
27136
43521
27137
10753
43522
27138
43523
27139
10755
43524
27140
43525
27141
10757
43526
27142
43527
27143
10759
43528
10760
43529
27145
10761
43530
27146
10762
43531
27147
43532
27148
10764
43533
27149
43534
27150
10766
43535
27151
43536
27152
10768
43537
27153
10769
43538
27154
43539
27155
43540
27156
10772
43541
27157
10773
43542
27158
10774
43543
27159
43544
27160
10776
43545
27161
10777
43546
27162
43547
27163
43548
27164
43549
27165
10781
43550
27166
10782
43551
43552
27168
10784
43553
43554
27170
10786
43555
27171
10787
43556
27172
43557
27173
10789
43558
27174
10790
43559
27175
43560
27176
43561
27177
10793
43562
27178
10794
43563
43564
43565
43566
27182
43567
27183
43568
27184
10800
43569
43570
27186
43571
43572
27188
43573
27189
43574
27190
43575
27191
43576
27192
43577
27193
43578
27194
43579
27195
43580
27196
43581
27197
43582
27198
43583
43584
27200
43585
27201
43586
27202
43587
10819
43588
43589
27205
10821
43590
27206
43591
27207
43592
43593
27209
43594
27210
43595
27211
43596
27212
43597
27213
43598
43599
43600
27216
43601
27217
10833
43602
27218
10834
43603
27219
43604
27220
10836
43605
27221
10837
43606
27222
43607
27223
43608
27224
43609
27225
43610
27226
10842
43611
43612
27228
10844
43613
43614
27230
10846
43615
27231
10847
43616
27232
43617
27233
10849
43618
27234
43619
27235
43620
27236
43621
27237
43622
27238
43623
43624
43625
43626
27242
43627
27243
43628
27244
43629
43630
27246
43631
43632
27248
43633
27249
43634
43635
27251
43636
43637
27253
43638
43639
27255
43640
43641
27257
43642
27258
43643
43644
27260
43645
43646
43647
10879
43648
43649
43650
27266
43651
43652
43653
27269
43654
43655
27271
43656
27272
43657
27273
43658
43659
43660
27276
43661
27277
43662
27278
43663
43664
27280
43665
27281
43666
27282
43667
43668
27284
43669
43670
27286
43671
43672
27288
43673
43674
27290
43675
27291
43676
43677
27293
10909
43678
43679
27295
43680
43681
27297
43682
27298
43684
43685
43686
43687
27303
43688
27304
43689
43690
43691
43692
43693
27309
43694
43695
27311
43696
43697
27313
43698
43700
43701
43702
43703
43704
43705
43707
43708
43709
43710
43711
43712
43713
27329
43714
43715
43716
43718
43719
43720
43721
43722
43723
43724
27340
43725
27341
43726
43727
43728
27344
43729
43730
27346
43731
43732
27348
43733
43734
43735
43736
43737
27353
43738
43739
43742
43746
43747
43748
43749
43752
43756
43760
43762
43764
43765
43767
43768
43769
43770
43772
43773
27389
43774
43775
43776
43781
43783
27401
43786
43787
43788
43789
43790
43791
43793
43794
43795
43796
43798
43802
43806
43807
43808
43812
43816
43825
43829
43830
43832
43834
43835
43840
43841
27461
43850
43856
43866
43890
43900
43901
43916
43926
43976
12000
12001
12002
12003
12004
12005
12006
12007
12008
12009
12010
12011
12012
12013
12014
12015
12016
12017
12018
12019
12020
12021
12022
12023
12024
12025
12026
12027
12028
12029
12030
12031
12032
12033
12034
12035
12036
12037
12038
12039
12040
12041
12042
12043
12044
12045
12046
12047
12048
12049
12050
12051
12052
12053
12054
12055
12056
12057
12058
12059
12060
12061
12062
12063
12064
12065
12066
12067
12068
12069
12070
12071
12072
12073
12074
12075
12076
12077
12078
12079
12080
12081
12082
12083
12084
12086
12087
12088
12089
12090
12091
12092
12093
12094
12095
12096
12097
12098
12099
12100
12101
12102
12103
12104
12105
12106
12107
12108
12109
12110
12111
12112
12113
12114
12115
28500
12116
28501
12117
28502
12118
28503
12119
28504
12120
28505
12121
28506
12122
28507
12123
28508
12124
28509
12125
28510
12126
28511
12127
28512
12128
28513
12129
28514
12130
28515
12131
28516
12132
28517
12133
28518
12134
28519
12135
28520
12136
28521
12137
28522
12138
28523
12139
28524
12140
28525
12141
28526
12142
28527
12143
28528
12144
28529
28530
12146
28531
12147
28532
12148
28533
12149
28534
12150
28535
12151
28536
12152
28537
12153
28538
12154
28539
12155
28540
12156
28541
12157
28542
12158
28543
12159
28544
12160
28545
12161
28546
12162
28547
12163
28548
12164
28549
12165
28550
12166
28551
12167
28552
12168
28553
28554
12170
28555
12171
28556
12172
28557
12173
28558
12174
28559
12175
28560
12176
28561
12177
28562
12178
28563
12179
28564
12180
28565
12181
28566
12182
28567
12183
28568
12184
28569
28570
28571
12187
28572
12188
28573
12189
28574
12190
28575
28576
12192
28577
12193
28578
12194
28579
12195
28580
12196
28581
12197
28582
12198
28583
12199
28584
28585
12201
28586
12202
28587
12203
28588
12204
28589
28590
12206
28591
12207
28592
28593
12209
28594
28595
12211
28596
12212
28597
12213
28598
12214
28599
12215
28600
12216
28601
12217
28602
28603
28604
12220
28605
12221
28606
12222
28607
12223
28608
12224
28609
12225
28610
12226
28611
28612
28613
28614
12230
28615
12231
45000
28616
12232
45001
28617
12233
45002
28618
12234
45003
28619
12235
45004
28620
12236
45005
28621
12237
45006
28622
12238
45007
28623
12239
45008
28624
12240
45009
28625
12241
45010
28626
12242
45011
28627
12243
45012
28628
45013
28629
45014
28630
45015
28631
12247
45016
28632
12248
45017
28633
45018
28634
12250
45019
28635
45020
28636
45021
45022
28638
12254
45023
28639
45024
28640
12256
45025
28641
12257
45026
28642
12258
45027
28643
12259
45028
28644
45029
28645
45030
28646
12262
45031
28647
12263
45032
28648
12264
45033
28649
45034
28650
12266
45035
28651
12267
45036
28652
45037
28653
45038
28654
45039
28655
12271
45040
28656
45041
28657
45042
28658
45043
28659
12275
45044
28660
45045
28661
12277
45046
28662
45047
28663
45048
28664
45049
28665
12281
45050
28666
45051
28667
12283
45052
28668
12284
45053
28669
12285
45054
28670
12286
45055
28671
45056
28672
45057
28673
45058
28674
12290
45059
28675
12291
45060
28676
45061
28677
45062
28678
45063
28679
12295
45064
28680
12296
45065
28681
12297
45066
28682
45067
28683
45068
28684
12300
45069
28685
45070
28686
12302
45071
28687
45072
28688
45073
28689
45074
28690
45075
28691
12307
45076
28692
12308
45077
28693
45078
28694
45079
45080
28696
45081
45082
28698
12314
45083
28699
45084
28700
45085
28701
45086
28702
12318
45087
28703
45088
28704
45089
28705
45090
28706
45091
28707
12323
45092
28708
12324
45093
28709
45094
28710
12326
45095
28711
45096
28712
45097
28713
45098
45099
28715
12331
45100
28716
45101
28717
45102
28718
45103
12335
45104
28720
45105
28721
45106
28722
45107
28723
45108
28724
45109
28725
45110
45111
28727
12343
45112
28728
45113
28729
12345
45114
28730
45115
28731
45116
28732
45117
28733
45118
28734
12350
45119
28735
45120
28736
45121
28737
45122
28738
45123
28739
45124
45125
28741
45126
28742
45127
45128
45129
28745
45130
45131
28747
45132
28748
45133
28749
45134
45135
45136
28752
45137
28753
45138
28754
45139
45140
28756
45141
45142
45143
28759
45144
28760
45145
28761
45146
45147
28763
45148
28764
45149
28765
45150
45151
28767
45152
28768
45154
28770
45155
45156
28772
45157
28773
45158
45159
28775
12391
45160
45161
28777
45162
45163
45164
28780
45166
45167
28783
45168
28784
45169
45170
45171
28787
45172
45173
28789
45174
28790
45175
45176
28792
45177
28793
45178
28794
45179
28795
45180
28797
45182
28798
45183
45184
45185
28801
45186
28802
45187
45189
45190
45191
28807
45192
45193
28809
45194
45195
45196
28812
45197
28813
45198
28814
45199
45200
45201
45202
45203
45204
45205
28821
45206
45207
45208
45209
28825
45211
28827
45212
28828
45214
28830
45215
28831
45216
28832
45217
28833
45218
45220
45221
45222
45223
45224
28840
45226
45227
45228
28844
45231
28847
45232
45233
28850
45235
45236
28852
45237
45238
45239
28855
45242
28858
45245
28867
45252
45253
45254
45256
45257
28874
45259
45261
45263
45264
45265
28881
45266
45267
45269
28887
45272
45274
28890
45275
45276
45277
28893
45278
45281
45282
45283
45284
45286
45287
45291
45292
45293
28910
45295
45296
45299
45305
28934
45319
45321
45323
45326
45327
45341
45342
45347
45351
45352
28970
45355
45356
45359
45381
45402
45411
13500
13501
13502
13503
13504
13505
13506
13507
13508
13509
13510
13511
13512
13513
13514
13515
13516
13517
13518
13519
13520
13521
13522
13523
13524
13525
13526
13527
13528
13529
13530
13531
13532
13533
13534
13535
13536
13537
13538
13539
13540
13541
13542
13543
13544
13545
13546
13547
13548
13549
13550
13551
13552
13553
13554
13555
13556
13557
13558
13559
13560
13561
13562
13563
13564
13565
13566
13567
13568
13569
13570
13571
13572
13573
13574
13575
13577
13578
13579
13580
13581
13582
13583
13584
13585
13586
13587
13588
13589
13590
13591
13592
13593
13594
13595
13596
13597
13598
13599
13600
13601
13602
13603
13604
13605
13606
13607
13608
13609
13610
13611
13612
13613
13614
13615
30000
13616
30001
13617
30002
13618
30003
13619
30004
13620
30005
13621
30006
13622
30007
13623
30008
13624
30009
13625
30010
13626
30011
13627
30012
13628
30013
13629
30014
13630
30015
13631
30016
13632
30017
13633
30018
13634
30019
30020
30021
13637
30022
13638
30023
13639
30024
13640
30025
13641
30026
13642
30027
13643
30028
13644
30029
13645
30030
13646
30031
13647
30032
13648
30033
13649
30034
13650
30035
13651
30036
13652
30037
13653
30038
13654
30039
13655
30040
13656
30041
13657
30042
13658
30043
13659
30044
13660
30045
30046
13662
30047
13663
30048
13664
30049
13665
30050
13666
30051
13667
30052
13668
30053
13669
30054
13670
30055
13671
30056
13672
30057
13673
30058
13674
30059
13675
30060
13676
30061
13677
30062
13678
30063
13679
30064
13680
30065
13681
30066
30067
13683
30068
13684
30069
13685
30070
13686
30071
13687
30072
13688
30073
13689
30074
30075
13691
30076
13692
30077
13693
30078
13694
30079
30080
30081
13697
30082
13698
30083
13699
30084
13700
30085
13701
30086
30087
13703
30088
13704
30089
13705
30090
13706
30091
13707
30092
13708
30093
13709
30094
30095
13711
30096
30097
30098
13714
30099
13715
30100
30101
30102
13718
30103
13719
30104
13720
30105
30106
13722
30107
30108
13724
30109
30110
13726
30111
13727
30112
30113
13729
30114
13730
30115
13731
46500
30116
13732
46501
30117
13733
46502
30118
13734
46503
30119
46504
30120
13736
46505
13737
46506
30122
13738
46507
30123
13739
46508
30124
13740
46509
30125
46510
30126
46511
30127
13743
46512
30128
13744
46513
30129
13745
46514
30130
13746
46515
30131
46516
30132
46517
30133
13749
46518
46519
30135
46520
30136
46521
30137
46522
30138
13754
46523
30139
46524
30140
46525
30141
46526
30142
13758
46527
30143
13759
46528
30144
13760
46529
30145
46530
13762
46531
30147
13763
46532
30148
46533
30149
46534
30150
13766
46535
30151
13767
46536
30152
13768
46537
30153
13769
46538
30154
46539
30155
13771
46540
30156
46541
30157
46542
30158
13774
46543
30159
46544
30160
46545
30161
46546
30162
46547
30163
13779
46548
30164
13780
46549
30165
46550
30166
13782
46551
30167
46552
30168
13784
46553
30169
46554
30170
46555
30171
13787
46556
30172
46557
30173
13789
46558
30174
13790
46559
30175
13791
46560
30176
13792
46561
30177
13793
46562
30178
46563
30179
46564
30180
13796
46565
13797
46566
30182
46567
30183
13799
46568
13800
46569
30185
46570
46571
30187
46572
30188
46573
30189
46574
30190
13806
46575
30191
46576
30192
46577
13809
46578
46579
30195
46580
30196
46581
30197
13813
46582
30198
46583
30199
46584
30200
46585
30201
46586
30202
46587
30203
46588
30204
46589
30205
46590
46591
46592
30208
46593
30209
46594
30210
13826
46595
30211
46596
30212
46597
30213
46598
30214
46599
30215
46600
30216
46601
30217
46602
30218
46603
30219
46604
30220
46605
46606
30222
46607
30223
46608
30224
46609
30225
46610
30226
13842
46611
30227
46612
30228
13844
46613
30229
46614
30230
46615
30231
13847
46616
30232
46617
30233
46618
30234
13850
46619
30235
46620
13852
46621
30237
13853
46622
30238
46623
30239
46624
46625
46626
30242
46627
13859
46628
46629
30245
46630
46631
46632
46633
46634
46635
30251
46636
30252
46637
30253
13869
46638
46639
46640
30256
46641
30257
46642
30258
46643
30259
46644
30260
46645
30261
46646
30262
46647
46648
46649
30265
46650
46651
46652
30268
46653
30269
46654
30270
13886
46655
30271
46656
30272
46657
30273
46658
46659
46660
30276
46661
30277
46662
46663
46664
46665
46666
46667
30283
46668
30284
46669
30285
46670
30286
46671
46672
30288
46673
30289
30290
46675
46676
30292
46677
30293
46678
46679
30295
46680
46681
30297
13913
30298
46683
30299
46684
46685
46686
46687
13919
46688
46689
30305
46690
46691
46692
46693
46694
46695
30311
46696
30312
46697
13929
46698
46699
46700
46701
30317
46702
30318
30319
46704
46705
46706
46707
46708
46709
46710
46712
46713
46714
46715
46716
30332
46717
30333
46718
46720
30336
46721
30337
46722
46723
46724
46725
46726
46727
30343
46728
30344
46729
30345
30346
46731
46732
46733
30350
30352
46737
30353
46738
30355
46743
46744
46745
46746
46747
46749
46750
46751
46752
46756
30372
46758
46759
46760
46761
46762
30378
46766
46767
46768
46769
46772
46773
46774
46776
30392
46777
46778
30397
46782
46783
46784
46786
46787
46788
30406
46791
30410
30412
46797
46798
30418
46805
46816
46822
46826
46827
46828
46832
46834
46843
46846
46851
30472
46857
46858
46886
46887
46888
46892
15000
15001
15002
15003
15004
15005
15006
15007
15008
15009
15010
15011
15012
15013
15014
15015
15016
15017
15018
15019
15020
15021
15022
15023
15024
15025
15026
15027
15028
15029
15030
15031
15032
15033
15034
15035
15036
15037
15038
15039
15040
15041
15042
15043
15044
15045
15046
15047
15048
15049
15050
15051
15052
15053
15054
15055
15056
15057
15058
15059
15060
15061
15062
15063
15064
15065
15066
15067
15068
15069
15070
15071
15072
15073
15074
15075
15076
15077
15078
15079
15080
15081
15082
15083
15084
15085
15086
15087
15088
15089
15090
15091
15092
15093
15094
15095
15096
15097
15098
15099
15100
15101
15102
15103
15104
15105
15106
15107
15108
15109
15110
15111
15112
15113
15114
15115
31500
15116
31501
15117
31502
15118
31503
15119
31504
15120
31505
15121
31506
15122
31507
15123
31508
15124
31509
15125
31510
15126
31511
15127
31512
15128
31513
15129
31514
15130
31515
15131
31516
15132
31517
15133
31518
15134
31519
15135
31520
15136
31521
15137
31522
15138
31523
15139
31524
15140
31525
15141
31526
15142
31527
15143
31528
15144
31529
15145
31530
15146
31531
15147
31532
15148
31533
15149
31534
15150
31535
15151
31536
15152
31537
15153
31538
15154
31539
15155
31540
31541
15157
31542
15158
31543
15159
31544
15160
31545
15161
31546
15162
31547
15163
31548
15164
31549
15165
31550
15166
31551
15167
31552
15168
31553
15169
31554
15170
31555
15171
31556
15172
31557
15173
31558
15174
31559
15175
31560
15176
31561
15177
31562
15178
31563
15179
31564
15180
31565
15181
31566
15182
31567
15183
31568
15184
31569
15185
31570
15186
31571
15187
31572
15188
31573
15189
31574
15190
31575
31576
15192
31577
15193
31578
15194
31579
15195
31580
31581
15197
31582
15198
31583
15199
31584
15200
31585
31586
15202
31587
15203
31588
31589
15205
31590
15206
31591
15207
31592
15208
31593
15209
31594
15210
31595
15211
31596
15212
31597
15213
31598
15214
31599
15215
31601
15217
31602
15218
31603
15219
31604
15220
31605
15221
31606
15222
31607
31608
15224
31609
15225
31610
15226
31611
15227
31612
31613
15229
31614
15230
31615
15231
48000
31616
15232
48001
31617
15233
48002
31618
48003
31619
15235
48004
31620
15236
48005
31621
15237
48006
31622
15238
48007
15239
48008
31624
15240
48009
31625
48010
31626
48011
31627
48012
31628
15244
48013
31629
15245
48014
31630
48015
31631
48016
31632
15248
48017
31633
15249
48018
31634
15250
48019
31635
48020
31636
48021
31637
48022
31638
15254
48023
31639
15255
48024
31640
48025
31641
15257
48026
31642
15258
48027
31643
15259
48028
31644
48029
31645
48030
31646
15262
48031
31647
15263
48032
31648
48033
31649
48034
31650
15266
48035
31651
48036
31652
48037
31653
15269
48038
31654
15270
48039
31655
15271
48040
31656
15272
48041
31657
15273
48042
31658
15274
48043
31659
15275
48044
31660
48045
48046
31662
15278
48047
31663
48048
31664
48049
31665
48050
31666
48051
31667
48052
31668
15284
48053
31669
48054
31670
48055
31671
15287
48056
31672
48057
31673
15289
48058
31674
15290
48059
31675
48060
31676
15292
48061
31677
48062
31678
48063
31679
15295
48064
31680
15296
48065
15297
48066
31682
15298
48067
15299
48068
31684
48069
48070
31686
48071
31687
48072
31688
15304
48073
31689
15305
48074
31690
48075
31691
48076
31692
15308
48077
15309
48078
31694
15310
48079
31695
48080
48081
31697
15313
48082
31698
48083
31699
48084
31700
48085
31701
15317
48086
31702
15318
48087
31703
15319
48088
31704
48089
31705
48090
31706
15322
48091
15323
48092
48093
48094
31710
48095
48096
31712
48097
31713
15329
48098
31714
48099
31715
48100
31716
48101
31717
48102
15334
48103
31719
48104
48106
31722
48107
48108
31724
48109
31725
48110
31726
48111
31727
48112
31728
15344
48113
31729
48114
31730
48115
31731
15347
48116
31732
48117
31733
48118
31734
15350
48119
31735
48120
31736
15352
31737
48122
48123
31739
48124
48125
48126
31742
48127
48128
31744
48129
48130
48131
31747
48132
15364
48133
48134
48135
48136
31752
15368
48137
31753
15369
48138
31754
48139
31755
48140
31757
48142
31758
48143
48144
31760
48145
48146
31762
48147
48148
31764
48149
31765
48150
31766
48151
48152
48153
48154
31770
48155
48156
31772
48157
15389
48158
48159
48160
48161
48162
48163
48164
48166
31782
48167
48168
31784
48169
31785
48170
31786
48172
31788
15404
48173
31789
48174
31790
48175
31791
15407
48176
48177
31793
48178
15410
48179
31795
48180
31796
31797
48182
48183
31799
48184
48185
48186
31802
48187
48188
31804
48189
48190
48192
48194
48195
48196
48197
31813
15429
48198
31814
48199
48200
48202
48204
31820
48205
48206
31822
48207
48208
31824
48209
48210
31826
48211
48213
48214
31830
48215
48216
31832
15449
48221
48222
48223
48224
31842
48227
48228
31844
48229
31845
48230
48232
31848
48233
31849
48234
15467
48236
48238
48239
31855
48240
31857
48242
48243
31859
48244
48247
48248
31864
48249
48250
48252
48254
48256
48257
48258
48259
48260
48262
31880
48265
48266
48267
31884
48269
48274
48275
48276
48281
48282
48284
31902
48288
31905
48290
48293
48294
48298
48299
31919
48309
48312
48314
48318
48320
48322
48326
48334
48336
48341
48342
48344
48353
48358
48359
48369
48372
48380
48386
48402
48418
48446
)


// ************************************************************************* //
