     0.004 0.000133952
     0.012 0.000283621
      0.02 0.000272318
     0.028 0.000195727
     0.036 0.000118245
     0.044 6.24943e-05
     0.052 2.92546e-05
      0.06 1.20769e-05
     0.068 4.30873e-06
     0.076 1.29127e-06
     0.084 3.60673e-07
     0.092 2.09887e-07
       0.1 2.84044e-07
     0.108 3.84969e-07
     0.116 4.60072e-07
     0.124 5.06089e-07
     0.132 5.31528e-07
      0.14 5.44678e-07
     0.148 5.51149e-07
     0.156 5.54208e-07
     0.164 5.55606e-07
     0.172 5.56224e-07
      0.18 5.56492e-07
     0.188 5.56603e-07
     0.196 5.56648e-07
  0.204065 5.56663e-07
  0.212415 5.56666e-07
  0.221217 5.56664e-07
  0.230495 5.56661e-07
  0.240275 5.56659e-07
  0.250584 5.56659e-07
  0.261452 5.56659e-07
  0.272907 5.5666e-07
  0.284982 5.56661e-07
  0.297711 5.56662e-07
  0.311128 5.56662e-07
  0.325272 5.56662e-07
   0.34018 5.56662e-07
  0.355896 5.56663e-07
  0.372462 5.56663e-07
  0.389924 5.56663e-07
  0.408331 5.56663e-07
  0.427734 5.56663e-07
  0.448188 5.56663e-07
  0.469747 5.56663e-07
  0.492474 5.56663e-07
  0.516431 5.56663e-07
  0.541683 5.56663e-07
  0.568302 5.56663e-07
  0.596362 5.56663e-07
   0.62594 5.56663e-07
  0.657119 5.56663e-07
  0.689984 5.56663e-07
  0.724628 5.56663e-07
  0.761147 5.56663e-07
  0.799642 5.56663e-07
   0.84022 5.56663e-07
  0.882994 5.56663e-07
  0.928082 5.56663e-07
   0.97561 5.56663e-07
