     0.004 3.1742e-18
     0.012 3.2518e-18
      0.02 3.20402e-18
     0.028 2.94656e-18
     0.036 2.5604e-18
     0.044 2.18538e-18
     0.052 1.86456e-18
      0.06 1.59472e-18
     0.068 1.36541e-18
     0.076 1.17114e-18
     0.084 1.0076e-18
     0.092 8.69903e-19
       0.1 7.53629e-19
     0.108 6.55317e-19
     0.116 5.72144e-19
     0.124 5.01712e-19
     0.132 4.41991e-19
      0.14 3.91289e-19
     0.148 3.48187e-19
     0.156 3.11502e-19
     0.164 2.80245e-19
     0.172 2.53584e-19
      0.18 2.30824e-19
     0.188 2.11389e-19
     0.196 1.94812e-19
  0.204065 1.80554e-19
  0.212415 1.67941e-19
  0.221217 1.56618e-19
  0.230495 1.46527e-19
  0.240275 1.3764e-19
  0.250584 1.29927e-19
  0.261452 1.23359e-19
  0.272907 1.1791e-19
  0.284982 1.13554e-19
  0.297711 1.10267e-19
  0.311128 1.08025e-19
  0.325272 1.06799e-19
   0.34018 1.06559e-19
  0.355896 1.07273e-19
  0.372462 1.08903e-19
  0.389924 1.11417e-19
  0.408331 1.14761e-19
  0.427734 1.18895e-19
  0.448188 1.23743e-19
  0.469747 1.29255e-19
  0.492474 1.35368e-19
  0.516431   1.42e-19
  0.541683 1.49073e-19
  0.568302 1.56531e-19
  0.596362 1.64313e-19
   0.62594 1.72331e-19
  0.657119 1.80526e-19
  0.689984 1.88799e-19
  0.724628 1.97036e-19
  0.761147 2.0511e-19
  0.799642 2.13038e-19
   0.84022 2.20897e-19
  0.882994 2.28715e-19
  0.928082 2.3601e-19
   0.97561 2.41362e-19
