     0.004  0.0163678
     0.012  0.0238168
      0.02  0.0233374
     0.028  0.0197852
     0.036  0.0153782
     0.044  0.0111798
     0.052 0.00764913
      0.06 0.00491465
     0.068 0.00293555
     0.076 0.00160703
     0.084 0.00084932
     0.092  0.0006479
       0.1 0.000753716
     0.108 0.000877461
     0.116 0.000959241
     0.124 0.00100607
     0.132 0.00103105
      0.14 0.00104372
     0.148  0.0010499
     0.156 0.00105281
     0.164 0.00105414
     0.172 0.00105473
      0.18 0.00105498
     0.188 0.00105509
     0.196 0.00105513
  0.204065 0.00105514
  0.212415 0.00105515
  0.221217 0.00105514
  0.230495 0.00105514
  0.240275 0.00105514
  0.250584 0.00105514
  0.261452 0.00105514
  0.272907 0.00105514
  0.284982 0.00105514
  0.297711 0.00105514
  0.311128 0.00105514
  0.325272 0.00105514
   0.34018 0.00105514
  0.355896 0.00105514
  0.372462 0.00105514
  0.389924 0.00105514
  0.408331 0.00105514
  0.427734 0.00105514
  0.448188 0.00105514
  0.469747 0.00105514
  0.492474 0.00105514
  0.516431 0.00105514
  0.541683 0.00105514
  0.568302 0.00105514
  0.596362 0.00105514
   0.62594 0.00105514
  0.657119 0.00105514
  0.689984 0.00105514
  0.724628 0.00105514
  0.761147 0.00105514
  0.799642 0.00105514
   0.84022 0.00105514
  0.882994 0.00105514
  0.928082 0.00105514
   0.97561 0.00105514
