     0.004  0.0214599
     0.012  0.0548154
      0.02  0.0798238
     0.028  0.0980929
     0.036   0.111093
     0.044   0.120097
     0.052   0.126163
      0.06   0.130134
     0.068    0.13266
     0.076   0.134221
     0.084   0.135157
     0.092   0.135702
       0.1    0.13601
     0.108   0.136179
     0.116    0.13627
     0.124   0.136316
     0.132    0.13634
      0.14   0.136351
     0.148   0.136356
     0.156   0.136359
     0.164    0.13636
     0.172    0.13636
      0.18   0.136361
     0.188   0.136361
     0.196   0.136361
  0.204065   0.136361
  0.212415   0.136361
  0.221217   0.136361
  0.230495   0.136361
  0.240275   0.136361
  0.250584   0.136361
  0.261452   0.136361
  0.272907   0.136361
  0.284982   0.136361
  0.297711   0.136361
  0.311128   0.136361
  0.325272   0.136361
   0.34018   0.136361
  0.355896   0.136361
  0.372462   0.136361
  0.389924   0.136361
  0.408331   0.136361
  0.427734   0.136361
  0.448188   0.136361
  0.469747   0.136361
  0.492474   0.136361
  0.516431   0.136361
  0.541683   0.136361
  0.568302   0.136361
  0.596362   0.136361
   0.62594   0.136361
  0.657119   0.136361
  0.689984   0.136361
  0.724628   0.136361
  0.761147   0.136361
  0.799642   0.136361
   0.84022   0.136361
  0.882994   0.136361
  0.928082   0.136361
   0.97561   0.136361
