     0.004 4.41177e-14
     0.012 3.82756e-14
      0.02 8.18963e-15
     0.028 2.12298e-13
     0.036 1.62612e-13
     0.044 2.8511e-14
     0.052 2.2506e-14
      0.06 1.08869e-14
     0.068 -2.50928e-15
     0.076 -3.85968e-15
     0.084 -1.22848e-15
     0.092 1.72879e-18
       0.1 2.67709e-16
     0.108 1.8816e-16
     0.116 1.85246e-17
     0.124 -5.55997e-17
     0.132 -1.11109e-17
      0.14 2.4981e-17
     0.148 -2.27803e-17
     0.156 -5.84899e-17
     0.164 -7.28445e-17
     0.172 -5.26983e-17
      0.18 -2.0375e-17
     0.188 -2.57286e-17
     0.196 -1.45513e-16
  0.204065 -2.69219e-16
  0.212415 -3.30393e-16
  0.221217 -2.60133e-16
  0.230495 -2.36361e-16
  0.240275 -2.16396e-16
  0.250584 -8.03247e-17
  0.261452 -5.84455e-17
  0.272907 -4.01428e-17
  0.284982 2.16001e-16
  0.297711 3.40248e-16
  0.311128 2.80078e-16
  0.325272 2.30586e-16
   0.34018 3.74612e-17
  0.355896 1.76462e-17
  0.372462 3.00775e-16
  0.389924 5.02926e-16
  0.408331 7.0979e-16
  0.427734 8.63513e-16
  0.448188 7.22879e-16
  0.469747 8.75756e-16
  0.492474 1.20616e-15
  0.516431 1.18219e-15
  0.541683 1.53015e-15
  0.568302 1.58623e-15
  0.596362 1.54782e-15
   0.62594 1.54664e-15
  0.657119 1.09555e-15
  0.689984 8.2498e-16
  0.724628 3.51025e-18
  0.761147 -5.26759e-16
  0.799642 -6.55491e-16
   0.84022 -4.43524e-16
  0.882994 -3.42714e-16
  0.928082 -3.47138e-16
   0.97561 1.16844e-16
