     0.004 2.39587e-09
     0.012 7.17764e-09
      0.02 2.05686e-08
     0.028 3.30592e-08
     0.036 3.7904e-08
     0.044 3.69128e-08
     0.052 3.36442e-08
      0.06 3.00248e-08
     0.068 2.66564e-08
     0.076 2.37477e-08
     0.084 2.12985e-08
     0.092 1.92539e-08
       0.1 1.75046e-08
     0.108 1.59808e-08
     0.116 1.46269e-08
     0.124 1.34175e-08
     0.132 1.23278e-08
      0.14 1.13481e-08
     0.148 1.04659e-08
     0.156 9.67628e-09
     0.164 8.97149e-09
     0.172 8.34971e-09
      0.18 7.80611e-09
     0.188 7.33797e-09
     0.196 6.9416e-09
  0.204065 6.61548e-09
  0.212415 6.34968e-09
  0.221217 6.12895e-09
  0.230495 5.93914e-09
  0.240275 5.76669e-09
  0.250584 5.60104e-09
  0.261452 5.43371e-09
  0.272907 5.26011e-09
  0.284982 5.07741e-09
  0.297711 4.8871e-09
  0.311128 4.68927e-09
  0.325272 4.48699e-09
   0.34018 4.28163e-09
  0.355896 4.07524e-09
  0.372462 3.86973e-09
  0.389924 3.66673e-09
  0.408331 3.46772e-09
  0.427734 3.27242e-09
  0.448188 3.08143e-09
  0.469747 2.89623e-09
  0.492474 2.71599e-09
  0.516431 2.54027e-09
  0.541683 2.36941e-09
  0.568302 2.20361e-09
  0.596362 2.04215e-09
   0.62594 1.88272e-09
  0.657119 1.72387e-09
  0.689984 1.56431e-09
  0.724628 1.40728e-09
  0.761147 1.26524e-09
  0.799642 1.14776e-09
   0.84022 1.03868e-09
  0.882994 8.8035e-10
  0.928082 6.18364e-10
   0.97561 2.29201e-10
