     0.004 9.34609e-11
     0.012 1.76729e-10
      0.02 1.79641e-10
     0.028 1.51256e-10
     0.036 1.20839e-10
     0.044 9.7545e-11
     0.052 8.23292e-11
      0.06 7.26356e-11
     0.068 6.61112e-11
     0.076 6.14464e-11
     0.084 5.79812e-11
     0.092 5.5359e-11
       0.1 5.33637e-11
     0.108 5.18684e-11
     0.116 5.0769e-11
     0.124 4.99871e-11
     0.132 4.95278e-11
      0.14 4.91139e-11
     0.148 4.8873e-11
     0.156 4.8689e-11
     0.164 4.84752e-11
     0.172 4.81555e-11
      0.18 4.76326e-11
     0.188 4.67889e-11
     0.196 4.55232e-11
  0.204065 4.3767e-11
  0.212415 4.16173e-11
  0.221217 3.94126e-11
  0.230495 3.75585e-11
  0.240275 3.62977e-11
  0.250584 3.57316e-11
  0.261452 3.57472e-11
  0.272907 3.61905e-11
  0.284982 3.68419e-11
  0.297711 3.75597e-11
  0.311128 3.82344e-11
  0.325272 3.88166e-11
   0.34018 3.92648e-11
  0.355896 3.9624e-11
  0.372462 3.98529e-11
  0.389924 4.00144e-11
  0.408331 4.00877e-11
  0.427734 4.01231e-11
  0.448188 4.01058e-11
  0.469747 4.00902e-11
  0.492474 4.00392e-11
  0.516431 4.00055e-11
  0.541683 3.99568e-11
  0.568302 3.99342e-11
  0.596362 3.99049e-11
   0.62594 3.98982e-11
  0.657119 3.98944e-11
  0.689984 3.99027e-11
  0.724628 3.99177e-11
  0.761147 3.99384e-11
  0.799642 3.99638e-11
   0.84022 3.99899e-11
  0.882994 4.00268e-11
  0.928082 4.00626e-11
   0.97561 4.01506e-11
