     0.004 2.55645e-05
     0.012 7.05563e-05
      0.02 0.000110983
     0.028 0.000146615
     0.036 0.000175848
     0.044 0.000197457
     0.052 0.000210948
      0.06 0.000216508
     0.068 0.000214851
     0.076 0.00020704
     0.084 0.000194331
     0.092 0.000178034
       0.1 0.000159418
     0.108 0.000139637
     0.116 0.000119684
     0.124 0.000100371
     0.132 8.23216e-05
      0.14 6.59733e-05
     0.148 5.15966e-05
     0.156 3.93142e-05
     0.164 2.91258e-05
     0.172 2.09343e-05
      0.18 1.45716e-05
     0.188 9.82304e-06
     0.196 6.4494e-06
  0.204065 4.19218e-06
  0.212415 2.80881e-06
  0.221217 2.12868e-06
  0.230495 2.00152e-06
  0.240275 2.26794e-06
  0.250584 2.77373e-06
  0.261452 3.38345e-06
  0.272907 3.99124e-06
  0.284982 4.52651e-06
  0.297711 4.95368e-06
  0.311128 5.26612e-06
  0.325272 5.47678e-06
   0.34018 5.60805e-06
  0.355896 5.68371e-06
  0.372462 5.72403e-06
  0.389924 5.74385e-06
  0.408331 5.75282e-06
  0.427734 5.75655e-06
  0.448188 5.75795e-06
  0.469747 5.75843e-06
  0.492474 5.75857e-06
  0.516431 5.7586e-06
  0.541683 5.7586e-06
  0.568302 5.7586e-06
  0.596362 5.7586e-06
   0.62594 5.75859e-06
  0.657119 5.75859e-06
  0.689984 5.75858e-06
  0.724628 5.75858e-06
  0.761147 5.75858e-06
  0.799642 5.75858e-06
   0.84022 5.75857e-06
  0.882994 5.75857e-06
  0.928082 5.75857e-06
   0.97561 5.75857e-06
