     0.004 2.95939e-14
     0.012 2.36229e-14
      0.02 1.81705e-14
     0.028 1.39318e-14
     0.036 1.07648e-14
     0.044 8.36461e-15
     0.052 6.53212e-15
      0.06 5.13828e-15
     0.068 4.0831e-15
     0.076 3.28595e-15
     0.084 2.68311e-15
     0.092 2.22537e-15
       0.1 1.87537e-15
     0.108 1.60516e-15
     0.116 1.39408e-15
     0.124 1.22704e-15
     0.132 1.09307e-15
      0.14 9.84204e-16
     0.148 8.94621e-16
     0.156 8.20023e-16
     0.164 7.57213e-16
     0.172 7.03792e-16
      0.18 6.5793e-16
     0.188 6.18217e-16
     0.196 5.83554e-16
  0.204065 5.52835e-16
  0.212415 5.24751e-16
  0.221217 4.98576e-16
  0.230495 4.74135e-16
  0.240275 4.51253e-16
  0.250584 4.29762e-16
  0.261452 4.09514e-16
  0.272907 3.90375e-16
  0.284982 3.72231e-16
  0.297711 3.54984e-16
  0.311128 3.38554e-16
  0.325272 3.22875e-16
   0.34018 3.07894e-16
  0.355896 2.93567e-16
  0.372462 2.7986e-16
  0.389924 2.66743e-16
  0.408331 2.54196e-16
  0.427734 2.42199e-16
  0.448188 2.30742e-16
  0.469747 2.19816e-16
  0.492474 2.09417e-16
  0.516431 1.99546e-16
  0.541683 1.90205e-16
  0.568302 1.81402e-16
  0.596362 1.73149e-16
   0.62594 1.65459e-16
  0.657119 1.5835e-16
  0.689984 1.51844e-16
  0.724628 1.45966e-16
  0.761147 1.40746e-16
  0.799642 1.36219e-16
   0.84022 1.32437e-16
  0.882994 1.29481e-16
  0.928082 1.27454e-16
   0.97561 1.26428e-16
