     0.004 -4.15302e-05
     0.012 -4.44695e-05
      0.02 -3.98588e-05
     0.028 -3.5885e-05
     0.036 -3.21584e-05
     0.044 -2.86942e-05
     0.052 -2.54985e-05
      0.06 -2.25665e-05
     0.068 -1.98874e-05
     0.076 -1.74482e-05
     0.084 -1.52353e-05
     0.092 -1.32351e-05
       0.1 -1.14344e-05
     0.108 -9.82046e-06
     0.116 -8.3808e-06
     0.124 -7.10344e-06
     0.132 -5.97667e-06
      0.14 -4.9891e-06
     0.148 -4.12959e-06
     0.156 -3.38726e-06
     0.164 -2.75154e-06
     0.172 -2.21211e-06
      0.18 -1.75901e-06
     0.188 -1.38265e-06
     0.196 -1.07353e-06
  0.204065 -8.25175e-07
  0.212415 -6.2703e-07
  0.221217 -4.61909e-07
  0.230495 -3.28761e-07
  0.240275 -2.25029e-07
  0.250584 -1.47399e-07
  0.261452 -9.19296e-08
  0.272907 -5.43175e-08
  0.284982 -3.02572e-08
  0.297711 -1.58147e-08
  0.311128 -7.71889e-09
  0.325272 -3.49976e-09
   0.34018 -1.46521e-09
  0.355896 -5.62439e-10
  0.372462 -1.96363e-10
  0.389924 -6.18023e-11
  0.408331 -1.73707e-11
  0.427734 -4.31701e-12
  0.448188 -9.38153e-13
  0.469747 -1.75619e-13
  0.492474 -2.74776e-14
  0.516431 -3.25223e-15
  0.541683 -1.27199e-16
  0.568302 9.39139e-17
  0.596362 5.05694e-17
   0.62594 2.15571e-17
  0.657119 1.05979e-17
  0.689984 7.02405e-18
  0.724628 5.67614e-18
  0.761147 4.84064e-18
  0.799642 4.17279e-18
   0.84022 3.64296e-18
  0.882994 3.32661e-18
  0.928082 3.44405e-18
   0.97561 1.84277e-18
