     0.004 -3.03643e-05
     0.012 -2.61518e-05
      0.02 -2.3391e-05
     0.028 -2.19312e-05
     0.036 -2.07594e-05
     0.044 -1.96641e-05
     0.052 -1.85827e-05
      0.06 -1.74986e-05
     0.068 -1.64114e-05
     0.076 -1.53267e-05
     0.084 -1.42514e-05
     0.092 -1.31928e-05
       0.1 -1.21574e-05
     0.108 -1.11509e-05
     0.116 -1.01784e-05
     0.124 -9.24426e-06
     0.132 -8.35196e-06
      0.14 -7.50452e-06
     0.148 -6.70432e-06
     0.156 -5.95321e-06
     0.164 -5.25252e-06
     0.172 -4.60307e-06
      0.18 -4.00519e-06
     0.188 -3.45874e-06
     0.196 -2.96216e-06
  0.204065 -2.50922e-06
  0.212415 -2.09065e-06
  0.221217 -1.70626e-06
  0.230495 -1.3617e-06
  0.240275 -1.05942e-06
  0.250584 -8.00772e-07
  0.261452 -5.85777e-07
  0.272907 -4.12991e-07
  0.284982 -2.79407e-07
  0.297711 -1.80583e-07
  0.311128 -1.10993e-07
  0.325272 -6.45831e-08
   0.34018 -3.5413e-08
  0.355896 -1.82141e-08
  0.372462 -8.74531e-09
  0.389924 -3.90018e-09
  0.408331 -1.60688e-09
  0.427734 -6.07697e-10
  0.448188 -2.09006e-10
  0.469747 -6.41332e-11
  0.492474 -1.65511e-11
  0.516431 -2.6228e-12
  0.541683 8.63182e-13
  0.568302 1.47366e-12
  0.596362 1.40313e-12
   0.62594 1.21322e-12
  0.657119 1.02769e-12
  0.689984 8.67265e-13
  0.724628 7.31868e-13
  0.761147 6.18347e-13
  0.799642 5.24196e-13
   0.84022 4.49702e-13
  0.882994 4.03501e-13
  0.928082 4.10472e-13
   0.97561 2.15802e-13
