     0.004 0.00715045
     0.012  0.0118791
      0.02  0.0148985
     0.028   0.017124
     0.036  0.0187536
     0.044  0.0198724
     0.052  0.0205401
      0.06  0.0208091
     0.068  0.0207292
     0.076   0.020349
     0.084  0.0197145
     0.092  0.0188698
       0.1   0.017856
     0.108  0.0167115
     0.116  0.0154715
     0.124  0.0141684
     0.132  0.0128313
      0.14  0.0114868
     0.148  0.0101584
     0.156 0.00886727
     0.164 0.00763228
     0.172 0.00647059
      0.18 0.00539844
     0.188 0.00443239
     0.196 0.00359149
  0.204065 0.00289558
  0.212415 0.00237015
  0.221217 0.00206334
  0.230495 0.00200076
  0.240275 0.00212976
  0.250584  0.0023553
  0.261452 0.00260133
  0.272907 0.00282533
  0.284982 0.00300882
  0.297711 0.00314759
  0.311128 0.00324534
  0.325272 0.00330962
   0.34018 0.00334904
  0.355896 0.00337156
  0.372462  0.0033835
  0.389924 0.00338935
  0.408331   0.003392
  0.427734 0.00339309
  0.448188 0.00339351
  0.469747 0.00339365
  0.492474 0.00339369
  0.516431  0.0033937
  0.541683  0.0033937
  0.568302  0.0033937
  0.596362  0.0033937
   0.62594  0.0033937
  0.657119  0.0033937
  0.689984 0.00339369
  0.724628 0.00339369
  0.761147 0.00339369
  0.799642 0.00339369
   0.84022 0.00339369
  0.882994 0.00339369
  0.928082 0.00339369
   0.97561 0.00339369
