     0.004 0.00687553
     0.012  0.0186944
      0.02  0.0288981
     0.028  0.0383921
     0.036  0.0473664
     0.044  0.0558737
     0.052  0.0639257
      0.06  0.0715223
     0.068  0.0786613
     0.076  0.0853424
     0.084   0.091568
     0.092  0.0973436
       0.1   0.102678
     0.108   0.107581
     0.116   0.112068
     0.124   0.116153
     0.132   0.119853
      0.14   0.123186
     0.148   0.126172
     0.156   0.128832
     0.164   0.131185
     0.172   0.133255
      0.18   0.135062
     0.188   0.136628
     0.196   0.137974
  0.204065   0.139131
  0.212415   0.140139
  0.221217   0.141014
  0.230495   0.141758
  0.240275   0.142376
  0.250584   0.142874
  0.261452   0.143265
  0.272907   0.143559
  0.284982   0.143774
  0.297711   0.143922
  0.311128   0.144021
  0.325272   0.144082
   0.34018   0.144119
  0.355896   0.144139
  0.372462   0.144149
  0.389924   0.144154
  0.408331   0.144156
  0.427734   0.144157
  0.448188   0.144158
  0.469747   0.144158
  0.492474   0.144158
  0.516431   0.144158
  0.541683   0.144158
  0.568302   0.144158
  0.596362   0.144158
   0.62594   0.144158
  0.657119   0.144158
  0.689984   0.144158
  0.724628   0.144158
  0.761147   0.144158
  0.799642   0.144158
   0.84022   0.144158
  0.882994   0.144158
  0.928082   0.144158
   0.97561   0.144158
