     0.004 -5.76013e-12
     0.012 7.19527e-12
      0.02 3.51593e-12
     0.028 -2.30329e-12
     0.036 -1.89544e-13
     0.044 8.21955e-13
     0.052 3.89752e-13
      0.06 6.89878e-14
     0.068 -1.37763e-13
     0.076 -9.61802e-14
     0.084 2.02428e-13
     0.092 6.32146e-13
       0.1 8.51216e-13
     0.108 8.28412e-13
     0.116 7.30611e-13
     0.124 6.27203e-13
     0.132 4.80632e-13
      0.14 3.15647e-13
     0.148 1.72605e-13
     0.156 5.67936e-14
     0.164 -2.7942e-15
     0.172 -1.93531e-14
      0.18 -2.38357e-14
     0.188 -2.16359e-14
     0.196 -7.67188e-15
  0.204065 1.09215e-15
  0.212415 5.57324e-15
  0.221217 1.2219e-14
  0.230495 1.70013e-14
  0.240275 1.24196e-14
  0.250584 4.17824e-15
  0.261452 -6.31504e-15
  0.272907 -4.80236e-15
  0.284982 1.57614e-14
  0.297711 2.64125e-14
  0.311128 1.26508e-14
  0.325272 -1.44911e-15
   0.34018 -6.37244e-15
  0.355896 -4.18423e-15
  0.372462 5.68858e-15
  0.389924 1.62552e-14
  0.408331 2.14542e-14
  0.427734 2.10867e-14
  0.448188 1.70303e-14
  0.469747 1.65982e-14
  0.492474 1.58197e-14
  0.516431 1.45698e-14
  0.541683 1.49327e-14
  0.568302 1.58648e-14
  0.596362 1.49186e-14
   0.62594 1.52277e-14
  0.657119 1.65561e-14
  0.689984 1.88162e-14
  0.724628 1.9758e-14
  0.761147 1.71331e-14
  0.799642 1.84951e-14
   0.84022 1.59035e-14
  0.882994 1.23968e-14
  0.928082 1.19823e-14
   0.97561 -5.45574e-15
