     0.004 5.64855e-07
     0.012 1.30729e-06
      0.02 1.11556e-06
     0.028 9.03868e-07
     0.036 7.82944e-07
     0.044 6.99988e-07
     0.052 6.30145e-07
      0.06 5.66458e-07
     0.068 5.07313e-07
     0.076 4.53127e-07
     0.084 4.04429e-07
     0.092 3.61238e-07
       0.1 3.2328e-07
     0.108 2.90165e-07
     0.116 2.61347e-07
     0.124 2.36294e-07
     0.132 2.14471e-07
      0.14 1.95487e-07
     0.148 1.78996e-07
     0.156 1.64727e-07
     0.164 1.5239e-07
     0.172  1.417e-07
      0.18 1.32353e-07
     0.188 1.24085e-07
     0.196 1.16611e-07
  0.204065 1.09763e-07
  0.212415 1.03176e-07
  0.221217 9.67435e-08
  0.230495 9.04716e-08
  0.240275 8.45701e-08
  0.250584 7.90001e-08
  0.261452 7.38799e-08
  0.272907 6.91264e-08
  0.284982 6.47888e-08
  0.297711 6.07822e-08
  0.311128 5.71143e-08
  0.325272 5.37237e-08
   0.34018 5.05989e-08
  0.355896 4.76961e-08
  0.372462 4.49861e-08
  0.389924 4.24321e-08
  0.408331 4.00058e-08
  0.427734 3.76826e-08
  0.448188 3.54421e-08
  0.469747  3.327e-08
  0.492474 3.11529e-08
  0.516431 2.90812e-08
  0.541683 2.70448e-08
  0.568302 2.50373e-08
  0.596362 2.30512e-08
   0.62594  2.108e-08
  0.657119 1.91124e-08
  0.689984 1.71409e-08
  0.724628 1.51646e-08
  0.761147 1.31974e-08
  0.799642 1.13407e-08
   0.84022 9.74067e-09
  0.882994 8.16611e-09
  0.928082 5.91735e-09
   0.97561 2.30843e-09
