     0.004 6.58311e-07
     0.012 7.18672e-07
      0.02 6.24767e-07
     0.028 5.20905e-07
     0.036 4.31144e-07
     0.044 3.62656e-07
     0.052 3.13808e-07
      0.06 2.76681e-07
     0.068 2.44786e-07
     0.076  2.158e-07
     0.084 1.89715e-07
     0.092 1.66904e-07
       0.1 1.47327e-07
     0.108 1.30615e-07
     0.116 1.16295e-07
     0.124 1.03962e-07
     0.132 9.32863e-08
      0.14 8.40186e-08
     0.148 7.59453e-08
     0.156 6.88975e-08
     0.164 6.27266e-08
     0.172 5.73154e-08
      0.18 5.25594e-08
     0.188 4.83747e-08
     0.196 4.46842e-08
  0.204065 4.13975e-08
  0.212415 3.83855e-08
  0.221217 3.5585e-08
  0.230495 3.29833e-08
  0.240275 3.05678e-08
  0.250584 2.83206e-08
  0.261452 2.62286e-08
  0.272907 2.42768e-08
  0.284982 2.24556e-08
  0.297711 2.07541e-08
  0.311128 1.91653e-08
  0.325272 1.7681e-08
   0.34018 1.62953e-08
  0.355896 1.50012e-08
  0.372462 1.37932e-08
  0.389924 1.26656e-08
  0.408331 1.16135e-08
  0.427734 1.06327e-08
  0.448188 9.71922e-09
  0.469747 8.86965e-09
  0.492474 8.08126e-09
  0.516431 7.35152e-09
  0.541683 6.6787e-09
  0.568302 6.06108e-09
  0.596362 5.49708e-09
   0.62594 4.98522e-09
  0.657119 4.52338e-09
  0.689984 4.10638e-09
  0.724628 3.72481e-09
  0.761147 3.36424e-09
  0.799642 3.01054e-09
   0.84022 2.69834e-09
  0.882994 2.5777e-09
  0.928082 2.77448e-09
   0.97561 3.2787e-09
