(0 0 0)(0.072 0.00435263 0.072)
(0 0 0.072)(0.072 0.00319481 0.144)
(0 0 0.144)(0.072 0.00532014 0.216)
(0 0 0.216)(0.072 0.00320876 0.288)
(0 0 0.288)(0.072 0.00453891 0.36)
(0 0 0.36)(0.072 0.00539279 0.432)
(0 0 0.432)(0.072 0.00453932 0.504)
(0 0 0.504)(0.072 0.00386703 0.576)
(0 0 0.576)(0.072 0.00505403 0.648)
(0 0 0.648)(0.072 0.00473983 0.72)
(0 0 0.72)(0.072 0.0070486 0.792)
(0 0 0.792)(0.072 0.00494506 0.864)
(0 0 0.864)(0.072 0.00572415 0.936)
(0 0 0.936)(0.072 0.00543908 1.008)
(0 0 1.008)(0.072 0.00434558 1.08)
(0 0 1.08)(0.072 0.00409482 1.152)
(0 0 1.152)(0.072 0.00367441 1.224)
(0 0 1.224)(0.072 0.0060691 1.296)
(0 0 1.296)(0.072 0.00337598 1.368)
(0 0 1.368)(0.072 0.00129215 1.44)
(0 0 1.44)(0.072 0.0035717 1.512)
(0 0 1.512)(0.072 0.00387311 1.584)
(0 0 1.584)(0.072 0.00208065 1.656)
(0 0 1.656)(0.072 0.00455943 1.728)
(0 0 1.728)(0.072 0.00342544 1.8)
(0 0 1.8)(0.072 0.00448319 1.872)
(0 0 1.872)(0.072 0.00427738 1.944)
(0 0 1.944)(0.072 0.00368365 2.016)
(0.072 0 0)(0.144 0.00441051 0.072)
(0.072 0 0.072)(0.144 0.00552889 0.144)
(0.072 0 0.144)(0.144 0.00495129 0.216)
(0.072 0 0.216)(0.144 0.00359987 0.288)
(0.072 0 0.288)(0.144 0.00618176 0.36)
(0.072 0 0.36)(0.144 0.00546607 0.432)
(0.072 0 0.432)(0.144 0.00409671 0.504)
(0.072 0 0.504)(0.144 0.00530607 0.576)
(0.072 0 0.576)(0.144 0.00595282 0.648)
(0.072 0 0.648)(0.144 0.00455477 0.72)
(0.072 0 0.72)(0.144 0.00415685 0.792)
(0.072 0 0.792)(0.144 0.00588003 0.864)
(0.072 0 0.864)(0.144 0.00292186 0.936)
(0.072 0 0.936)(0.144 0.00434169 1.008)
(0.072 0 1.008)(0.144 0.00393384 1.08)
(0.072 0 1.08)(0.144 0.00458572 1.152)
(0.072 0 1.152)(0.144 0.00650691 1.224)
(0.072 0 1.224)(0.144 0.0044867 1.296)
(0.072 0 1.296)(0.144 0.00401226 1.368)
(0.072 0 1.368)(0.144 0.00412068 1.44)
(0.072 0 1.44)(0.144 0.00377064 1.512)
(0.072 0 1.512)(0.144 0.0025834 1.584)
(0.072 0 1.584)(0.144 0.00331325 1.656)
(0.072 0 1.656)(0.144 0.00545556 1.728)
(0.072 0 1.728)(0.144 0.00582463 1.8)
(0.072 0 1.8)(0.144 0.00290831 1.872)
(0.072 0 1.872)(0.144 0.00333289 1.944)
(0.072 0 1.944)(0.144 0.00638248 2.016)
(0.144 0 0)(0.216 0.00468948 0.072)
(0.144 0 0.072)(0.216 0.00430471 0.144)
(0.144 0 0.144)(0.216 0.0062008 0.216)
(0.144 0 0.216)(0.216 0.00210662 0.288)
(0.144 0 0.288)(0.216 0.00518054 0.36)
(0.144 0 0.36)(0.216 0.00448201 0.432)
(0.144 0 0.432)(0.216 0.00511771 0.504)
(0.144 0 0.504)(0.216 0.00306194 0.576)
(0.144 0 0.576)(0.216 0.00583909 0.648)
(0.144 0 0.648)(0.216 0.00516779 0.72)
(0.144 0 0.72)(0.216 0.00277612 0.792)
(0.144 0 0.792)(0.216 0.00436216 0.864)
(0.144 0 0.864)(0.216 0.0056282 0.936)
(0.144 0 0.936)(0.216 0.00423638 1.008)
(0.144 0 1.008)(0.216 0.00399751 1.08)
(0.144 0 1.08)(0.216 0.003241 1.152)
(0.144 0 1.152)(0.216 0.00433718 1.224)
(0.144 0 1.224)(0.216 0.00317786 1.296)
(0.144 0 1.296)(0.216 0.00539432 1.368)
(0.144 0 1.368)(0.216 0.00440006 1.44)
(0.144 0 1.44)(0.216 0.00461401 1.512)
(0.144 0 1.512)(0.216 0.0044189 1.584)
(0.144 0 1.584)(0.216 0.0045216 1.656)
(0.144 0 1.656)(0.216 0.00586908 1.728)
(0.144 0 1.728)(0.216 0.00430957 1.8)
(0.144 0 1.8)(0.216 0.00609222 1.872)
(0.144 0 1.872)(0.216 0.00582158 1.944)
(0.144 0 1.944)(0.216 0.00503968 2.016)
(0.216 0 0)(0.288 0.00465812 0.072)
(0.216 0 0.072)(0.288 0.0045698 0.144)
(0.216 0 0.144)(0.288 0.00465129 0.216)
(0.216 0 0.216)(0.288 0.00227607 0.288)
(0.216 0 0.288)(0.288 0.00568772 0.36)
(0.216 0 0.36)(0.288 0.0042276 0.432)
(0.216 0 0.432)(0.288 0.00561507 0.504)
(0.216 0 0.504)(0.288 0.00568808 0.576)
(0.216 0 0.576)(0.288 0.00360871 0.648)
(0.216 0 0.648)(0.288 0.00455015 0.72)
(0.216 0 0.72)(0.288 0.00690473 0.792)
(0.216 0 0.792)(0.288 0.00435288 0.864)
(0.216 0 0.864)(0.288 0.00542997 0.936)
(0.216 0 0.936)(0.288 0.0010711 1.008)
(0.216 0 1.008)(0.288 0.00611337 1.08)
(0.216 0 1.08)(0.288 0.00418167 1.152)
(0.216 0 1.152)(0.288 0.00390538 1.224)
(0.216 0 1.224)(0.288 0.00400462 1.296)
(0.216 0 1.296)(0.288 0.00380276 1.368)
(0.216 0 1.368)(0.288 0.00642272 1.44)
(0.216 0 1.44)(0.288 0.00559715 1.512)
(0.216 0 1.512)(0.288 0.00508839 1.584)
(0.216 0 1.584)(0.288 0.00300953 1.656)
(0.216 0 1.656)(0.288 0.00517272 1.728)
(0.216 0 1.728)(0.288 0.00516145 1.8)
(0.216 0 1.8)(0.288 0.00433443 1.872)
(0.216 0 1.872)(0.288 0.00338844 1.944)
(0.216 0 1.944)(0.288 0.00331223 2.016)
(0.288 0 0)(0.36 0.00365383 0.072)
(0.288 0 0.072)(0.36 0.00560029 0.144)
(0.288 0 0.144)(0.36 0.00403893 0.216)
(0.288 0 0.216)(0.36 0.00594312 0.288)
(0.288 0 0.288)(0.36 0.0040701 0.36)
(0.288 0 0.36)(0.36 0.0040941 0.432)
(0.288 0 0.432)(0.36 0.00395966 0.504)
(0.288 0 0.504)(0.36 0.00417023 0.576)
(0.288 0 0.576)(0.36 0.0059363 0.648)
(0.288 0 0.648)(0.36 0.00515588 0.72)
(0.288 0 0.72)(0.36 0.00533599 0.792)
(0.288 0 0.792)(0.36 0.00608567 0.864)
(0.288 0 0.864)(0.36 0.00251273 0.936)
(0.288 0 0.936)(0.36 0.00557548 1.008)
(0.288 0 1.008)(0.36 0.00458322 1.08)
(0.288 0 1.08)(0.36 0.00326548 1.152)
(0.288 0 1.152)(0.36 0.00648737 1.224)
(0.288 0 1.224)(0.36 0.00536088 1.296)
(0.288 0 1.296)(0.36 0.00468822 1.368)
(0.288 0 1.368)(0.36 0.00432127 1.44)
(0.288 0 1.44)(0.36 0.0022591 1.512)
(0.288 0 1.512)(0.36 0.0051909 1.584)
(0.288 0 1.584)(0.36 0.00746361 1.656)
(0.288 0 1.656)(0.36 0.00545945 1.728)
(0.288 0 1.728)(0.36 0.00215584 1.8)
(0.288 0 1.8)(0.36 0.0032504 1.872)
(0.288 0 1.872)(0.36 0.00193872 1.944)
(0.288 0 1.944)(0.36 0.0032862 2.016)
(0.36 0 0)(0.432 0.0043127 0.072)
(0.36 0 0.072)(0.432 0.00417972 0.144)
(0.36 0 0.144)(0.432 0.00590783 0.216)
(0.36 0 0.216)(0.432 0.00558508 0.288)
(0.36 0 0.288)(0.432 0.00694571 0.36)
(0.36 0 0.36)(0.432 0.00389903 0.432)
(0.36 0 0.432)(0.432 0.00321139 0.504)
(0.36 0 0.504)(0.432 0.00488806 0.576)
(0.36 0 0.576)(0.432 0.00487138 0.648)
(0.36 0 0.648)(0.432 0.00194893 0.72)
(0.36 0 0.72)(0.432 0.00431378 0.792)
(0.36 0 0.792)(0.432 0.00593874 0.864)
(0.36 0 0.864)(0.432 0.00638348 0.936)
(0.36 0 0.936)(0.432 0.00402462 1.008)
(0.36 0 1.008)(0.432 0.00576651 1.08)
(0.36 0 1.08)(0.432 0.005476 1.152)
(0.36 0 1.152)(0.432 0.00479539 1.224)
(0.36 0 1.224)(0.432 0.00498357 1.296)
(0.36 0 1.296)(0.432 0.00450885 1.368)
(0.36 0 1.368)(0.432 0.00423556 1.44)
(0.36 0 1.44)(0.432 0.00273503 1.512)
(0.36 0 1.512)(0.432 0.00477225 1.584)
(0.36 0 1.584)(0.432 0.00623369 1.656)
(0.36 0 1.656)(0.432 0.00555033 1.728)
(0.36 0 1.728)(0.432 0.00350515 1.8)
(0.36 0 1.8)(0.432 0.00279427 1.872)
(0.36 0 1.872)(0.432 0.00372055 1.944)
(0.36 0 1.944)(0.432 0.00412602 2.016)
(0.432 0 0)(0.504 0.00390374 0.072)
(0.432 0 0.072)(0.504 0.00350271 0.144)
(0.432 0 0.144)(0.504 0.00719497 0.216)
(0.432 0 0.216)(0.504 0.00150532 0.288)
(0.432 0 0.288)(0.504 0.00480392 0.36)
(0.432 0 0.36)(0.504 0.00417944 0.432)
(0.432 0 0.432)(0.504 0.00233065 0.504)
(0.432 0 0.504)(0.504 0.00549793 0.576)
(0.432 0 0.576)(0.504 0.00448604 0.648)
(0.432 0 0.648)(0.504 0.00390997 0.72)
(0.432 0 0.72)(0.504 0.00480603 0.792)
(0.432 0 0.792)(0.504 0.00652207 0.864)
(0.432 0 0.864)(0.504 0.00427705 0.936)
(0.432 0 0.936)(0.504 0.00423022 1.008)
(0.432 0 1.008)(0.504 0.0033612 1.08)
(0.432 0 1.08)(0.504 0.00484612 1.152)
(0.432 0 1.152)(0.504 0.00390489 1.224)
(0.432 0 1.224)(0.504 0.00260682 1.296)
(0.432 0 1.296)(0.504 0.00479272 1.368)
(0.432 0 1.368)(0.504 0.00494745 1.44)
(0.432 0 1.44)(0.504 0.00687716 1.512)
(0.432 0 1.512)(0.504 0.00380713 1.584)
(0.432 0 1.584)(0.504 0.00477804 1.656)
(0.432 0 1.656)(0.504 0.00277368 1.728)
(0.432 0 1.728)(0.504 0.00418212 1.8)
(0.432 0 1.8)(0.504 0.0029911 1.872)
(0.432 0 1.872)(0.504 0.00557116 1.944)
(0.432 0 1.944)(0.504 0.00509666 2.016)
(0.504 0 0)(0.576 0.00359331 0.072)
(0.504 0 0.072)(0.576 0.0054757 0.144)
(0.504 0 0.144)(0.576 0.00540666 0.216)
(0.504 0 0.216)(0.576 0.00547899 0.288)
(0.504 0 0.288)(0.576 0.00435588 0.36)
(0.504 0 0.36)(0.576 0.00455507 0.432)
(0.504 0 0.432)(0.576 0.0052768 0.504)
(0.504 0 0.504)(0.576 0.00308052 0.576)
(0.504 0 0.576)(0.576 0.00293253 0.648)
(0.504 0 0.648)(0.576 0.00374294 0.72)
(0.504 0 0.72)(0.576 0.00412598 0.792)
(0.504 0 0.792)(0.576 0.00413275 0.864)
(0.504 0 0.864)(0.576 0.00498369 0.936)
(0.504 0 0.936)(0.576 0.0046738 1.008)
(0.504 0 1.008)(0.576 0.00431904 1.08)
(0.504 0 1.08)(0.576 0.00454418 1.152)
(0.504 0 1.152)(0.576 0.00437783 1.224)
(0.504 0 1.224)(0.576 0.00455923 1.296)
(0.504 0 1.296)(0.576 0.00360473 1.368)
(0.504 0 1.368)(0.576 0.00453844 1.44)
(0.504 0 1.44)(0.576 0.00363372 1.512)
(0.504 0 1.512)(0.576 0.00513954 1.584)
(0.504 0 1.584)(0.576 0.00417413 1.656)
(0.504 0 1.656)(0.576 0.00352318 1.728)
(0.504 0 1.728)(0.576 0.00546012 1.8)
(0.504 0 1.8)(0.576 0.00233612 1.872)
(0.504 0 1.872)(0.576 0.00545768 1.944)
(0.504 0 1.944)(0.576 0.00573817 2.016)
(0.576 0 0)(0.648 0.00428046 0.072)
(0.576 0 0.072)(0.648 0.00518865 0.144)
(0.576 0 0.144)(0.648 0.00260585 0.216)
(0.576 0 0.216)(0.648 0.0041713 0.288)
(0.576 0 0.288)(0.648 0.00248617 0.36)
(0.576 0 0.36)(0.648 0.00374817 0.432)
(0.576 0 0.432)(0.648 0.0046723 0.504)
(0.576 0 0.504)(0.648 0.00270762 0.576)
(0.576 0 0.576)(0.648 0.0050005 0.648)
(0.576 0 0.648)(0.648 0.005361 0.72)
(0.576 0 0.72)(0.648 0.00357833 0.792)
(0.576 0 0.792)(0.648 0.00181784 0.864)
(0.576 0 0.864)(0.648 0.00324992 0.936)
(0.576 0 0.936)(0.648 0.00515584 1.008)
(0.576 0 1.008)(0.648 0.00253782 1.08)
(0.576 0 1.08)(0.648 0.00586211 1.152)
(0.576 0 1.152)(0.648 0.00602011 1.224)
(0.576 0 1.224)(0.648 0.00454293 1.296)
(0.576 0 1.296)(0.648 0.00584491 1.368)
(0.576 0 1.368)(0.648 0.00275672 1.44)
(0.576 0 1.44)(0.648 0.00267668 1.512)
(0.576 0 1.512)(0.648 0.00462485 1.584)
(0.576 0 1.584)(0.648 0.00481028 1.656)
(0.576 0 1.656)(0.648 0.0038793 1.728)
(0.576 0 1.728)(0.648 0.00363578 1.8)
(0.576 0 1.8)(0.648 0.00280838 1.872)
(0.576 0 1.872)(0.648 0.00428491 1.944)
(0.576 0 1.944)(0.648 0.00262227 2.016)
(0.648 0 0)(0.72 0.00459843 0.072)
(0.648 0 0.072)(0.72 0.00399051 0.144)
(0.648 0 0.144)(0.72 0.00501536 0.216)
(0.648 0 0.216)(0.72 0.00208991 0.288)
(0.648 0 0.288)(0.72 0.00501175 0.36)
(0.648 0 0.36)(0.72 0.0043931 0.432)
(0.648 0 0.432)(0.72 0.00520936 0.504)
(0.648 0 0.504)(0.72 0.00472847 0.576)
(0.648 0 0.576)(0.72 0.00485493 0.648)
(0.648 0 0.648)(0.72 0.00604097 0.72)
(0.648 0 0.72)(0.72 0.00364823 0.792)
(0.648 0 0.792)(0.72 0.00416922 0.864)
(0.648 0 0.864)(0.72 0.00593808 0.936)
(0.648 0 0.936)(0.72 0.00576451 1.008)
(0.648 0 1.008)(0.72 0.00384331 1.08)
(0.648 0 1.08)(0.72 0.00318865 1.152)
(0.648 0 1.152)(0.72 0.00404495 1.224)
(0.648 0 1.224)(0.72 0.00391291 1.296)
(0.648 0 1.296)(0.72 0.00403931 1.368)
(0.648 0 1.368)(0.72 0.00458247 1.44)
(0.648 0 1.44)(0.72 0.00435383 1.512)
(0.648 0 1.512)(0.72 0.00458909 1.584)
(0.648 0 1.584)(0.72 0.00434997 1.656)
(0.648 0 1.656)(0.72 0.00541066 1.728)
(0.648 0 1.728)(0.72 0.00492532 1.8)
(0.648 0 1.8)(0.72 0.00588846 1.872)
(0.648 0 1.872)(0.72 0.00300605 1.944)
(0.648 0 1.944)(0.72 0.00458425 2.016)
(0.72 0 0)(0.792 0.00576066 0.072)
(0.72 0 0.072)(0.792 0.00748423 0.144)
(0.72 0 0.144)(0.792 0.00518956 0.216)
(0.72 0 0.216)(0.792 0.00686598 0.288)
(0.72 0 0.288)(0.792 0.0054434 0.36)
(0.72 0 0.36)(0.792 0.00671501 0.432)
(0.72 0 0.432)(0.792 0.00463503 0.504)
(0.72 0 0.504)(0.792 0.000989382 0.576)
(0.72 0 0.576)(0.792 0.00452763 0.648)
(0.72 0 0.648)(0.792 0.0038911 0.72)
(0.72 0 0.72)(0.792 0.00707768 0.792)
(0.72 0 0.792)(0.792 0.00570186 0.864)
(0.72 0 0.864)(0.792 0.00440751 0.936)
(0.72 0 0.936)(0.792 0.00636736 1.008)
(0.72 0 1.008)(0.792 0.0043449 1.08)
(0.72 0 1.08)(0.792 0.00680734 1.152)
(0.72 0 1.152)(0.792 0.00327857 1.224)
(0.72 0 1.224)(0.792 0.00564891 1.296)
(0.72 0 1.296)(0.792 0.004796 1.368)
(0.72 0 1.368)(0.792 0.00235691 1.44)
(0.72 0 1.44)(0.792 0.00512688 1.512)
(0.72 0 1.512)(0.792 0.00279461 1.584)
(0.72 0 1.584)(0.792 0.00487933 1.656)
(0.72 0 1.656)(0.792 0.00424221 1.728)
(0.72 0 1.728)(0.792 0.00514056 1.8)
(0.72 0 1.8)(0.792 0.00472198 1.872)
(0.72 0 1.872)(0.792 0.0049468 1.944)
(0.72 0 1.944)(0.792 0.00366507 2.016)
(0.792 0 0)(0.864 0.00596354 0.072)
(0.792 0 0.072)(0.864 0.00361542 0.144)
(0.792 0 0.144)(0.864 0.00545039 0.216)
(0.792 0 0.216)(0.864 0.0022988 0.288)
(0.792 0 0.288)(0.864 0.00618562 0.36)
(0.792 0 0.36)(0.864 0.00445386 0.432)
(0.792 0 0.432)(0.864 0.00423959 0.504)
(0.792 0 0.504)(0.864 0.00424723 0.576)
(0.792 0 0.576)(0.864 0.00305265 0.648)
(0.792 0 0.648)(0.864 0.00222287 0.72)
(0.792 0 0.72)(0.864 0.00388897 0.792)
(0.792 0 0.792)(0.864 0.00470881 0.864)
(0.792 0 0.864)(0.864 0.00235845 0.936)
(0.792 0 0.936)(0.864 0.00471242 1.008)
(0.792 0 1.008)(0.864 0.00602315 1.08)
(0.792 0 1.08)(0.864 0.00492347 1.152)
(0.792 0 1.152)(0.864 0.00464241 1.224)
(0.792 0 1.224)(0.864 0.00528895 1.296)
(0.792 0 1.296)(0.864 0.00429808 1.368)
(0.792 0 1.368)(0.864 0.00474542 1.44)
(0.792 0 1.44)(0.864 0.00406708 1.512)
(0.792 0 1.512)(0.864 0.00472036 1.584)
(0.792 0 1.584)(0.864 0.0066102 1.656)
(0.792 0 1.656)(0.864 0.00349346 1.728)
(0.792 0 1.728)(0.864 0.00518348 1.8)
(0.792 0 1.8)(0.864 0.0052945 1.872)
(0.792 0 1.872)(0.864 0.00445963 1.944)
(0.792 0 1.944)(0.864 0.00565254 2.016)
(0.864 0 0)(0.936 0.00629934 0.072)
(0.864 0 0.072)(0.936 0.00332311 0.144)
(0.864 0 0.144)(0.936 0.00444749 0.216)
(0.864 0 0.216)(0.936 0.00352422 0.288)
(0.864 0 0.288)(0.936 0.00321107 0.36)
(0.864 0 0.36)(0.936 0.006195 0.432)
(0.864 0 0.432)(0.936 0.00440452 0.504)
(0.864 0 0.504)(0.936 5.26215e-05 0.576)
(0.864 0 0.576)(0.936 0.00429917 0.648)
(0.864 0 0.648)(0.936 0.0035857 0.72)
(0.864 0 0.72)(0.936 0.00489619 0.792)
(0.864 0 0.792)(0.936 0.00290506 0.864)
(0.864 0 0.864)(0.936 0.00233446 0.936)
(0.864 0 0.936)(0.936 0.00590604 1.008)
(0.864 0 1.008)(0.936 0.00320538 1.08)
(0.864 0 1.08)(0.936 0.00486781 1.152)
(0.864 0 1.152)(0.936 0.00396022 1.224)
(0.864 0 1.224)(0.936 0.00586798 1.296)
(0.864 0 1.296)(0.936 0.00712302 1.368)
(0.864 0 1.368)(0.936 0.00413679 1.44)
(0.864 0 1.44)(0.936 0.00383698 1.512)
(0.864 0 1.512)(0.936 0.00588988 1.584)
(0.864 0 1.584)(0.936 0.00342531 1.656)
(0.864 0 1.656)(0.936 0.00399801 1.728)
(0.864 0 1.728)(0.936 0.00301136 1.8)
(0.864 0 1.8)(0.936 0.00583854 1.872)
(0.864 0 1.872)(0.936 0.00538306 1.944)
(0.864 0 1.944)(0.936 0.00471379 2.016)
(0.936 0 0)(1.008 0.00242715 0.072)
(0.936 0 0.072)(1.008 0.0046442 0.144)
(0.936 0 0.144)(1.008 0.00501416 0.216)
(0.936 0 0.216)(1.008 0.00577581 0.288)
(0.936 0 0.288)(1.008 0.00305728 0.36)
(0.936 0 0.36)(1.008 0.00432323 0.432)
(0.936 0 0.432)(1.008 0.00580584 0.504)
(0.936 0 0.504)(1.008 0.00523455 0.576)
(0.936 0 0.576)(1.008 0.00330623 0.648)
(0.936 0 0.648)(1.008 0.00309375 0.72)
(0.936 0 0.72)(1.008 0.00337273 0.792)
(0.936 0 0.792)(1.008 0.00541962 0.864)
(0.936 0 0.864)(1.008 0.00371039 0.936)
(0.936 0 0.936)(1.008 0.00426464 1.008)
(0.936 0 1.008)(1.008 0.00219769 1.08)
(0.936 0 1.08)(1.008 0.00646557 1.152)
(0.936 0 1.152)(1.008 0.00337006 1.224)
(0.936 0 1.224)(1.008 0.00285912 1.296)
(0.936 0 1.296)(1.008 0.00332457 1.368)
(0.936 0 1.368)(1.008 0.00734178 1.44)
(0.936 0 1.44)(1.008 0.00573458 1.512)
(0.936 0 1.512)(1.008 0.00482446 1.584)
(0.936 0 1.584)(1.008 0.00462564 1.656)
(0.936 0 1.656)(1.008 0.00282309 1.728)
(0.936 0 1.728)(1.008 0.00543579 1.8)
(0.936 0 1.8)(1.008 0.00510983 1.872)
(0.936 0 1.872)(1.008 0.00597091 1.944)
(0.936 0 1.944)(1.008 0.00614443 2.016)
(1.008 0 0)(1.08 0.00211902 0.072)
(1.008 0 0.072)(1.08 0.00496908 0.144)
(1.008 0 0.144)(1.08 0.00245488 0.216)
(1.008 0 0.216)(1.08 0.00397152 0.288)
(1.008 0 0.288)(1.08 0.00502219 0.36)
(1.008 0 0.36)(1.08 0.00206796 0.432)
(1.008 0 0.432)(1.08 0.00274391 0.504)
(1.008 0 0.504)(1.08 0.0051699 0.576)
(1.008 0 0.576)(1.08 0.00505835 0.648)
(1.008 0 0.648)(1.08 0.0039932 0.72)
(1.008 0 0.72)(1.08 0.00630826 0.792)
(1.008 0 0.792)(1.08 0.00579804 0.864)
(1.008 0 0.864)(1.08 0.00389564 0.936)
(1.008 0 0.936)(1.08 0.00683612 1.008)
(1.008 0 1.008)(1.08 0.00392625 1.08)
(1.008 0 1.08)(1.08 0.0047091 1.152)
(1.008 0 1.152)(1.08 0.00351844 1.224)
(1.008 0 1.224)(1.08 0.00383078 1.296)
(1.008 0 1.296)(1.08 0.00474822 1.368)
(1.008 0 1.368)(1.08 0.00555046 1.44)
(1.008 0 1.44)(1.08 0.00527652 1.512)
(1.008 0 1.512)(1.08 0.00663996 1.584)
(1.008 0 1.584)(1.08 0.00284571 1.656)
(1.008 0 1.656)(1.08 0.0041342 1.728)
(1.008 0 1.728)(1.08 0.00339535 1.8)
(1.008 0 1.8)(1.08 0.00351682 1.872)
(1.008 0 1.872)(1.08 0.0051728 1.944)
(1.008 0 1.944)(1.08 0.00446534 2.016)
(1.08 0 0)(1.152 0.00530245 0.072)
(1.08 0 0.072)(1.152 0.0036952 0.144)
(1.08 0 0.144)(1.152 0.00459953 0.216)
(1.08 0 0.216)(1.152 0.00512914 0.288)
(1.08 0 0.288)(1.152 0.00450554 0.36)
(1.08 0 0.36)(1.152 0.00318774 0.432)
(1.08 0 0.432)(1.152 0.0032517 0.504)
(1.08 0 0.504)(1.152 0.00451553 0.576)
(1.08 0 0.576)(1.152 0.00323102 0.648)
(1.08 0 0.648)(1.152 0.00638937 0.72)
(1.08 0 0.72)(1.152 0.00566271 0.792)
(1.08 0 0.792)(1.152 0.00499317 0.864)
(1.08 0 0.864)(1.152 0.00416182 0.936)
(1.08 0 0.936)(1.152 0.00354243 1.008)
(1.08 0 1.008)(1.152 0.00522427 1.08)
(1.08 0 1.08)(1.152 0.00646249 1.152)
(1.08 0 1.152)(1.152 0.00413313 1.224)
(1.08 0 1.224)(1.152 0.00411992 1.296)
(1.08 0 1.296)(1.152 0.00539757 1.368)
(1.08 0 1.368)(1.152 0.00489736 1.44)
(1.08 0 1.44)(1.152 0.00604407 1.512)
(1.08 0 1.512)(1.152 0.003275 1.584)
(1.08 0 1.584)(1.152 0.00369141 1.656)
(1.08 0 1.656)(1.152 0.00558173 1.728)
(1.08 0 1.728)(1.152 0.00368709 1.8)
(1.08 0 1.8)(1.152 0.00510458 1.872)
(1.08 0 1.872)(1.152 0.00407084 1.944)
(1.08 0 1.944)(1.152 0.00626939 2.016)
(1.152 0 0)(1.224 0.00432638 0.072)
(1.152 0 0.072)(1.224 0.00481607 0.144)
(1.152 0 0.144)(1.224 0.00374879 0.216)
(1.152 0 0.216)(1.224 0.00526676 0.288)
(1.152 0 0.288)(1.224 0.00528942 0.36)
(1.152 0 0.36)(1.224 0.00427881 0.432)
(1.152 0 0.432)(1.224 0.00264066 0.504)
(1.152 0 0.504)(1.224 0.00600675 0.576)
(1.152 0 0.576)(1.224 0.00519651 0.648)
(1.152 0 0.648)(1.224 0.00377522 0.72)
(1.152 0 0.72)(1.224 0.00308646 0.792)
(1.152 0 0.792)(1.224 0.0063565 0.864)
(1.152 0 0.864)(1.224 0.00524011 0.936)
(1.152 0 0.936)(1.224 0.00419725 1.008)
(1.152 0 1.008)(1.224 0.00587314 1.08)
(1.152 0 1.08)(1.224 0.00405739 1.152)
(1.152 0 1.152)(1.224 0.00560506 1.224)
(1.152 0 1.224)(1.224 0.0022229 1.296)
(1.152 0 1.296)(1.224 0.00491634 1.368)
(1.152 0 1.368)(1.224 0.0049517 1.44)
(1.152 0 1.44)(1.224 0.00217046 1.512)
(1.152 0 1.512)(1.224 0.00350139 1.584)
(1.152 0 1.584)(1.224 0.00470822 1.656)
(1.152 0 1.656)(1.224 0.00485753 1.728)
(1.152 0 1.728)(1.224 0.00514707 1.8)
(1.152 0 1.8)(1.224 0.00609765 1.872)
(1.152 0 1.872)(1.224 0.00358582 1.944)
(1.152 0 1.944)(1.224 0.00404643 2.016)
(1.224 0 0)(1.296 0.00417922 0.072)
(1.224 0 0.072)(1.296 0.0064488 0.144)
(1.224 0 0.144)(1.296 0.00540336 0.216)
(1.224 0 0.216)(1.296 0.00319453 0.288)
(1.224 0 0.288)(1.296 0.00403068 0.36)
(1.224 0 0.36)(1.296 0.00388235 0.432)
(1.224 0 0.432)(1.296 0.00379784 0.504)
(1.224 0 0.504)(1.296 0.00465484 0.576)
(1.224 0 0.576)(1.296 0.0050974 0.648)
(1.224 0 0.648)(1.296 0.00275274 0.72)
(1.224 0 0.72)(1.296 0.00415196 0.792)
(1.224 0 0.792)(1.296 0.00268865 0.864)
(1.224 0 0.864)(1.296 0.00452731 0.936)
(1.224 0 0.936)(1.296 0.0054073 1.008)
(1.224 0 1.008)(1.296 0.00487255 1.08)
(1.224 0 1.08)(1.296 0.00572582 1.152)
(1.224 0 1.152)(1.296 0.00628833 1.224)
(1.224 0 1.224)(1.296 0.00603572 1.296)
(1.224 0 1.296)(1.296 0.00328169 1.368)
(1.224 0 1.368)(1.296 0.00469259 1.44)
(1.224 0 1.44)(1.296 0.00465638 1.512)
(1.224 0 1.512)(1.296 0.00316055 1.584)
(1.224 0 1.584)(1.296 0.00414158 1.656)
(1.224 0 1.656)(1.296 0.00550459 1.728)
(1.224 0 1.728)(1.296 0.00512853 1.8)
(1.224 0 1.8)(1.296 0.00419293 1.872)
(1.224 0 1.872)(1.296 0.00671643 1.944)
(1.224 0 1.944)(1.296 0.00391264 2.016)
(1.296 0 0)(1.368 0.0016323 0.072)
(1.296 0 0.072)(1.368 0.00357326 0.144)
(1.296 0 0.144)(1.368 0.00632803 0.216)
(1.296 0 0.216)(1.368 0.00109037 0.288)
(1.296 0 0.288)(1.368 0.00353161 0.36)
(1.296 0 0.36)(1.368 0.00651576 0.432)
(1.296 0 0.432)(1.368 0.00373224 0.504)
(1.296 0 0.504)(1.368 0.00260982 0.576)
(1.296 0 0.576)(1.368 0.005498 0.648)
(1.296 0 0.648)(1.368 0.00616948 0.72)
(1.296 0 0.72)(1.368 0.00208602 0.792)
(1.296 0 0.792)(1.368 0.00439536 0.864)
(1.296 0 0.864)(1.368 0.00412274 0.936)
(1.296 0 0.936)(1.368 0.0032946 1.008)
(1.296 0 1.008)(1.368 0.00314713 1.08)
(1.296 0 1.08)(1.368 0.00382433 1.152)
(1.296 0 1.152)(1.368 0.00280904 1.224)
(1.296 0 1.224)(1.368 0.00474154 1.296)
(1.296 0 1.296)(1.368 0.00743829 1.368)
(1.296 0 1.368)(1.368 0.00487338 1.44)
(1.296 0 1.44)(1.368 0.00398712 1.512)
(1.296 0 1.512)(1.368 0.00493136 1.584)
(1.296 0 1.584)(1.368 0.00763102 1.656)
(1.296 0 1.656)(1.368 0.00553901 1.728)
(1.296 0 1.728)(1.368 0.00557074 1.8)
(1.296 0 1.8)(1.368 0.00505473 1.872)
(1.296 0 1.872)(1.368 0.00592939 1.944)
(1.296 0 1.944)(1.368 0.00351486 2.016)
(1.368 0 0)(1.44 0.00595383 0.072)
(1.368 0 0.072)(1.44 0.00194847 0.144)
(1.368 0 0.144)(1.44 0.00629841 0.216)
(1.368 0 0.216)(1.44 0.00630749 0.288)
(1.368 0 0.288)(1.44 0.00436982 0.36)
(1.368 0 0.36)(1.44 0.00411907 0.432)
(1.368 0 0.432)(1.44 0.00415906 0.504)
(1.368 0 0.504)(1.44 0.00303219 0.576)
(1.368 0 0.576)(1.44 0.00354042 0.648)
(1.368 0 0.648)(1.44 0.0061426 0.72)
(1.368 0 0.72)(1.44 0.00430628 0.792)
(1.368 0 0.792)(1.44 0.00352547 0.864)
(1.368 0 0.864)(1.44 0.00531942 0.936)
(1.368 0 0.936)(1.44 0.00225842 1.008)
(1.368 0 1.008)(1.44 0.0036501 1.08)
(1.368 0 1.08)(1.44 0.00456049 1.152)
(1.368 0 1.152)(1.44 0.00464737 1.224)
(1.368 0 1.224)(1.44 0.00333066 1.296)
(1.368 0 1.296)(1.44 0.00591906 1.368)
(1.368 0 1.368)(1.44 0.00470115 1.44)
(1.368 0 1.44)(1.44 0.0039033 1.512)
(1.368 0 1.512)(1.44 0.00356243 1.584)
(1.368 0 1.584)(1.44 0.00372257 1.656)
(1.368 0 1.656)(1.44 0.00467299 1.728)
(1.368 0 1.728)(1.44 0.00446206 1.8)
(1.368 0 1.8)(1.44 0.0045752 1.872)
(1.368 0 1.872)(1.44 0.00287736 1.944)
(1.368 0 1.944)(1.44 0.00412677 2.016)
(1.44 0 0)(1.512 0.00541462 0.072)
(1.44 0 0.072)(1.512 0.0058729 0.144)
(1.44 0 0.144)(1.512 0.00339272 0.216)
(1.44 0 0.216)(1.512 0.00511088 0.288)
(1.44 0 0.288)(1.512 0.00512773 0.36)
(1.44 0 0.36)(1.512 0.00329643 0.432)
(1.44 0 0.432)(1.512 0.00108278 0.504)
(1.44 0 0.504)(1.512 0.00630699 0.576)
(1.44 0 0.576)(1.512 0.00435594 0.648)
(1.44 0 0.648)(1.512 0.00343976 0.72)
(1.44 0 0.72)(1.512 0.00548345 0.792)
(1.44 0 0.792)(1.512 0.00489048 0.864)
(1.44 0 0.864)(1.512 0.00467838 0.936)
(1.44 0 0.936)(1.512 0.00335189 1.008)
(1.44 0 1.008)(1.512 0.00464524 1.08)
(1.44 0 1.08)(1.512 0.00569099 1.152)
(1.44 0 1.152)(1.512 0.00538085 1.224)
(1.44 0 1.224)(1.512 0.00447283 1.296)
(1.44 0 1.296)(1.512 0.00641572 1.368)
(1.44 0 1.368)(1.512 0.00486902 1.44)
(1.44 0 1.44)(1.512 0.00400488 1.512)
(1.44 0 1.512)(1.512 0.00314548 1.584)
(1.44 0 1.584)(1.512 0.00414274 1.656)
(1.44 0 1.656)(1.512 0.00505618 1.728)
(1.44 0 1.728)(1.512 0.00509732 1.8)
(1.44 0 1.8)(1.512 0.00547351 1.872)
(1.44 0 1.872)(1.512 0.00342755 1.944)
(1.44 0 1.944)(1.512 0.00456798 2.016)
(1.512 0 0)(1.584 0.00366433 0.072)
(1.512 0 0.072)(1.584 0.00572457 0.144)
(1.512 0 0.144)(1.584 0.00535833 0.216)
(1.512 0 0.216)(1.584 0.00601626 0.288)
(1.512 0 0.288)(1.584 0.00431383 0.36)
(1.512 0 0.36)(1.584 0.0030699 0.432)
(1.512 0 0.432)(1.584 0.00412556 0.504)
(1.512 0 0.504)(1.584 0.00311283 0.576)
(1.512 0 0.576)(1.584 0.00307142 0.648)
(1.512 0 0.648)(1.584 0.00286801 0.72)
(1.512 0 0.72)(1.584 0.00582538 0.792)
(1.512 0 0.792)(1.584 0.00283041 0.864)
(1.512 0 0.864)(1.584 0.00248738 0.936)
(1.512 0 0.936)(1.584 0.00442677 1.008)
(1.512 0 1.008)(1.584 0.00348478 1.08)
(1.512 0 1.08)(1.584 0.00353037 1.152)
(1.512 0 1.152)(1.584 0.00588952 1.224)
(1.512 0 1.224)(1.584 0.00469366 1.296)
(1.512 0 1.296)(1.584 0.00558249 1.368)
(1.512 0 1.368)(1.584 0.00465427 1.44)
(1.512 0 1.44)(1.584 0.00615032 1.512)
(1.512 0 1.512)(1.584 0.00365854 1.584)
(1.512 0 1.584)(1.584 0.00530024 1.656)
(1.512 0 1.656)(1.584 0.00600524 1.728)
(1.512 0 1.728)(1.584 0.00428171 1.8)
(1.512 0 1.8)(1.584 0.0049474 1.872)
(1.512 0 1.872)(1.584 0.00520096 1.944)
(1.512 0 1.944)(1.584 0.00367746 2.016)
(1.584 0 0)(1.656 0.00438747 0.072)
(1.584 0 0.072)(1.656 0.0040803 0.144)
(1.584 0 0.144)(1.656 0.00497896 0.216)
(1.584 0 0.216)(1.656 0.00297982 0.288)
(1.584 0 0.288)(1.656 0.00629043 0.36)
(1.584 0 0.36)(1.656 0.004819 0.432)
(1.584 0 0.432)(1.656 0.00527603 0.504)
(1.584 0 0.504)(1.656 0.00492117 0.576)
(1.584 0 0.576)(1.656 0.00449888 0.648)
(1.584 0 0.648)(1.656 0.00474766 0.72)
(1.584 0 0.72)(1.656 0.00549728 0.792)
(1.584 0 0.792)(1.656 0.00580632 0.864)
(1.584 0 0.864)(1.656 0.0038534 0.936)
(1.584 0 0.936)(1.656 0.00352164 1.008)
(1.584 0 1.008)(1.656 0.00426539 1.08)
(1.584 0 1.08)(1.656 0.00545217 1.152)
(1.584 0 1.152)(1.656 0.00463013 1.224)
(1.584 0 1.224)(1.656 0.00559033 1.296)
(1.584 0 1.296)(1.656 0.00345235 1.368)
(1.584 0 1.368)(1.656 0.00356059 1.44)
(1.584 0 1.44)(1.656 0.00381409 1.512)
(1.584 0 1.512)(1.656 0.0021093 1.584)
(1.584 0 1.584)(1.656 0.00571612 1.656)
(1.584 0 1.656)(1.656 0.00513616 1.728)
(1.584 0 1.728)(1.656 0.00647006 1.8)
(1.584 0 1.8)(1.656 0.0048335 1.872)
(1.584 0 1.872)(1.656 0.00386971 1.944)
(1.584 0 1.944)(1.656 0.00624476 2.016)
(1.656 0 0)(1.728 0.00571326 0.072)
(1.656 0 0.072)(1.728 0.00602292 0.144)
(1.656 0 0.144)(1.728 0.00335649 0.216)
(1.656 0 0.216)(1.728 0.00321223 0.288)
(1.656 0 0.288)(1.728 0.00441501 0.36)
(1.656 0 0.36)(1.728 0.00494129 0.432)
(1.656 0 0.432)(1.728 0.00503388 0.504)
(1.656 0 0.504)(1.728 0.00605132 0.576)
(1.656 0 0.576)(1.728 0.00274751 0.648)
(1.656 0 0.648)(1.728 0.00262623 0.72)
(1.656 0 0.72)(1.728 0.00665587 0.792)
(1.656 0 0.792)(1.728 0.00513955 0.864)
(1.656 0 0.864)(1.728 0.00252414 0.936)
(1.656 0 0.936)(1.728 0.00505958 1.008)
(1.656 0 1.008)(1.728 0.00497913 1.08)
(1.656 0 1.08)(1.728 0.00397202 1.152)
(1.656 0 1.152)(1.728 0.00513939 1.224)
(1.656 0 1.224)(1.728 0.00316624 1.296)
(1.656 0 1.296)(1.728 0.0042734 1.368)
(1.656 0 1.368)(1.728 0.00370291 1.44)
(1.656 0 1.44)(1.728 0.00269357 1.512)
(1.656 0 1.512)(1.728 0.00445607 1.584)
(1.656 0 1.584)(1.728 0.00544544 1.656)
(1.656 0 1.656)(1.728 0.00414451 1.728)
(1.656 0 1.728)(1.728 0.00490037 1.8)
(1.656 0 1.8)(1.728 0.00444834 1.872)
(1.656 0 1.872)(1.728 0.00318204 1.944)
(1.656 0 1.944)(1.728 0.0047819 2.016)
(1.728 0 0)(1.8 0.00347918 0.072)
(1.728 0 0.072)(1.8 0.00449859 0.144)
(1.728 0 0.144)(1.8 0.00398652 0.216)
(1.728 0 0.216)(1.8 0.00316213 0.288)
(1.728 0 0.288)(1.8 0.00389718 0.36)
(1.728 0 0.36)(1.8 0.0037063 0.432)
(1.728 0 0.432)(1.8 0.00369423 0.504)
(1.728 0 0.504)(1.8 0.00543904 0.576)
(1.728 0 0.576)(1.8 0.00555802 0.648)
(1.728 0 0.648)(1.8 0.00794914 0.72)
(1.728 0 0.72)(1.8 0.00323565 0.792)
(1.728 0 0.792)(1.8 0.0023673 0.864)
(1.728 0 0.864)(1.8 0.00466077 0.936)
(1.728 0 0.936)(1.8 0.00547884 1.008)
(1.728 0 1.008)(1.8 0.0060127 1.08)
(1.728 0 1.08)(1.8 0.00400747 1.152)
(1.728 0 1.152)(1.8 0.00387322 1.224)
(1.728 0 1.224)(1.8 0.00556599 1.296)
(1.728 0 1.296)(1.8 0.0047916 1.368)
(1.728 0 1.368)(1.8 0.00382632 1.44)
(1.728 0 1.44)(1.8 0.00390041 1.512)
(1.728 0 1.512)(1.8 0.00397204 1.584)
(1.728 0 1.584)(1.8 0.00488126 1.656)
(1.728 0 1.656)(1.8 0.00418796 1.728)
(1.728 0 1.728)(1.8 0.00425148 1.8)
(1.728 0 1.8)(1.8 0.00409857 1.872)
(1.728 0 1.872)(1.8 0.00582404 1.944)
(1.728 0 1.944)(1.8 0.00456046 2.016)
(1.8 0 0)(1.872 0.00470344 0.072)
(1.8 0 0.072)(1.872 0.00453961 0.144)
(1.8 0 0.144)(1.872 0.00514943 0.216)
(1.8 0 0.216)(1.872 0.00562521 0.288)
(1.8 0 0.288)(1.872 0.0029094 0.36)
(1.8 0 0.36)(1.872 0.0064678 0.432)
(1.8 0 0.432)(1.872 0.00363697 0.504)
(1.8 0 0.504)(1.872 0.00140035 0.576)
(1.8 0 0.576)(1.872 0.00379351 0.648)
(1.8 0 0.648)(1.872 0.0055772 0.72)
(1.8 0 0.72)(1.872 0.00139463 0.792)
(1.8 0 0.792)(1.872 0.00337235 0.864)
(1.8 0 0.864)(1.872 0.00698263 0.936)
(1.8 0 0.936)(1.872 0.00393385 1.008)
(1.8 0 1.008)(1.872 0.00678009 1.08)
(1.8 0 1.08)(1.872 0.00534688 1.152)
(1.8 0 1.152)(1.872 0.00294016 1.224)
(1.8 0 1.224)(1.872 0.00557779 1.296)
(1.8 0 1.296)(1.872 0.00366546 1.368)
(1.8 0 1.368)(1.872 0.00353349 1.44)
(1.8 0 1.44)(1.872 0.00426877 1.512)
(1.8 0 1.512)(1.872 0.00654415 1.584)
(1.8 0 1.584)(1.872 0.00433544 1.656)
(1.8 0 1.656)(1.872 0.00477649 1.728)
(1.8 0 1.728)(1.872 0.0041637 1.8)
(1.8 0 1.8)(1.872 0.00686356 1.872)
(1.8 0 1.872)(1.872 0.00601679 1.944)
(1.8 0 1.944)(1.872 0.00452794 2.016)
(1.872 0 0)(1.944 0.00615479 0.072)
(1.872 0 0.072)(1.944 0.00386564 0.144)
(1.872 0 0.144)(1.944 0.0070408 0.216)
(1.872 0 0.216)(1.944 0.00365021 0.288)
(1.872 0 0.288)(1.944 0.00344773 0.36)
(1.872 0 0.36)(1.944 0.00561548 0.432)
(1.872 0 0.432)(1.944 0.00512252 0.504)
(1.872 0 0.504)(1.944 0.00380636 0.576)
(1.872 0 0.576)(1.944 0.00583681 0.648)
(1.872 0 0.648)(1.944 0.00399911 0.72)
(1.872 0 0.72)(1.944 0.0051088 0.792)
(1.872 0 0.792)(1.944 0.00404108 0.864)
(1.872 0 0.864)(1.944 0.00389677 0.936)
(1.872 0 0.936)(1.944 0.00632374 1.008)
(1.872 0 1.008)(1.944 0.00244506 1.08)
(1.872 0 1.08)(1.944 0.00306522 1.152)
(1.872 0 1.152)(1.944 0.00513995 1.224)
(1.872 0 1.224)(1.944 0.00391252 1.296)
(1.872 0 1.296)(1.944 0.0044 1.368)
(1.872 0 1.368)(1.944 0.00505352 1.44)
(1.872 0 1.44)(1.944 0.00377393 1.512)
(1.872 0 1.512)(1.944 0.00642023 1.584)
(1.872 0 1.584)(1.944 0.00463728 1.656)
(1.872 0 1.656)(1.944 0.00452831 1.728)
(1.872 0 1.728)(1.944 0.00315947 1.8)
(1.872 0 1.8)(1.944 0.00540416 1.872)
(1.872 0 1.872)(1.944 0.00347506 1.944)
(1.872 0 1.944)(1.944 0.00502177 2.016)
(1.944 0 0)(2.016 0.00364523 0.072)
(1.944 0 0.072)(2.016 0.00469683 0.144)
(1.944 0 0.144)(2.016 0.00528426 0.216)
(1.944 0 0.216)(2.016 0.00349618 0.288)
(1.944 0 0.288)(2.016 0.00514033 0.36)
(1.944 0 0.36)(2.016 0.00396091 0.432)
(1.944 0 0.432)(2.016 0.00364097 0.504)
(1.944 0 0.504)(2.016 0.0034461 0.576)
(1.944 0 0.576)(2.016 0.00497621 0.648)
(1.944 0 0.648)(2.016 0.00580399 0.72)
(1.944 0 0.72)(2.016 0.00658246 0.792)
(1.944 0 0.792)(2.016 0.00410801 0.864)
(1.944 0 0.864)(2.016 0.00343663 0.936)
(1.944 0 0.936)(2.016 0.00426618 1.008)
(1.944 0 1.008)(2.016 0.00264579 1.08)
(1.944 0 1.08)(2.016 0.00403679 1.152)
(1.944 0 1.152)(2.016 0.00536936 1.224)
(1.944 0 1.224)(2.016 0.00706959 1.296)
(1.944 0 1.296)(2.016 0.00200843 1.368)
(1.944 0 1.368)(2.016 0.00404157 1.44)
(1.944 0 1.44)(2.016 0.00395787 1.512)
(1.944 0 1.512)(2.016 0.00536356 1.584)
(1.944 0 1.584)(2.016 0.00536226 1.656)
(1.944 0 1.656)(2.016 0.00497291 1.728)
(1.944 0 1.728)(2.016 0.00465446 1.8)
(1.944 0 1.8)(2.016 0.00290052 1.872)
(1.944 0 1.872)(2.016 0.00339694 1.944)
(1.944 0 1.944)(2.016 0.00543707 2.016)
(2.016 0 0)(2.088 0.00529987 0.072)
(2.016 0 0.072)(2.088 0.00384732 0.144)
(2.016 0 0.144)(2.088 0.00184031 0.216)
(2.016 0 0.216)(2.088 0.00427329 0.288)
(2.016 0 0.288)(2.088 0.0038942 0.36)
(2.016 0 0.36)(2.088 0.00343094 0.432)
(2.016 0 0.432)(2.088 0.00592459 0.504)
(2.016 0 0.504)(2.088 0.004896 0.576)
(2.016 0 0.576)(2.088 0.00496817 0.648)
(2.016 0 0.648)(2.088 0.00284972 0.72)
(2.016 0 0.72)(2.088 0.00393124 0.792)
(2.016 0 0.792)(2.088 0.0034815 0.864)
(2.016 0 0.864)(2.088 0.00407246 0.936)
(2.016 0 0.936)(2.088 0.00437848 1.008)
(2.016 0 1.008)(2.088 0.00350513 1.08)
(2.016 0 1.08)(2.088 0.00506794 1.152)
(2.016 0 1.152)(2.088 0.00666979 1.224)
(2.016 0 1.224)(2.088 0.0052509 1.296)
(2.016 0 1.296)(2.088 0.00302341 1.368)
(2.016 0 1.368)(2.088 0.00431941 1.44)
(2.016 0 1.44)(2.088 0.00684024 1.512)
(2.016 0 1.512)(2.088 0.00646383 1.584)
(2.016 0 1.584)(2.088 0.00459946 1.656)
(2.016 0 1.656)(2.088 0.00661916 1.728)
(2.016 0 1.728)(2.088 0.00752384 1.8)
(2.016 0 1.8)(2.088 0.00360324 1.872)
(2.016 0 1.872)(2.088 0.00344471 1.944)
(2.016 0 1.944)(2.088 0.0060355 2.016)
(2.088 0 0)(2.16 0.00311208 0.072)
(2.088 0 0.072)(2.16 0.00412559 0.144)
(2.088 0 0.144)(2.16 0.00565318 0.216)
(2.088 0 0.216)(2.16 0.00392243 0.288)
(2.088 0 0.288)(2.16 0.00368553 0.36)
(2.088 0 0.36)(2.16 0.00439087 0.432)
(2.088 0 0.432)(2.16 0.00308716 0.504)
(2.088 0 0.504)(2.16 0.00519874 0.576)
(2.088 0 0.576)(2.16 0.00328467 0.648)
(2.088 0 0.648)(2.16 0.0062235 0.72)
(2.088 0 0.72)(2.16 0.0047217 0.792)
(2.088 0 0.792)(2.16 0.00423146 0.864)
(2.088 0 0.864)(2.16 0.00654543 0.936)
(2.088 0 0.936)(2.16 0.00485536 1.008)
(2.088 0 1.008)(2.16 0.00665643 1.08)
(2.088 0 1.08)(2.16 0.00501725 1.152)
(2.088 0 1.152)(2.16 0.00566048 1.224)
(2.088 0 1.224)(2.16 0.00574902 1.296)
(2.088 0 1.296)(2.16 0.00308619 1.368)
(2.088 0 1.368)(2.16 0.00397172 1.44)
(2.088 0 1.44)(2.16 0.00580503 1.512)
(2.088 0 1.512)(2.16 0.00322149 1.584)
(2.088 0 1.584)(2.16 0.00290152 1.656)
(2.088 0 1.656)(2.16 0.00445048 1.728)
(2.088 0 1.728)(2.16 0.00469556 1.8)
(2.088 0 1.8)(2.16 0.00261067 1.872)
(2.088 0 1.872)(2.16 0.00602084 1.944)
(2.088 0 1.944)(2.16 0.00309519 2.016)
(2.16 0 0)(2.232 0.00595211 0.072)
(2.16 0 0.072)(2.232 0.00493699 0.144)
(2.16 0 0.144)(2.232 0.00388937 0.216)
(2.16 0 0.216)(2.232 0.00415767 0.288)
(2.16 0 0.288)(2.232 0.0052748 0.36)
(2.16 0 0.36)(2.232 0.00523513 0.432)
(2.16 0 0.432)(2.232 0.00452411 0.504)
(2.16 0 0.504)(2.232 0.00440339 0.576)
(2.16 0 0.576)(2.232 0.00315871 0.648)
(2.16 0 0.648)(2.232 0.00309421 0.72)
(2.16 0 0.72)(2.232 0.00520569 0.792)
(2.16 0 0.792)(2.232 0.00543593 0.864)
(2.16 0 0.864)(2.232 0.00403345 0.936)
(2.16 0 0.936)(2.232 0.00356132 1.008)
(2.16 0 1.008)(2.232 0.00560908 1.08)
(2.16 0 1.08)(2.232 0.00483984 1.152)
(2.16 0 1.152)(2.232 0.00594458 1.224)
(2.16 0 1.224)(2.232 0.00391352 1.296)
(2.16 0 1.296)(2.232 0.00385355 1.368)
(2.16 0 1.368)(2.232 0.00471743 1.44)
(2.16 0 1.44)(2.232 0.0024377 1.512)
(2.16 0 1.512)(2.232 0.0056217 1.584)
(2.16 0 1.584)(2.232 0.00370394 1.656)
(2.16 0 1.656)(2.232 0.00391798 1.728)
(2.16 0 1.728)(2.232 0.00405333 1.8)
(2.16 0 1.8)(2.232 0.00472261 1.872)
(2.16 0 1.872)(2.232 0.00381033 1.944)
(2.16 0 1.944)(2.232 0.00367377 2.016)
(2.232 0 0)(2.304 0.00383692 0.072)
(2.232 0 0.072)(2.304 0.0031917 0.144)
(2.232 0 0.144)(2.304 0.00515946 0.216)
(2.232 0 0.216)(2.304 0.00474873 0.288)
(2.232 0 0.288)(2.304 0.00523821 0.36)
(2.232 0 0.36)(2.304 0.00589803 0.432)
(2.232 0 0.432)(2.304 0.00381509 0.504)
(2.232 0 0.504)(2.304 0.00360095 0.576)
(2.232 0 0.576)(2.304 0.00448078 0.648)
(2.232 0 0.648)(2.304 0.00396685 0.72)
(2.232 0 0.72)(2.304 0.00419606 0.792)
(2.232 0 0.792)(2.304 0.00486201 0.864)
(2.232 0 0.864)(2.304 0.00525852 0.936)
(2.232 0 0.936)(2.304 0.00384389 1.008)
(2.232 0 1.008)(2.304 0.0029104 1.08)
(2.232 0 1.08)(2.304 0.00471809 1.152)
(2.232 0 1.152)(2.304 0.00412312 1.224)
(2.232 0 1.224)(2.304 0.00516994 1.296)
(2.232 0 1.296)(2.304 0.00611405 1.368)
(2.232 0 1.368)(2.304 0.00326003 1.44)
(2.232 0 1.44)(2.304 0.00221499 1.512)
(2.232 0 1.512)(2.304 0.0055831 1.584)
(2.232 0 1.584)(2.304 0.00330264 1.656)
(2.232 0 1.656)(2.304 0.00309265 1.728)
(2.232 0 1.728)(2.304 0.00511924 1.8)
(2.232 0 1.8)(2.304 0.00473119 1.872)
(2.232 0 1.872)(2.304 0.00372286 1.944)
(2.232 0 1.944)(2.304 0.0056886 2.016)
(2.304 0 0)(2.376 0.00399523 0.072)
(2.304 0 0.072)(2.376 0.00429661 0.144)
(2.304 0 0.144)(2.376 0.00458658 0.216)
(2.304 0 0.216)(2.376 0.00281621 0.288)
(2.304 0 0.288)(2.376 0.00717185 0.36)
(2.304 0 0.36)(2.376 0.00552721 0.432)
(2.304 0 0.432)(2.376 0.00393534 0.504)
(2.304 0 0.504)(2.376 0.00396903 0.576)
(2.304 0 0.576)(2.376 0.00430087 0.648)
(2.304 0 0.648)(2.376 0.00532686 0.72)
(2.304 0 0.72)(2.376 0.00516464 0.792)
(2.304 0 0.792)(2.376 0.00382724 0.864)
(2.304 0 0.864)(2.376 0.00482726 0.936)
(2.304 0 0.936)(2.376 0.00599969 1.008)
(2.304 0 1.008)(2.376 0.00546346 1.08)
(2.304 0 1.08)(2.376 0.0059733 1.152)
(2.304 0 1.152)(2.376 0.0029201 1.224)
(2.304 0 1.224)(2.376 0.00453214 1.296)
(2.304 0 1.296)(2.376 0.00410029 1.368)
(2.304 0 1.368)(2.376 0.00246035 1.44)
(2.304 0 1.44)(2.376 0.00752357 1.512)
(2.304 0 1.512)(2.376 0.00499332 1.584)
(2.304 0 1.584)(2.376 0.00354431 1.656)
(2.304 0 1.656)(2.376 0.00600522 1.728)
(2.304 0 1.728)(2.376 0.00466881 1.8)
(2.304 0 1.8)(2.376 0.00427068 1.872)
(2.304 0 1.872)(2.376 0.00330377 1.944)
(2.304 0 1.944)(2.376 0.0041011 2.016)
(2.376 0 0)(2.448 0.00524318 0.072)
(2.376 0 0.072)(2.448 0.00649358 0.144)
(2.376 0 0.144)(2.448 0.00429159 0.216)
(2.376 0 0.216)(2.448 0.00377155 0.288)
(2.376 0 0.288)(2.448 0.00492568 0.36)
(2.376 0 0.36)(2.448 0.00339701 0.432)
(2.376 0 0.432)(2.448 0.00297657 0.504)
(2.376 0 0.504)(2.448 0.00609043 0.576)
(2.376 0 0.576)(2.448 0.00339391 0.648)
(2.376 0 0.648)(2.448 0.00445366 0.72)
(2.376 0 0.72)(2.448 0.00422829 0.792)
(2.376 0 0.792)(2.448 0.00323573 0.864)
(2.376 0 0.864)(2.448 0.00505005 0.936)
(2.376 0 0.936)(2.448 0.00259068 1.008)
(2.376 0 1.008)(2.448 0.00402854 1.08)
(2.376 0 1.08)(2.448 0.00407306 1.152)
(2.376 0 1.152)(2.448 0.00349525 1.224)
(2.376 0 1.224)(2.448 0.00474968 1.296)
(2.376 0 1.296)(2.448 0.00526227 1.368)
(2.376 0 1.368)(2.448 0.00421218 1.44)
(2.376 0 1.44)(2.448 0.0049563 1.512)
(2.376 0 1.512)(2.448 0.00608056 1.584)
(2.376 0 1.584)(2.448 0.00458568 1.656)
(2.376 0 1.656)(2.448 0.00614331 1.728)
(2.376 0 1.728)(2.448 0.00312905 1.8)
(2.376 0 1.8)(2.448 0.00636642 1.872)
(2.376 0 1.872)(2.448 0.00481538 1.944)
(2.376 0 1.944)(2.448 0.00287756 2.016)
(2.448 0 0)(2.52 0.00323986 0.072)
(2.448 0 0.072)(2.52 0.00557541 0.144)
(2.448 0 0.144)(2.52 0.00339251 0.216)
(2.448 0 0.216)(2.52 0.00362005 0.288)
(2.448 0 0.288)(2.52 0.00220932 0.36)
(2.448 0 0.36)(2.52 0.0045918 0.432)
(2.448 0 0.432)(2.52 0.0051524 0.504)
(2.448 0 0.504)(2.52 0.00562193 0.576)
(2.448 0 0.576)(2.52 0.00379948 0.648)
(2.448 0 0.648)(2.52 0.00393047 0.72)
(2.448 0 0.72)(2.52 0.00389519 0.792)
(2.448 0 0.792)(2.52 0.00478669 0.864)
(2.448 0 0.864)(2.52 0.00408589 0.936)
(2.448 0 0.936)(2.52 0.0039197 1.008)
(2.448 0 1.008)(2.52 0.00406773 1.08)
(2.448 0 1.08)(2.52 0.00567319 1.152)
(2.448 0 1.152)(2.52 0.00525455 1.224)
(2.448 0 1.224)(2.52 0.00330817 1.296)
(2.448 0 1.296)(2.52 0.00368865 1.368)
(2.448 0 1.368)(2.52 0.00382051 1.44)
(2.448 0 1.44)(2.52 0.00334495 1.512)
(2.448 0 1.512)(2.52 0.00386552 1.584)
(2.448 0 1.584)(2.52 0.00514522 1.656)
(2.448 0 1.656)(2.52 0.00471127 1.728)
(2.448 0 1.728)(2.52 0.00413449 1.8)
(2.448 0 1.8)(2.52 0.00626941 1.872)
(2.448 0 1.872)(2.52 0.00405292 1.944)
(2.448 0 1.944)(2.52 0.00346632 2.016)
(2.52 0 0)(2.592 0.00615825 0.072)
(2.52 0 0.072)(2.592 0.00351465 0.144)
(2.52 0 0.144)(2.592 0.00507754 0.216)
(2.52 0 0.216)(2.592 0.00493079 0.288)
(2.52 0 0.288)(2.592 0.00669077 0.36)
(2.52 0 0.36)(2.592 0.00337572 0.432)
(2.52 0 0.432)(2.592 0.00390463 0.504)
(2.52 0 0.504)(2.592 0.00724665 0.576)
(2.52 0 0.576)(2.592 0.00358743 0.648)
(2.52 0 0.648)(2.592 0.00553993 0.72)
(2.52 0 0.72)(2.592 0.00466063 0.792)
(2.52 0 0.792)(2.592 0.00349173 0.864)
(2.52 0 0.864)(2.592 0.00355703 0.936)
(2.52 0 0.936)(2.592 0.00398048 1.008)
(2.52 0 1.008)(2.592 0.00564671 1.08)
(2.52 0 1.08)(2.592 0.00549844 1.152)
(2.52 0 1.152)(2.592 0.00471492 1.224)
(2.52 0 1.224)(2.592 0.00400698 1.296)
(2.52 0 1.296)(2.592 0.00446173 1.368)
(2.52 0 1.368)(2.592 0.00397281 1.44)
(2.52 0 1.44)(2.592 0.00285221 1.512)
(2.52 0 1.512)(2.592 0.00400622 1.584)
(2.52 0 1.584)(2.592 0.00402251 1.656)
(2.52 0 1.656)(2.592 0.00500648 1.728)
(2.52 0 1.728)(2.592 0.00433359 1.8)
(2.52 0 1.8)(2.592 0.00609853 1.872)
(2.52 0 1.872)(2.592 0.00255382 1.944)
(2.52 0 1.944)(2.592 0.0033201 2.016)
(2.592 0 0)(2.664 0.00452686 0.072)
(2.592 0 0.072)(2.664 0.00556139 0.144)
(2.592 0 0.144)(2.664 0 0.216)
(2.592 0 0.216)(2.664 0.00596844 0.288)
(2.592 0 0.288)(2.664 0.00509088 0.36)
(2.592 0 0.36)(2.664 0.00417009 0.432)
(2.592 0 0.432)(2.664 0.00221962 0.504)
(2.592 0 0.504)(2.664 0.00491065 0.576)
(2.592 0 0.576)(2.664 0.00497161 0.648)
(2.592 0 0.648)(2.664 0.00436199 0.72)
(2.592 0 0.72)(2.664 0.00562554 0.792)
(2.592 0 0.792)(2.664 0.00664641 0.864)
(2.592 0 0.864)(2.664 0.0017313 0.936)
(2.592 0 0.936)(2.664 0.0048654 1.008)
(2.592 0 1.008)(2.664 0.00378402 1.08)
(2.592 0 1.08)(2.664 0.00455939 1.152)
(2.592 0 1.152)(2.664 0.00471273 1.224)
(2.592 0 1.224)(2.664 0.00343509 1.296)
(2.592 0 1.296)(2.664 0.00582524 1.368)
(2.592 0 1.368)(2.664 0.00509332 1.44)
(2.592 0 1.44)(2.664 0.00321385 1.512)
(2.592 0 1.512)(2.664 0.00501848 1.584)
(2.592 0 1.584)(2.664 0.00548888 1.656)
(2.592 0 1.656)(2.664 0.0059186 1.728)
(2.592 0 1.728)(2.664 0.00473625 1.8)
(2.592 0 1.8)(2.664 0.00463079 1.872)
(2.592 0 1.872)(2.664 0.00429173 1.944)
(2.592 0 1.944)(2.664 0.00383563 2.016)
(2.664 0 0)(2.736 0.00383525 0.072)
(2.664 0 0.072)(2.736 0.00358471 0.144)
(2.664 0 0.144)(2.736 0.00352039 0.216)
(2.664 0 0.216)(2.736 0.00775853 0.288)
(2.664 0 0.288)(2.736 0.00560257 0.36)
(2.664 0 0.36)(2.736 0.00520146 0.432)
(2.664 0 0.432)(2.736 0.00250798 0.504)
(2.664 0 0.504)(2.736 0.005533 0.576)
(2.664 0 0.576)(2.736 0.00377589 0.648)
(2.664 0 0.648)(2.736 0.00530501 0.72)
(2.664 0 0.72)(2.736 0.00350092 0.792)
(2.664 0 0.792)(2.736 0.00371679 0.864)
(2.664 0 0.864)(2.736 0.0057752 0.936)
(2.664 0 0.936)(2.736 0.00664284 1.008)
(2.664 0 1.008)(2.736 0.00280679 1.08)
(2.664 0 1.08)(2.736 0.00408033 1.152)
(2.664 0 1.152)(2.736 0.00433728 1.224)
(2.664 0 1.224)(2.736 0.00500001 1.296)
(2.664 0 1.296)(2.736 0.00408315 1.368)
(2.664 0 1.368)(2.736 0.00395353 1.44)
(2.664 0 1.44)(2.736 0.00498944 1.512)
(2.664 0 1.512)(2.736 0.00352298 1.584)
(2.664 0 1.584)(2.736 0.00333932 1.656)
(2.664 0 1.656)(2.736 0.00555859 1.728)
(2.664 0 1.728)(2.736 0.00265972 1.8)
(2.664 0 1.8)(2.736 0.00597813 1.872)
(2.664 0 1.872)(2.736 0.0033359 1.944)
(2.664 0 1.944)(2.736 0.00403393 2.016)
(2.736 0 0)(2.808 0.00585137 0.072)
(2.736 0 0.072)(2.808 0.00457682 0.144)
(2.736 0 0.144)(2.808 0.00419197 0.216)
(2.736 0 0.216)(2.808 0.00543049 0.288)
(2.736 0 0.288)(2.808 0.00535623 0.36)
(2.736 0 0.36)(2.808 0.00466447 0.432)
(2.736 0 0.432)(2.808 0.00492671 0.504)
(2.736 0 0.504)(2.808 0.00330617 0.576)
(2.736 0 0.576)(2.808 0.00485797 0.648)
(2.736 0 0.648)(2.808 0.00568513 0.72)
(2.736 0 0.72)(2.808 0.00181682 0.792)
(2.736 0 0.792)(2.808 0.00506179 0.864)
(2.736 0 0.864)(2.808 0.00232735 0.936)
(2.736 0 0.936)(2.808 0.00503098 1.008)
(2.736 0 1.008)(2.808 0.00295558 1.08)
(2.736 0 1.08)(2.808 0.00488173 1.152)
(2.736 0 1.152)(2.808 0.0048248 1.224)
(2.736 0 1.224)(2.808 0.00632231 1.296)
(2.736 0 1.296)(2.808 0.00629714 1.368)
(2.736 0 1.368)(2.808 0.00440431 1.44)
(2.736 0 1.44)(2.808 0.00343887 1.512)
(2.736 0 1.512)(2.808 0.00595513 1.584)
(2.736 0 1.584)(2.808 0.00533875 1.656)
(2.736 0 1.656)(2.808 0.00379863 1.728)
(2.736 0 1.728)(2.808 0.00365445 1.8)
(2.736 0 1.8)(2.808 0.00373449 1.872)
(2.736 0 1.872)(2.808 0.00183101 1.944)
(2.736 0 1.944)(2.808 0.00503941 2.016)
(2.808 0 0)(2.88 0.00405077 0.072)
(2.808 0 0.072)(2.88 0.00242303 0.144)
(2.808 0 0.144)(2.88 0.00541008 0.216)
(2.808 0 0.216)(2.88 0.00449102 0.288)
(2.808 0 0.288)(2.88 0.00247495 0.36)
(2.808 0 0.36)(2.88 0.00402103 0.432)
(2.808 0 0.432)(2.88 0.00493139 0.504)
(2.808 0 0.504)(2.88 0.00236725 0.576)
(2.808 0 0.576)(2.88 0.00323305 0.648)
(2.808 0 0.648)(2.88 0.00491556 0.72)
(2.808 0 0.72)(2.88 0.00264109 0.792)
(2.808 0 0.792)(2.88 0.00624625 0.864)
(2.808 0 0.864)(2.88 0.00654353 0.936)
(2.808 0 0.936)(2.88 0.00408011 1.008)
(2.808 0 1.008)(2.88 0.00395241 1.08)
(2.808 0 1.08)(2.88 0.00462573 1.152)
(2.808 0 1.152)(2.88 0.00375383 1.224)
(2.808 0 1.224)(2.88 0.00390074 1.296)
(2.808 0 1.296)(2.88 0.00446666 1.368)
(2.808 0 1.368)(2.88 0.00358161 1.44)
(2.808 0 1.44)(2.88 0.00350513 1.512)
(2.808 0 1.512)(2.88 0.00500681 1.584)
(2.808 0 1.584)(2.88 0.00429653 1.656)
(2.808 0 1.656)(2.88 0.00480507 1.728)
(2.808 0 1.728)(2.88 0.00354775 1.8)
(2.808 0 1.8)(2.88 0.00364801 1.872)
(2.808 0 1.872)(2.88 0.0030696 1.944)
(2.808 0 1.944)(2.88 0.00529604 2.016)
(2.88 0 0)(2.952 0.00500098 0.072)
(2.88 0 0.072)(2.952 0.00544872 0.144)
(2.88 0 0.144)(2.952 0.00344328 0.216)
(2.88 0 0.216)(2.952 0.00373165 0.288)
(2.88 0 0.288)(2.952 0.00477049 0.36)
(2.88 0 0.36)(2.952 0.00548624 0.432)
(2.88 0 0.432)(2.952 0.00485245 0.504)
(2.88 0 0.504)(2.952 0.00547019 0.576)
(2.88 0 0.576)(2.952 0.0045693 0.648)
(2.88 0 0.648)(2.952 0.00586253 0.72)
(2.88 0 0.72)(2.952 0.00425172 0.792)
(2.88 0 0.792)(2.952 0.00449186 0.864)
(2.88 0 0.864)(2.952 0.00473713 0.936)
(2.88 0 0.936)(2.952 0.00301574 1.008)
(2.88 0 1.008)(2.952 0.00316595 1.08)
(2.88 0 1.08)(2.952 0.00560336 1.152)
(2.88 0 1.152)(2.952 0.00273242 1.224)
(2.88 0 1.224)(2.952 0.00397302 1.296)
(2.88 0 1.296)(2.952 0.00342087 1.368)
(2.88 0 1.368)(2.952 0.00428623 1.44)
(2.88 0 1.44)(2.952 0.00291414 1.512)
(2.88 0 1.512)(2.952 0.00165341 1.584)
(2.88 0 1.584)(2.952 0.00607465 1.656)
(2.88 0 1.656)(2.952 0.00530896 1.728)
(2.88 0 1.728)(2.952 0.00646668 1.8)
(2.88 0 1.8)(2.952 0.0021983 1.872)
(2.88 0 1.872)(2.952 0.00687987 1.944)
(2.88 0 1.944)(2.952 0.00294708 2.016)
(2.952 0 0)(3.024 0.00262162 0.072)
(2.952 0 0.072)(3.024 0.00432536 0.144)
(2.952 0 0.144)(3.024 0.00499533 0.216)
(2.952 0 0.216)(3.024 0.00451434 0.288)
(2.952 0 0.288)(3.024 0.00668805 0.36)
(2.952 0 0.36)(3.024 0.00353895 0.432)
(2.952 0 0.432)(3.024 0.005209 0.504)
(2.952 0 0.504)(3.024 0.00373679 0.576)
(2.952 0 0.576)(3.024 0.00402993 0.648)
(2.952 0 0.648)(3.024 0.00409509 0.72)
(2.952 0 0.72)(3.024 0.00438862 0.792)
(2.952 0 0.792)(3.024 0.00660377 0.864)
(2.952 0 0.864)(3.024 0.00357311 0.936)
(2.952 0 0.936)(3.024 0.00487118 1.008)
(2.952 0 1.008)(3.024 0.00414268 1.08)
(2.952 0 1.08)(3.024 0.00626965 1.152)
(2.952 0 1.152)(3.024 0.00486215 1.224)
(2.952 0 1.224)(3.024 0.00316261 1.296)
(2.952 0 1.296)(3.024 0.00491708 1.368)
(2.952 0 1.368)(3.024 0.0058688 1.44)
(2.952 0 1.44)(3.024 0.00442986 1.512)
(2.952 0 1.512)(3.024 0.00278887 1.584)
(2.952 0 1.584)(3.024 0.00359928 1.656)
(2.952 0 1.656)(3.024 0.00647966 1.728)
(2.952 0 1.728)(3.024 0.00462929 1.8)
(2.952 0 1.8)(3.024 0.0054366 1.872)
(2.952 0 1.872)(3.024 0.00809956 1.944)
(2.952 0 1.944)(3.024 0.0029828 2.016)
(3.024 0 0)(3.096 0.00314029 0.072)
(3.024 0 0.072)(3.096 0.00487073 0.144)
(3.024 0 0.144)(3.096 0.00368801 0.216)
(3.024 0 0.216)(3.096 0.00640423 0.288)
(3.024 0 0.288)(3.096 0.00581864 0.36)
(3.024 0 0.36)(3.096 0.00392954 0.432)
(3.024 0 0.432)(3.096 0.00316129 0.504)
(3.024 0 0.504)(3.096 0.00300694 0.576)
(3.024 0 0.576)(3.096 0.00294779 0.648)
(3.024 0 0.648)(3.096 0.00623195 0.72)
(3.024 0 0.72)(3.096 0.00599187 0.792)
(3.024 0 0.792)(3.096 0.00687559 0.864)
(3.024 0 0.864)(3.096 0.00668886 0.936)
(3.024 0 0.936)(3.096 0.00313055 1.008)
(3.024 0 1.008)(3.096 0.00323517 1.08)
(3.024 0 1.08)(3.096 0.00547438 1.152)
(3.024 0 1.152)(3.096 0.00504822 1.224)
(3.024 0 1.224)(3.096 0.00574689 1.296)
(3.024 0 1.296)(3.096 0.00344075 1.368)
(3.024 0 1.368)(3.096 0.00597005 1.44)
(3.024 0 1.44)(3.096 0.00460643 1.512)
(3.024 0 1.512)(3.096 0.00504216 1.584)
(3.024 0 1.584)(3.096 0.00455881 1.656)
(3.024 0 1.656)(3.096 0.00397288 1.728)
(3.024 0 1.728)(3.096 0.00447232 1.8)
(3.024 0 1.8)(3.096 0.00226266 1.872)
(3.024 0 1.872)(3.096 0.00397764 1.944)
(3.024 0 1.944)(3.096 0.00634963 2.016)
(3.096 0 0)(3.168 0.00448015 0.072)
(3.096 0 0.072)(3.168 0.00430187 0.144)
(3.096 0 0.144)(3.168 0.00676627 0.216)
(3.096 0 0.216)(3.168 0.00370114 0.288)
(3.096 0 0.288)(3.168 0.00189416 0.36)
(3.096 0 0.36)(3.168 0.00596207 0.432)
(3.096 0 0.432)(3.168 0.00223378 0.504)
(3.096 0 0.504)(3.168 0.00445103 0.576)
(3.096 0 0.576)(3.168 0.00402709 0.648)
(3.096 0 0.648)(3.168 0.00553228 0.72)
(3.096 0 0.72)(3.168 0.00522428 0.792)
(3.096 0 0.792)(3.168 0.00503431 0.864)
(3.096 0 0.864)(3.168 0.00483568 0.936)
(3.096 0 0.936)(3.168 0.00266508 1.008)
(3.096 0 1.008)(3.168 0.00448756 1.08)
(3.096 0 1.08)(3.168 0.00543262 1.152)
(3.096 0 1.152)(3.168 0.00605918 1.224)
(3.096 0 1.224)(3.168 0.00366021 1.296)
(3.096 0 1.296)(3.168 0.00378792 1.368)
(3.096 0 1.368)(3.168 0.00675476 1.44)
(3.096 0 1.44)(3.168 0.0065724 1.512)
(3.096 0 1.512)(3.168 0.00499452 1.584)
(3.096 0 1.584)(3.168 0.0056835 1.656)
(3.096 0 1.656)(3.168 0.00532943 1.728)
(3.096 0 1.728)(3.168 0.00492783 1.8)
(3.096 0 1.8)(3.168 0.00502907 1.872)
(3.096 0 1.872)(3.168 0.0049664 1.944)
(3.096 0 1.944)(3.168 0.000691005 2.016)
(3.168 0 0)(3.24 0.00405501 0.072)
(3.168 0 0.072)(3.24 0.00450977 0.144)
(3.168 0 0.144)(3.24 0.00533352 0.216)
(3.168 0 0.216)(3.24 0.0043728 0.288)
(3.168 0 0.288)(3.24 0.00446168 0.36)
(3.168 0 0.36)(3.24 0.00633182 0.432)
(3.168 0 0.432)(3.24 0.00459728 0.504)
(3.168 0 0.504)(3.24 0.00674434 0.576)
(3.168 0 0.576)(3.24 0.00424409 0.648)
(3.168 0 0.648)(3.24 0.00369107 0.72)
(3.168 0 0.72)(3.24 0.00316549 0.792)
(3.168 0 0.792)(3.24 0.00397605 0.864)
(3.168 0 0.864)(3.24 0.00632646 0.936)
(3.168 0 0.936)(3.24 0.00267268 1.008)
(3.168 0 1.008)(3.24 0.00424707 1.08)
(3.168 0 1.08)(3.24 0.00283726 1.152)
(3.168 0 1.152)(3.24 0.00605855 1.224)
(3.168 0 1.224)(3.24 0.00370858 1.296)
(3.168 0 1.296)(3.24 0.00484867 1.368)
(3.168 0 1.368)(3.24 0.00376615 1.44)
(3.168 0 1.44)(3.24 0.00377947 1.512)
(3.168 0 1.512)(3.24 0.00387642 1.584)
(3.168 0 1.584)(3.24 0.00378884 1.656)
(3.168 0 1.656)(3.24 0.00536958 1.728)
(3.168 0 1.728)(3.24 0.00255039 1.8)
(3.168 0 1.8)(3.24 0.00506078 1.872)
(3.168 0 1.872)(3.24 0.00372775 1.944)
(3.168 0 1.944)(3.24 0.00440666 2.016)
(3.24 0 0)(3.312 0.00477118 0.072)
(3.24 0 0.072)(3.312 0.0053607 0.144)
(3.24 0 0.144)(3.312 0.00445256 0.216)
(3.24 0 0.216)(3.312 0.00464976 0.288)
(3.24 0 0.288)(3.312 0.00614517 0.36)
(3.24 0 0.36)(3.312 0.00535462 0.432)
(3.24 0 0.432)(3.312 0.00437584 0.504)
(3.24 0 0.504)(3.312 0.00246659 0.576)
(3.24 0 0.576)(3.312 0.00446686 0.648)
(3.24 0 0.648)(3.312 0.0031075 0.72)
(3.24 0 0.72)(3.312 0.00650677 0.792)
(3.24 0 0.792)(3.312 0.00515696 0.864)
(3.24 0 0.864)(3.312 0.00538615 0.936)
(3.24 0 0.936)(3.312 0.00555304 1.008)
(3.24 0 1.008)(3.312 0.00601011 1.08)
(3.24 0 1.08)(3.312 0.00406888 1.152)
(3.24 0 1.152)(3.312 0.00752097 1.224)
(3.24 0 1.224)(3.312 0.00534514 1.296)
(3.24 0 1.296)(3.312 0.00341845 1.368)
(3.24 0 1.368)(3.312 0.00561601 1.44)
(3.24 0 1.44)(3.312 0.00391401 1.512)
(3.24 0 1.512)(3.312 0.00639406 1.584)
(3.24 0 1.584)(3.312 0.00312536 1.656)
(3.24 0 1.656)(3.312 0.00569297 1.728)
(3.24 0 1.728)(3.312 0.00543287 1.8)
(3.24 0 1.8)(3.312 0.00304938 1.872)
(3.24 0 1.872)(3.312 0.00448167 1.944)
(3.24 0 1.944)(3.312 0.00403091 2.016)
(3.312 0 0)(3.384 0.00419984 0.072)
(3.312 0 0.072)(3.384 0.00332076 0.144)
(3.312 0 0.144)(3.384 0.00200347 0.216)
(3.312 0 0.216)(3.384 0.00423273 0.288)
(3.312 0 0.288)(3.384 0.00435064 0.36)
(3.312 0 0.36)(3.384 0.00382965 0.432)
(3.312 0 0.432)(3.384 0.00297593 0.504)
(3.312 0 0.504)(3.384 0.00682487 0.576)
(3.312 0 0.576)(3.384 0.00342983 0.648)
(3.312 0 0.648)(3.384 0.00430375 0.72)
(3.312 0 0.72)(3.384 0.00764315 0.792)
(3.312 0 0.792)(3.384 0.00340614 0.864)
(3.312 0 0.864)(3.384 0.00425369 0.936)
(3.312 0 0.936)(3.384 0.0036401 1.008)
(3.312 0 1.008)(3.384 0.00311173 1.08)
(3.312 0 1.08)(3.384 0.00511551 1.152)
(3.312 0 1.152)(3.384 0.00465849 1.224)
(3.312 0 1.224)(3.384 0.00373515 1.296)
(3.312 0 1.296)(3.384 0.00459168 1.368)
(3.312 0 1.368)(3.384 0.00461238 1.44)
(3.312 0 1.44)(3.384 0.0039895 1.512)
(3.312 0 1.512)(3.384 0.00492057 1.584)
(3.312 0 1.584)(3.384 0.00367837 1.656)
(3.312 0 1.656)(3.384 0.00326643 1.728)
(3.312 0 1.728)(3.384 0.00493487 1.8)
(3.312 0 1.8)(3.384 0.00459973 1.872)
(3.312 0 1.872)(3.384 0.00485666 1.944)
(3.312 0 1.944)(3.384 0.00502846 2.016)
(3.384 0 0)(3.456 0.00399426 0.072)
(3.384 0 0.072)(3.456 0.00280754 0.144)
(3.384 0 0.144)(3.456 0.00432903 0.216)
(3.384 0 0.216)(3.456 0.00338337 0.288)
(3.384 0 0.288)(3.456 0.00531959 0.36)
(3.384 0 0.36)(3.456 0.0053399 0.432)
(3.384 0 0.432)(3.456 0.00356716 0.504)
(3.384 0 0.504)(3.456 0.00463421 0.576)
(3.384 0 0.576)(3.456 0.00515082 0.648)
(3.384 0 0.648)(3.456 0.00258185 0.72)
(3.384 0 0.72)(3.456 0.00532076 0.792)
(3.384 0 0.792)(3.456 0.00477597 0.864)
(3.384 0 0.864)(3.456 0.00457064 0.936)
(3.384 0 0.936)(3.456 0.006425 1.008)
(3.384 0 1.008)(3.456 0.00458421 1.08)
(3.384 0 1.08)(3.456 0.0052114 1.152)
(3.384 0 1.152)(3.456 0.00428885 1.224)
(3.384 0 1.224)(3.456 0.00547823 1.296)
(3.384 0 1.296)(3.456 0.00653074 1.368)
(3.384 0 1.368)(3.456 0.00410639 1.44)
(3.384 0 1.44)(3.456 0.00512354 1.512)
(3.384 0 1.512)(3.456 0.00600111 1.584)
(3.384 0 1.584)(3.456 0.00677077 1.656)
(3.384 0 1.656)(3.456 0.00511591 1.728)
(3.384 0 1.728)(3.456 0.00518924 1.8)
(3.384 0 1.8)(3.456 0.00626607 1.872)
(3.384 0 1.872)(3.456 0.00390712 1.944)
(3.384 0 1.944)(3.456 0.00515996 2.016)
(3.456 0 0)(3.528 0.00414322 0.072)
(3.456 0 0.072)(3.528 0.00523338 0.144)
(3.456 0 0.144)(3.528 0.00401836 0.216)
(3.456 0 0.216)(3.528 0.00209925 0.288)
(3.456 0 0.288)(3.528 0.00481193 0.36)
(3.456 0 0.36)(3.528 0.00414784 0.432)
(3.456 0 0.432)(3.528 0.00527906 0.504)
(3.456 0 0.504)(3.528 0.00403043 0.576)
(3.456 0 0.576)(3.528 0.00369885 0.648)
(3.456 0 0.648)(3.528 0.00536819 0.72)
(3.456 0 0.72)(3.528 0.0054468 0.792)
(3.456 0 0.792)(3.528 0.00465506 0.864)
(3.456 0 0.864)(3.528 0.00580509 0.936)
(3.456 0 0.936)(3.528 0.0050121 1.008)
(3.456 0 1.008)(3.528 0.00623583 1.08)
(3.456 0 1.08)(3.528 0.00490705 1.152)
(3.456 0 1.152)(3.528 0.00721271 1.224)
(3.456 0 1.224)(3.528 0.00504139 1.296)
(3.456 0 1.296)(3.528 0.00433765 1.368)
(3.456 0 1.368)(3.528 0.00369992 1.44)
(3.456 0 1.44)(3.528 0.0030872 1.512)
(3.456 0 1.512)(3.528 0.00616111 1.584)
(3.456 0 1.584)(3.528 0.00730117 1.656)
(3.456 0 1.656)(3.528 0.00470951 1.728)
(3.456 0 1.728)(3.528 0.00438854 1.8)
(3.456 0 1.8)(3.528 0.00522881 1.872)
(3.456 0 1.872)(3.528 0.00452232 1.944)
(3.456 0 1.944)(3.528 0.00444964 2.016)
(3.528 0 0)(3.6 0.00489578 0.072)
(3.528 0 0.072)(3.6 0.0039955 0.144)
(3.528 0 0.144)(3.6 0.0027654 0.216)
(3.528 0 0.216)(3.6 0.00421168 0.288)
(3.528 0 0.288)(3.6 0.00615966 0.36)
(3.528 0 0.36)(3.6 0.00426012 0.432)
(3.528 0 0.432)(3.6 0.00258317 0.504)
(3.528 0 0.504)(3.6 0.0031564 0.576)
(3.528 0 0.576)(3.6 0.00519185 0.648)
(3.528 0 0.648)(3.6 0.00385429 0.72)
(3.528 0 0.72)(3.6 0.00244697 0.792)
(3.528 0 0.792)(3.6 0.00388984 0.864)
(3.528 0 0.864)(3.6 0.004756 0.936)
(3.528 0 0.936)(3.6 0.00178029 1.008)
(3.528 0 1.008)(3.6 0.00566834 1.08)
(3.528 0 1.08)(3.6 0.00394183 1.152)
(3.528 0 1.152)(3.6 0.00175948 1.224)
(3.528 0 1.224)(3.6 0.00533629 1.296)
(3.528 0 1.296)(3.6 0.00499697 1.368)
(3.528 0 1.368)(3.6 0.00249908 1.44)
(3.528 0 1.44)(3.6 0.00533772 1.512)
(3.528 0 1.512)(3.6 0.00379829 1.584)
(3.528 0 1.584)(3.6 0.00419608 1.656)
(3.528 0 1.656)(3.6 0.00596784 1.728)
(3.528 0 1.728)(3.6 0.00349663 1.8)
(3.528 0 1.8)(3.6 0.00535504 1.872)
(3.528 0 1.872)(3.6 0.00573166 1.944)
(3.528 0 1.944)(3.6 0.00479448 2.016)
(3.6 0 0)(3.672 0.00384452 0.072)
(3.6 0 0.072)(3.672 0.00676987 0.144)
(3.6 0 0.144)(3.672 0.00482972 0.216)
(3.6 0 0.216)(3.672 0.00297419 0.288)
(3.6 0 0.288)(3.672 0.00283051 0.36)
(3.6 0 0.36)(3.672 0.0015802 0.432)
(3.6 0 0.432)(3.672 0.00229123 0.504)
(3.6 0 0.504)(3.672 0.00350358 0.576)
(3.6 0 0.576)(3.672 0.00533617 0.648)
(3.6 0 0.648)(3.672 0.00426884 0.72)
(3.6 0 0.72)(3.672 0.00497009 0.792)
(3.6 0 0.792)(3.672 0.00652358 0.864)
(3.6 0 0.864)(3.672 0.00417244 0.936)
(3.6 0 0.936)(3.672 0.004888 1.008)
(3.6 0 1.008)(3.672 0.00406826 1.08)
(3.6 0 1.08)(3.672 0.00507196 1.152)
(3.6 0 1.152)(3.672 0.00461025 1.224)
(3.6 0 1.224)(3.672 0.0054901 1.296)
(3.6 0 1.296)(3.672 0.00556494 1.368)
(3.6 0 1.368)(3.672 0.00371071 1.44)
(3.6 0 1.44)(3.672 0.00334221 1.512)
(3.6 0 1.512)(3.672 0.0036409 1.584)
(3.6 0 1.584)(3.672 0.0073394 1.656)
(3.6 0 1.656)(3.672 0.00547334 1.728)
(3.6 0 1.728)(3.672 0.00734954 1.8)
(3.6 0 1.8)(3.672 0.00268731 1.872)
(3.6 0 1.872)(3.672 0.00415075 1.944)
(3.6 0 1.944)(3.672 0.00630185 2.016)
(3.672 0 0)(3.744 0.00241197 0.072)
(3.672 0 0.072)(3.744 0.0051789 0.144)
(3.672 0 0.144)(3.744 0.00456548 0.216)
(3.672 0 0.216)(3.744 0.00366182 0.288)
(3.672 0 0.288)(3.744 0.00472312 0.36)
(3.672 0 0.36)(3.744 0.0059568 0.432)
(3.672 0 0.432)(3.744 0.00518 0.504)
(3.672 0 0.504)(3.744 0.0040875 0.576)
(3.672 0 0.576)(3.744 0.00493163 0.648)
(3.672 0 0.648)(3.744 0.00590346 0.72)
(3.672 0 0.72)(3.744 0.00452086 0.792)
(3.672 0 0.792)(3.744 0.00573928 0.864)
(3.672 0 0.864)(3.744 0.00560659 0.936)
(3.672 0 0.936)(3.744 0.00358999 1.008)
(3.672 0 1.008)(3.744 0.00391873 1.08)
(3.672 0 1.08)(3.744 0.0032241 1.152)
(3.672 0 1.152)(3.744 0.00328795 1.224)
(3.672 0 1.224)(3.744 0.0048377 1.296)
(3.672 0 1.296)(3.744 0.00293257 1.368)
(3.672 0 1.368)(3.744 0.00387287 1.44)
(3.672 0 1.44)(3.744 0.00484589 1.512)
(3.672 0 1.512)(3.744 0.00480582 1.584)
(3.672 0 1.584)(3.744 0.0041736 1.656)
(3.672 0 1.656)(3.744 0.00525922 1.728)
(3.672 0 1.728)(3.744 0.00460101 1.8)
(3.672 0 1.8)(3.744 0.0042211 1.872)
(3.672 0 1.872)(3.744 0.00542716 1.944)
(3.672 0 1.944)(3.744 0.00399469 2.016)
(3.744 0 0)(3.816 0.00441702 0.072)
(3.744 0 0.072)(3.816 0.00347755 0.144)
(3.744 0 0.144)(3.816 0.00449651 0.216)
(3.744 0 0.216)(3.816 0.00500742 0.288)
(3.744 0 0.288)(3.816 0.00336149 0.36)
(3.744 0 0.36)(3.816 0.0065023 0.432)
(3.744 0 0.432)(3.816 0.00501545 0.504)
(3.744 0 0.504)(3.816 0.00385735 0.576)
(3.744 0 0.576)(3.816 0.00260071 0.648)
(3.744 0 0.648)(3.816 0.00475204 0.72)
(3.744 0 0.72)(3.816 0.00450099 0.792)
(3.744 0 0.792)(3.816 0.00359258 0.864)
(3.744 0 0.864)(3.816 0.00441917 0.936)
(3.744 0 0.936)(3.816 0.00379665 1.008)
(3.744 0 1.008)(3.816 0.00498891 1.08)
(3.744 0 1.08)(3.816 0.00309975 1.152)
(3.744 0 1.152)(3.816 0.0069711 1.224)
(3.744 0 1.224)(3.816 0.00483756 1.296)
(3.744 0 1.296)(3.816 0.00670207 1.368)
(3.744 0 1.368)(3.816 0.0049024 1.44)
(3.744 0 1.44)(3.816 0.00527118 1.512)
(3.744 0 1.512)(3.816 0.00420873 1.584)
(3.744 0 1.584)(3.816 0.00469546 1.656)
(3.744 0 1.656)(3.816 0.00451759 1.728)
(3.744 0 1.728)(3.816 0.00354905 1.8)
(3.744 0 1.8)(3.816 0.00573164 1.872)
(3.744 0 1.872)(3.816 0.00403043 1.944)
(3.744 0 1.944)(3.816 0.00507187 2.016)
(3.816 0 0)(3.888 0.00501125 0.072)
(3.816 0 0.072)(3.888 0.00332816 0.144)
(3.816 0 0.144)(3.888 0.00656278 0.216)
(3.816 0 0.216)(3.888 0.0040468 0.288)
(3.816 0 0.288)(3.888 0.00425651 0.36)
(3.816 0 0.36)(3.888 0.00241964 0.432)
(3.816 0 0.432)(3.888 0.00652663 0.504)
(3.816 0 0.504)(3.888 0.00648532 0.576)
(3.816 0 0.576)(3.888 0.00488266 0.648)
(3.816 0 0.648)(3.888 0.00368346 0.72)
(3.816 0 0.72)(3.888 0.00521981 0.792)
(3.816 0 0.792)(3.888 0.00499829 0.864)
(3.816 0 0.864)(3.888 0.00342546 0.936)
(3.816 0 0.936)(3.888 0.00563805 1.008)
(3.816 0 1.008)(3.888 0.00204321 1.08)
(3.816 0 1.08)(3.888 0.00431946 1.152)
(3.816 0 1.152)(3.888 0.00579408 1.224)
(3.816 0 1.224)(3.888 0.00221279 1.296)
(3.816 0 1.296)(3.888 0.00406732 1.368)
(3.816 0 1.368)(3.888 0.0060023 1.44)
(3.816 0 1.44)(3.888 0.00546672 1.512)
(3.816 0 1.512)(3.888 0.00302378 1.584)
(3.816 0 1.584)(3.888 0.00444815 1.656)
(3.816 0 1.656)(3.888 0.00357544 1.728)
(3.816 0 1.728)(3.888 0.00401953 1.8)
(3.816 0 1.8)(3.888 0.00568328 1.872)
(3.816 0 1.872)(3.888 0.00649913 1.944)
(3.816 0 1.944)(3.888 0.00258788 2.016)
(3.888 0 0)(3.96 0.00491271 0.072)
(3.888 0 0.072)(3.96 0.00400484 0.144)
(3.888 0 0.144)(3.96 0.00496749 0.216)
(3.888 0 0.216)(3.96 0.00307774 0.288)
(3.888 0 0.288)(3.96 0.00489324 0.36)
(3.888 0 0.36)(3.96 0.00523492 0.432)
(3.888 0 0.432)(3.96 0.00470123 0.504)
(3.888 0 0.504)(3.96 0.00417106 0.576)
(3.888 0 0.576)(3.96 0.00432754 0.648)
(3.888 0 0.648)(3.96 0.00513274 0.72)
(3.888 0 0.72)(3.96 0.00255496 0.792)
(3.888 0 0.792)(3.96 0.00226831 0.864)
(3.888 0 0.864)(3.96 0.00442064 0.936)
(3.888 0 0.936)(3.96 0.00377408 1.008)
(3.888 0 1.008)(3.96 0.00481822 1.08)
(3.888 0 1.08)(3.96 0.00403904 1.152)
(3.888 0 1.152)(3.96 0.00463224 1.224)
(3.888 0 1.224)(3.96 0.00628856 1.296)
(3.888 0 1.296)(3.96 0.00568648 1.368)
(3.888 0 1.368)(3.96 0.00677088 1.44)
(3.888 0 1.44)(3.96 0.00659882 1.512)
(3.888 0 1.512)(3.96 0.00426466 1.584)
(3.888 0 1.584)(3.96 0.00428522 1.656)
(3.888 0 1.656)(3.96 0.00435956 1.728)
(3.888 0 1.728)(3.96 0.00285073 1.8)
(3.888 0 1.8)(3.96 0.00301561 1.872)
(3.888 0 1.872)(3.96 0.00266809 1.944)
(3.888 0 1.944)(3.96 0.00429605 2.016)
(3.96 0 0)(4.032 0.00583436 0.072)
(3.96 0 0.072)(4.032 0.00358413 0.144)
(3.96 0 0.144)(4.032 0.00478865 0.216)
(3.96 0 0.216)(4.032 0.00636995 0.288)
(3.96 0 0.288)(4.032 0.00500585 0.36)
(3.96 0 0.36)(4.032 0.00262936 0.432)
(3.96 0 0.432)(4.032 0.00536887 0.504)
(3.96 0 0.504)(4.032 0.00288865 0.576)
(3.96 0 0.576)(4.032 0.00294011 0.648)
(3.96 0 0.648)(4.032 0.00439287 0.72)
(3.96 0 0.72)(4.032 0.00517107 0.792)
(3.96 0 0.792)(4.032 0.00555229 0.864)
(3.96 0 0.864)(4.032 0.00319272 0.936)
(3.96 0 0.936)(4.032 0.00479279 1.008)
(3.96 0 1.008)(4.032 0.00512489 1.08)
(3.96 0 1.08)(4.032 0.00436026 1.152)
(3.96 0 1.152)(4.032 0.00329111 1.224)
(3.96 0 1.224)(4.032 0.00290428 1.296)
(3.96 0 1.296)(4.032 0.00530063 1.368)
(3.96 0 1.368)(4.032 0.00579921 1.44)
(3.96 0 1.44)(4.032 0.00350392 1.512)
(3.96 0 1.512)(4.032 0.00548197 1.584)
(3.96 0 1.584)(4.032 0.00529418 1.656)
(3.96 0 1.656)(4.032 0.00452584 1.728)
(3.96 0 1.728)(4.032 0.00390833 1.8)
(3.96 0 1.8)(4.032 0.00464289 1.872)
(3.96 0 1.872)(4.032 0.00521403 1.944)
(3.96 0 1.944)(4.032 0.00554251 2.016)
