/*--------------------------------*- C++ -*----------------------------------*\
| =========                 |                                                 |
| \\      /  F ield         | OpenFOAM: The Open Source CFD Toolbox           |
|  \\    /   O peration     | Version:  2312                                  |
|   \\  /    A nd           | Website:  www.openfoam.com                      |
|    \\/     M anipulation  |                                                 |
\*---------------------------------------------------------------------------*/
FoamFile
{
    version     2.0;
    format      ascii;
    arch        "LSB;label=32;scalar=64";
    class       cellSet;
    location    "constant/polyMesh/sets";
    object      bed;
}
// * * * * * * * * * * * * * * * * * * * * * * * * * * * * * * * * * * * * * //


5625
(
0
1
2
3
4
5
6
7
8
9
10
11
12
13
14
15
16
17
18
19
20
21
22
23
24
25
26
27
28
29
30
31
32
33
34
35
36
37
38
39
40
41
42
43
44
45
46
47
48
49
50
51
52
53
54
55
56
57
58
59
60
61
62
63
64
65
66
67
68
69
70
71
72
73
74
75
76
77
78
79
80
81
82
83
84
85
86
87
88
89
90
91
92
93
94
95
97
98
99
100
101
102
103
104
105
106
107
108
109
110
111
114
115
16500
116
16501
117
16502
118
16503
119
16504
16505
16506
122
16507
16508
16509
125
16510
16511
127
16512
128
16513
16514
16515
131
16516
16517
133
16518
16519
135
16520
136
16521
137
16522
16523
139
16524
140
16525
141
16526
16527
16528
16529
16530
16531
16532
148
16533
16534
16535
151
16536
152
16537
153
16538
16539
16540
16541
157
16542
158
16543
159
16544
16545
16546
16547
163
16548
164
16549
16550
16551
16552
168
16553
16554
16555
171
16556
16557
16558
16559
16560
16561
177
16562
178
16563
179
16564
16565
16566
16567
16568
16569
185
16570
16571
16572
188
16573
16575
16576
16577
16578
16579
16580
16581
16582
16583
16584
16585
16586
16587
16588
16589
16590
16591
16592
16593
16594
16595
16596
212
16597
16598
16600
16601
16602
16604
16605
16606
16608
16609
16610
16611
16612
16613
16614
16615
33000
16616
33001
16617
33002
16618
33003
16619
33004
33005
16621
33006
16622
33007
33008
16624
33009
33010
33011
16627
33012
16628
33013
33014
33015
16631
33016
16632
33017
16633
33018
33019
16635
33020
16636
33021
33022
16638
33023
33024
33025
16641
33026
33027
33028
33029
33030
33031
33032
16648
33033
33034
16650
33035
16651
33036
33037
16653
33038
16654
33039
33040
16656
33041
16657
33042
16658
33043
33044
33045
33046
33047
33048
33049
33050
16666
33051
33052
16668
33053
33054
33055
16671
33056
16672
33057
16673
33058
16674
33059
33060
33062
16678
33063
33064
33065
33066
16682
33067
33068
33069
33070
33071
33072
33073
33074
33075
33076
33077
16693
33078
33079
16695
33080
33081
16698
33083
33084
33085
33087
33089
33090
33091
33092
33093
33094
33095
33096
33097
33100
33101
33102
33103
33104
33105
33106
33107
33108
33109
33110
33111
33112
16728
33113
33114
33115
16731
49500
33116
49501
33117
49502
33118
49503
33119
49504
33120
49505
49506
49507
33123
49508
33124
49509
33125
49510
49511
49512
49513
49514
33130
49515
33131
49516
49517
49518
49519
49520
49521
49522
49523
49524
49525
49526
33142
49527
33143
49528
33144
49529
33145
49530
49531
33147
49532
49533
49534
49535
33151
49536
49537
33153
49538
49539
49540
49541
49542
49543
49544
49545
49546
49547
33163
49548
49549
49550
33166
49551
33167
49552
49553
49554
33170
49555
33171
49556
49557
49558
49559
33175
49560
49561
49562
49563
49564
49565
49566
49567
49568
49569
49570
49571
49572
49573
49574
49575
49576
49579
49580
49581
49582
49583
49584
49585
49586
49587
49588
49589
49590
49591
49592
49593
49594
49595
49597
49598
49599
49600
49601
49602
49603
49604
49605
49606
49607
49608
49609
49610
49611
49612
49613
49614
49615
49616
49617
49618
49619
49620
49621
49622
49624
49627
49628
49629
49630
49632
49634
49635
49636
49639
49642
49643
49644
49645
49646
49647
49648
49649
49651
49652
49653
49657
49658
49659
49660
49662
49664
49665
49667
49668
49672
49674
49675
49684
49695
49725
1500
1501
1502
1503
1504
1505
1506
1507
1508
1509
1510
1511
1512
1513
1514
1515
1516
1517
1518
1519
1520
1521
1522
1523
1524
1525
1526
1527
1528
1529
1530
1531
1532
1533
1534
1535
1536
1537
1538
1539
1540
1541
1542
1543
1544
1545
1546
1547
1548
1549
1550
1551
1552
1553
1554
1555
1556
1557
1558
1559
1560
1561
1562
1563
1564
1565
1566
1569
1570
1571
1572
1573
1574
1575
1576
1577
1578
1579
1580
1581
1582
1583
1584
1585
1586
1587
1590
1591
1592
1593
1594
1595
1596
1597
1598
1599
1600
1601
1602
1603
1604
1605
1606
1607
1608
1609
1610
1611
1612
1613
1614
1615
18000
1616
18001
1617
18002
1618
18003
1619
18004
18005
18006
18007
1623
18008
18009
18010
18011
18012
18013
18014
1630
18015
18016
18017
18018
18019
18020
1636
18021
18022
18023
1639
18024
18025
1641
18026
18027
1643
18028
18029
18030
1646
18031
1647
18032
18033
18034
18035
18036
1652
18037
1653
18038
18039
1655
18040
1656
18041
1657
18042
18043
1659
18044
1660
18045
1661
18046
18047
1663
18048
18049
1665
18050
18051
18052
18053
1669
18054
18055
18056
1672
18057
18058
18059
18062
1678
18063
1679
18064
18065
18066
18067
18068
18069
18070
18071
18072
18074
18075
18077
18078
18079
18081
18082
18083
18084
18085
18086
18087
18088
18089
18090
18091
18092
18095
18096
18098
18099
18100
18101
18102
18103
18104
18105
18106
18108
18109
18110
18111
18112
18113
18115
34500
18116
34501
34502
18118
34503
18119
34504
34505
34506
34507
18123
34508
34509
18125
34510
18126
34511
34512
18128
34513
18129
34514
18130
34515
18131
34516
34517
18133
34518
34519
34520
34521
18137
34522
18138
34523
34524
34525
18141
34526
34527
34528
34529
34530
34531
18147
34532
18148
34533
18149
34534
18150
34535
18151
34536
34537
34538
34539
34540
18156
34541
34542
18158
34543
34544
18160
34545
18161
34546
34547
18163
34548
34549
18165
34550
34551
34552
18168
34553
34554
18170
34555
34556
18172
34557
34558
34559
18175
34560
34561
34562
18178
34563
18179
34564
34565
34566
34567
34569
34570
34571
34572
34573
34574
34575
34576
34577
34578
34579
34580
34581
34582
34583
34584
34585
18201
34586
34587
34589
34590
34591
34592
34595
34597
34598
34599
34601
34602
34603
34604
34605
34606
34607
34608
34609
34610
34611
34612
34613
34614
34615
51000
34616
51001
34617
51002
34618
51003
34619
51004
51005
34621
51006
51007
51008
51009
51010
34626
51011
51012
51013
51014
34630
51015
34631
51016
51017
34633
51018
34634
51019
51020
51021
51022
34638
51023
51024
51025
51026
51027
51028
34644
51029
34645
51030
51031
34647
51032
51033
34649
51034
34650
51035
34651
51036
51037
51038
51039
34655
51040
51041
51042
34658
51043
51044
51045
34661
51046
51047
51048
34664
51049
34665
51050
51051
51052
34668
51053
34669
51054
34670
51055
34671
51056
34672
51057
51058
51059
34676
51061
34677
34678
51063
51064
51065
51066
51067
51068
51071
51072
51073
51074
51075
51076
51077
51078
51079
51080
51081
51082
51083
51086
51087
51088
51089
51090
51091
51092
51093
51094
51095
51096
51097
51098
51100
51101
51102
51103
51104
51105
51107
51109
51110
51111
51112
51113
51114
51115
51117
51119
51121
51123
51124
51125
51126
51127
51133
51134
51135
51141
51146
51147
51150
51152
51153
51155
51160
51162
51163
51164
51167
51171
51175
51179
51183
3000
3001
3002
3003
3004
3005
3006
3007
3008
3009
3010
3011
3012
3013
3014
3015
3016
3017
3018
3019
3020
3021
3022
3023
3024
3025
3026
3027
3028
3029
3030
3031
3032
3033
3034
3035
3036
3037
3038
3039
3040
3041
3042
3043
3044
3045
3046
3047
3048
3049
3050
3051
3052
3053
3054
3055
3056
3057
3058
3059
3060
3061
3062
3063
3064
3065
3066
3069
3071
3072
3073
3074
3077
3078
3079
3080
3081
3082
3083
3084
3085
3086
3087
3088
3089
3090
3092
3093
3094
3095
3096
3097
3098
3099
3100
3101
3102
3103
3104
3105
3106
3109
3110
3111
3112
3113
3114
3115
19500
3116
19501
3117
19502
3118
19503
3119
19504
19505
19506
19507
3123
19508
19509
3125
19510
3126
19511
19512
19513
3129
19514
19515
19516
3132
19517
3133
19518
3134
19519
19520
19521
3137
19522
3138
19523
3139
19524
19525
3141
19526
3142
19527
3143
19528
19529
19530
19531
19532
19533
19534
19535
19536
3152
19537
19538
19539
19540
19541
19542
19543
19544
3160
19545
3161
19546
3162
19547
3163
19548
3164
19549
3165
19550
19551
19552
19553
19554
3170
19555
19556
3172
19557
19558
3174
19559
19560
19561
3177
19562
19563
19564
19565
19566
19567
19568
19569
3185
19570
19571
19572
19573
19574
19575
19576
19577
19578
3194
19579
19580
19581
19582
3198
19583
19584
19585
19586
19587
19588
19589
19590
19591
19592
19593
19594
19595
19596
19597
19599
19600
19601
19602
19603
19604
19605
19606
19607
19608
19609
3225
19610
19611
19613
19614
19615
36000
19616
36001
36002
19618
36003
19619
36004
36005
19621
36006
19622
36007
19623
36008
36009
19625
36010
36011
19627
36012
19628
36013
19629
36014
36015
36016
19632
36017
19633
36018
19634
36019
19635
36020
36021
36022
36023
36024
36025
36026
36027
36028
36029
36030
36031
19647
36032
36033
19649
36034
36035
36036
36037
36038
19654
36039
36040
36041
19657
36042
36043
19659
36044
36045
19661
36046
19662
36047
19663
36048
36049
36050
36051
36052
19668
36053
19669
36054
19670
36055
36056
36057
36058
36059
36060
19676
36061
36062
36063
36064
36065
36066
36067
36068
36069
36070
36071
36072
36073
36074
36075
36076
36077
19693
36078
36079
36080
36082
36083
36084
36085
36086
36088
36089
36090
36091
36092
36093
36094
36095
36096
36097
36098
36099
36100
36102
36103
36104
36106
36108
36109
36110
36111
36112
36113
36115
52500
36116
52501
36117
52502
36118
52503
36119
52504
36120
52505
52506
36122
52507
36123
52508
36124
52509
36125
52510
52511
52512
52513
52514
52515
52516
52517
36133
52518
36134
52519
52520
36136
52521
52522
36138
52523
52524
36140
52525
52526
36142
52527
36143
52528
52529
52530
52531
52532
36148
52533
36149
52534
36150
52535
52536
36152
52537
36153
52538
52539
36155
52540
52541
52542
36158
52543
52544
36160
52545
52546
52547
52548
36164
52549
52550
52551
52552
52553
36169
52554
36170
52555
52556
36172
52557
52558
52559
52560
36176
52561
36177
36178
52563
36179
52564
52565
52566
52567
52568
52569
52570
52571
52572
52573
52574
52575
52577
52578
52579
52580
52581
52582
52583
52584
52585
52586
52587
52588
52589
52590
52591
52592
52593
52595
52596
52597
52598
52600
52601
52602
52603
52605
52606
52608
52609
52610
52611
52612
52613
52614
52615
52616
52617
52618
52619
36236
52621
52623
52628
52632
52639
52641
52643
52646
52648
52650
52652
52661
52663
52666
52672
52673
52674
52675
52676
52677
52679
52708
52734
4500
4501
4502
4503
4504
4505
4506
4507
4508
4509
4510
4511
4512
4513
4514
4515
4516
4517
4518
4519
4520
4521
4522
4523
4524
4525
4526
4527
4528
4529
4530
4531
4532
4533
4534
4535
4536
4537
4538
4539
4540
4541
4542
4543
4544
4545
4546
4547
4548
4549
4550
4551
4552
4553
4554
4555
4556
4557
4558
4559
4560
4561
4562
4563
4564
4565
4566
4567
4568
4569
4570
4571
4572
4573
4574
4575
4576
4577
4578
4579
4581
4582
4583
4584
4586
4587
4588
4589
4590
4591
4592
4593
4594
4595
4596
4597
4598
4600
4601
4604
4605
4606
4607
4608
4609
4610
4611
4612
4613
4614
4615
21000
4616
21001
21002
21003
4619
21004
21005
21006
21007
21008
4624
21009
21010
21011
4627
21012
21013
21014
4630
21015
21016
21017
4633
21018
21019
21020
21021
4637
21022
4638
21023
21024
21025
4641
21026
4642
21027
21028
21029
21030
21031
21032
21033
4649
21034
4650
21035
21036
21037
21038
4654
21039
4655
21040
21041
21042
4658
21043
21044
21045
4661
21046
21047
21048
21049
21050
4666
21051
21052
21053
4669
21054
4670
21055
4671
21056
21057
4673
21058
21059
21060
21061
21062
21063
21064
21065
21066
21068
21069
21070
21071
21072
21073
21074
21075
21076
21077
21078
21080
21082
21083
21084
21085
4702
21087
21089
21090
21091
21092
21093
21094
21095
21096
21097
21099
21100
21101
21102
21103
21104
21105
21106
21107
21108
21109
21110
21111
21112
21113
21114
4730
21115
37500
21116
37501
21117
37502
21118
37503
21119
37504
21120
37505
21121
37506
37507
21123
37508
21124
37509
21125
37510
37511
37512
21128
37513
37514
37515
37516
21132
37517
21133
37518
37519
37520
21136
37521
37522
37523
37524
37525
37526
21142
37527
37528
21144
37529
37530
37531
21147
37532
37533
37534
21150
37535
37536
21152
37537
37538
37539
37540
37541
21157
37542
37543
21159
37544
21160
37545
37546
21162
37547
21163
37548
37549
21165
37550
21166
37551
21167
37552
21168
37553
21169
37554
21170
37555
21171
37556
21172
37557
37558
37559
37560
37562
37564
37565
37566
37567
37568
37569
37570
37571
37572
37573
37574
37576
37578
37579
37580
37581
37582
37583
37584
37585
37586
37587
37588
37589
37590
37591
37592
37593
37594
37595
37596
37597
37598
37599
37600
37601
37602
37603
37604
37605
37606
37607
37608
37609
37610
37612
37613
37614
37615
54000
37616
54001
37617
54002
37618
54003
37619
54004
54005
54006
54007
54008
37624
54009
54010
37626
54011
54012
37628
54013
37629
54014
54015
54016
37632
54017
54018
54019
54020
37636
54021
54022
54023
37639
54024
54025
54026
54027
54028
54029
37645
54030
37646
54031
37647
54032
54033
54034
37650
54035
54036
54037
37653
54038
54039
54040
54041
54042
54043
54044
37660
54045
37661
54046
37662
54047
37663
54048
54049
54050
54051
54052
37668
54053
54054
54055
54056
54057
54058
37674
54059
37675
54060
54061
54062
54063
54064
54065
54066
54067
54068
37684
54069
54070
54071
54072
54073
54074
54075
54076
54077
54078
54079
54080
54081
54082
54083
54084
54085
54086
54088
54089
54090
54091
54092
54093
54094
54095
54096
54097
54098
54099
54100
54101
54103
54104
54105
54107
54108
54109
54110
54111
54112
37728
54113
54114
54116
54117
54118
54119
54121
54123
54133
54135
54139
54142
54143
54144
54145
54148
54149
54153
54158
54159
54167
54169
54170
54172
54176
54177
54184
54219
54227
54287
6000
6001
6002
6003
6004
6005
6006
6007
6008
6009
6010
6011
6012
6013
6014
6015
6016
6017
6018
6019
6020
6021
6022
6023
6024
6025
6026
6027
6028
6029
6030
6031
6032
6033
6034
6035
6036
6037
6038
6039
6040
6041
6042
6043
6044
6045
6046
6047
6048
6049
6050
6051
6052
6053
6054
6055
6056
6057
6058
6059
6060
6061
6062
6063
6064
6065
6066
6067
6068
6069
6070
6071
6072
6073
6074
6075
6076
6077
6078
6079
6080
6081
6082
6083
6084
6085
6086
6087
6088
6089
6090
6091
6092
6093
6094
6095
6096
6097
6098
6099
6100
6101
6102
6103
6105
6106
6107
6108
6109
6110
6111
6112
6113
6114
6115
22500
6116
22501
6117
22502
6118
22503
6119
22504
6120
22505
6121
22506
22507
6124
22509
6125
22510
6126
22511
6127
22512
6128
22513
22514
22515
6131
22516
22517
22518
22519
6135
22520
22521
22522
6138
22523
6139
22524
22525
22526
22527
22528
6144
22529
22530
6146
22531
22532
6148
22533
6149
22534
6150
22535
6151
22536
6152
22537
22538
6154
22539
6155
22540
6156
22541
6157
22542
22543
22544
6160
22545
6161
22546
6162
22547
22548
22549
6165
22550
6166
22551
6167
22552
6168
22553
22554
6170
22555
22556
22557
6173
22558
22559
22560
6176
22562
6178
22563
22564
22565
22566
22567
22569
22570
22571
22572
22573
22574
22575
22576
22577
22578
22579
22580
22581
22582
22583
22585
22586
22587
22588
22589
22590
22591
22592
6208
22593
22594
22595
22596
22597
22598
22600
22601
22602
22603
22604
22605
22606
22607
22608
22609
22610
6226
22611
22612
22613
22614
22615
39000
39001
22617
39002
22618
39003
22619
39004
39005
39006
39007
39008
39009
22625
39010
39011
39012
39013
39014
22630
39015
39016
39017
22633
39018
22634
39019
39020
39021
39022
22638
39023
39024
39025
22641
39026
22642
39027
22643
39028
39029
39030
22646
39031
39032
39033
22649
39034
39035
22651
39036
22652
39037
39038
39039
22655
39040
39041
22657
39042
22658
39043
39044
39045
39046
22662
39047
22663
39048
22664
39049
39050
39051
39052
39053
22669
39054
39055
22671
39056
39057
22673
39058
22674
39059
39060
39061
39062
39063
22679
39064
39065
39066
39067
39068
39069
39070
39071
39072
39073
39074
39075
39076
39077
39078
39080
39082
39083
39084
39085
22701
39086
39087
39088
39089
39090
39091
39092
39094
39095
39096
39097
39098
39099
39100
39101
39102
39103
39104
39105
39106
39107
39108
39109
39110
39111
39112
39113
39114
39115
55500
39116
55501
39117
55502
39118
55503
55504
55505
55506
39122
55507
39123
55508
55509
55510
39126
55511
55512
39128
55513
39129
55514
39130
55515
39131
55516
55517
55518
39134
55519
55520
55521
39137
55522
55523
55524
55525
55526
39142
55527
55528
55529
55530
55531
39147
55532
55533
55534
39150
55535
55536
55537
55538
55539
55540
39156
55541
55542
39158
55543
39159
55544
39160
55545
55546
39162
55547
55548
55549
55550
55551
39167
55552
55553
39169
55554
55555
39171
55556
55557
39173
55558
55559
39175
55560
55561
39177
39178
55563
55564
55565
55567
55568
39184
55569
55570
55571
55572
55573
55574
55575
55576
55577
39194
55579
55580
55581
55582
55583
55585
55586
55587
55588
55589
55590
55591
55593
55594
39210
55595
55597
55598
55600
55601
55602
55603
55604
55605
55606
39222
55607
55608
55609
55610
55611
39227
55612
55613
55615
39231
55616
55617
55618
55619
55620
55632
55633
55634
55636
55640
55643
55646
55647
55648
55658
55661
55662
55668
55670
55671
55673
55677
55678
55679
55738
7500
7501
7502
7503
7504
7505
7506
7507
7508
7509
7510
7511
7512
7513
7514
7515
7516
7517
7518
7519
7520
7521
7522
7523
7524
7525
7526
7527
7528
7529
7530
7531
7532
7533
7534
7535
7536
7537
7538
7539
7540
7541
7542
7543
7544
7545
7546
7547
7548
7549
7550
7551
7552
7553
7554
7555
7556
7557
7558
7559
7560
7561
7562
7563
7564
7565
7566
7567
7568
7569
7570
7571
7572
7573
7576
7577
7578
7579
7580
7581
7582
7583
7584
7586
7587
7588
7589
7590
7591
7592
7594
7595
7596
7597
7598
7599
7600
7601
7602
7603
7604
7605
7606
7607
7608
7609
7610
7612
7613
7614
7615
24000
7616
24001
7617
24002
7618
24003
7619
24004
24005
24006
24007
7623
24008
24009
24010
7626
24011
7627
24012
7628
24013
24014
7630
24015
24016
24017
24018
24019
24020
7636
24021
7637
24022
24023
24024
24025
7641
24026
24027
24028
24029
24030
7646
24031
24032
7648
24033
24034
7650
24035
24036
7652
24037
24038
24039
7655
24040
24041
7657
24042
7658
24043
24044
7660
24045
24046
24047
24048
7664
24049
7665
24050
7666
24051
7667
24052
24053
7669
24054
24055
24056
7672
24057
24058
24059
24060
24062
24063
24064
24065
24066
24068
24069
24071
24072
24073
24074
24075
24076
24078
24079
24080
24081
24082
24083
24084
24085
24086
24087
24088
24089
24090
7706
24091
24093
24094
24095
24096
24097
24098
24099
24100
24101
24104
24105
24106
24107
24108
24109
24110
24111
24112
24113
24114
24115
40500
40501
24117
40502
24118
40503
24119
40504
24120
40505
40506
24122
40507
40508
40509
40510
40511
40512
40513
24129
40514
40515
40516
24132
40517
24133
40518
40519
40520
24136
40521
40522
40523
24139
40524
40525
40526
40527
40528
24144
40529
40530
40531
24147
40532
24148
40533
24149
40534
24150
40535
24151
40536
40537
40538
40539
24155
40540
24156
40541
40542
40543
24159
40544
40545
40546
40547
40548
40549
40550
40551
40552
40553
40554
24170
40555
40556
40557
24173
40558
24174
40559
40560
40561
24177
40562
24178
24179
40564
24180
40565
40566
40567
40568
40569
40570
40571
40572
40573
40574
40575
40576
40577
40578
40579
40580
40581
40582
40583
40584
40585
40586
40587
40588
40589
40590
40591
40592
40593
40594
40595
40596
40597
40598
40600
40601
40602
40603
40604
40605
40606
40607
40608
40609
40610
40611
40612
40613
40615
57000
40616
57001
40617
57002
40618
24234
57003
40619
57004
57005
40621
57006
57007
57008
57009
57010
40626
57011
57012
57013
57014
57015
57016
40632
57017
57018
40634
57019
57020
57021
57022
40638
57023
40639
57024
40640
57025
57026
40642
57027
40643
57028
40644
57029
57030
57031
57032
57033
40649
57034
40650
57035
57036
57037
40653
57038
57039
40655
57040
57041
57042
57043
57044
40660
57045
57046
57047
40663
57048
57049
40665
57050
57051
57052
40668
57053
40669
57054
40670
57055
57056
40672
57057
57058
57059
57060
40676
57061
40677
57062
40679
57064
57065
57066
57068
57069
57070
57071
57072
57073
57074
57075
57076
40692
57077
57078
57079
57080
57081
57082
57083
40699
57084
57085
57086
57087
57088
57089
57090
57091
57092
57093
57094
57095
57096
57097
57098
57099
57101
57103
57104
57105
57106
57107
57108
57109
57110
57111
57112
57113
57114
57115
57116
57117
57118
57119
57121
57122
57124
57128
57131
57132
57134
57136
57140
57144
57145
57147
57152
57153
57156
57157
57158
57159
57163
57164
57169
57173
57174
57177
57200
57233
9000
9001
9002
9003
9004
9005
9006
9007
9008
9009
9010
9011
9012
9013
9014
9015
9016
9017
9018
9019
9020
9021
9022
9023
9024
9025
9026
9027
9028
9029
9030
9031
9032
9033
9034
9035
9036
9037
9038
9039
9040
9041
9042
9043
9044
9045
9046
9047
9048
9049
9050
9051
9052
9053
9054
9055
9056
9057
9058
9059
9060
9061
9062
9063
9064
9065
9066
9067
9068
9069
9070
9071
9072
9073
9074
9076
9078
9079
9080
9081
9082
9083
9084
9085
9086
9087
9088
9089
9090
9091
9092
9094
9095
9096
9098
9099
9100
9101
9102
9103
9104
9105
9106
9107
9108
9109
9111
9112
9113
9114
9115
25500
9116
25501
9117
25502
9118
25503
9119
25504
25505
25506
25507
25508
9124
25509
9125
25510
25511
9127
25512
9128
25513
9129
25514
9130
25515
9131
25516
9132
25517
25518
25519
25520
25521
25522
25523
25524
9140
25525
9141
25526
25527
25528
25529
9145
25530
25531
25532
25533
9149
25534
25535
25536
25537
25538
9154
25539
25540
25541
25542
25543
9159
25544
25545
25546
25547
25548
25549
9165
25550
9166
25551
25552
9168
25553
9169
25554
25555
25556
25557
9173
25558
25559
9175
25560
9176
25561
9178
25563
9179
25564
25565
25566
25567
25568
25569
25570
25572
25573
25574
25575
25576
25577
25578
25579
25580
25581
25582
25583
25584
25585
25586
25587
25588
25589
25590
25591
25592
25593
25594
25595
25596
25597
25598
25599
25600
25601
25602
25603
25604
25605
25606
25607
25608
25609
25610
25611
25612
25613
25614
25615
42000
25616
42001
25617
9233
42002
42003
25619
42004
25620
42005
42006
42007
42008
42009
42010
25626
42011
25627
42012
42013
25629
42014
25630
42015
42016
25632
42017
42018
25634
42019
42020
42021
25637
42022
42023
42024
25640
42025
25641
42026
42027
25643
42028
42029
42030
42031
42032
42033
25649
42034
25650
42035
42036
25652
42037
25653
42038
42039
25655
42040
25656
42041
42042
42043
25659
42044
42045
25661
42046
42047
42048
25664
42049
25665
42050
42051
25667
42052
25668
42053
42054
42055
25671
42056
25672
42057
42058
25674
42059
25675
42060
25676
42061
25677
42062
42063
42064
42065
42066
42067
42068
42069
42070
42072
42073
42074
42075
42076
42077
42078
42079
42080
42081
42082
42083
42084
42085
42086
42087
42088
42089
42091
42092
42093
42094
42095
42096
25712
42097
42098
42100
25716
42101
42102
42103
42104
42105
42107
42108
42109
42110
42111
42113
42114
42115
58500
42116
58501
42117
58502
42118
58503
42119
58504
58505
58506
58507
58508
42124
58509
42125
58510
58511
42127
58512
58513
42129
58514
58515
58516
58517
58518
42134
58519
58520
58521
58522
58523
58524
42140
58525
42141
58526
42142
58527
58528
58529
58530
58531
42147
58532
42148
58533
58534
58535
58536
58537
58538
42154
58539
42155
58540
42156
58541
58542
42158
58543
58544
42160
58545
58546
58547
58548
42164
58549
42165
58550
58551
58552
58553
42169
58554
42170
58555
58556
58557
58558
42174
58559
42175
58561
58562
58563
42179
58564
58565
58566
58567
58568
58569
58570
58571
58572
58573
58574
58575
58576
58577
58578
58579
58580
58582
58583
58584
58585
58586
42202
58587
58588
58589
58590
58592
58593
58594
58596
58597
58598
58599
58600
58601
58602
58603
58604
58605
58606
58607
58608
42224
58609
58610
58611
58612
58613
58614
58615
58616
58617
58618
58619
58622
58623
58624
58626
58628
58629
58630
58631
58632
58633
58634
58635
58643
58644
58649
58654
58656
58658
58660
58661
58662
58664
58665
58666
58669
58671
58673
58674
58676
58689
10500
10501
10502
10503
10504
10505
10506
10507
10508
10509
10510
10511
10512
10513
10514
10515
10516
10517
10518
10519
10520
10521
10522
10523
10524
10525
10526
10527
10528
10529
10530
10531
10532
10533
10534
10535
10536
10537
10538
10539
10540
10541
10542
10543
10544
10545
10546
10547
10548
10549
10550
10551
10552
10553
10554
10555
10556
10557
10558
10559
10560
10561
10562
10563
10564
10565
10566
10567
10568
10569
10570
10571
10572
10573
10574
10575
10576
10577
10578
10579
10580
10581
10582
10584
10585
10586
10587
10588
10589
10590
10591
10592
10593
10594
10595
10596
10597
10600
10601
10602
10603
10604
10605
10606
10607
10608
10609
10610
10611
10612
10613
10614
10615
27000
10616
27001
10617
27002
10618
27003
27004
10620
27005
27006
27007
27008
27009
27010
10626
27011
27012
27013
27014
27015
27016
27017
10633
27018
27019
10635
27020
27021
10637
27022
27023
10639
27024
10640
27025
10641
27026
27027
27028
27029
27030
27031
27032
27033
10649
27034
27035
27036
10652
27037
10653
27038
10654
27039
27040
10656
27041
10657
27042
27043
27044
10660
27045
10661
27046
10662
27047
27048
10664
27049
27050
10666
27051
10667
27052
27053
10669
27054
27055
27056
27057
27058
27059
27062
27063
27064
27065
27066
27068
27069
27070
27071
27072
27073
27074
27075
27076
27077
27078
27079
27080
27081
27082
27083
27085
27086
27087
27089
27090
27091
27092
27093
27095
27096
27097
27098
27099
27100
27101
27102
27103
27104
27105
27106
27108
27110
27111
27112
27113
27114
27115
43500
27116
43501
27117
43502
27118
43503
43504
43505
43506
43507
27123
43508
27124
43509
43510
27126
43511
43512
43513
27129
43514
43515
27131
43516
43517
27133
43518
43519
43520
43521
43522
43523
43524
43525
43526
27142
43527
43528
43529
43530
43531
43532
43533
27149
43534
43535
43536
43537
27153
43538
43539
43540
27156
43541
43542
27158
43543
43544
27160
43545
27161
43546
43547
43548
27164
43549
43550
27166
43551
43552
27168
43553
43554
27170
43555
43556
43557
27173
43558
43559
43560
43561
43562
27178
43563
43565
43566
43567
43568
43569
43570
43571
43572
43573
43574
43575
43576
43577
43578
43579
43580
43581
43582
43583
43584
43585
43586
43587
43588
43589
43590
43591
43592
43593
43594
43595
43596
43597
43598
43599
43600
43601
43602
43603
43604
43605
27221
43606
43607
43608
43609
43610
43611
43612
43613
43614
43615
43616
43617
43618
43619
43622
43626
43627
43628
43632
43636
43644
43645
43647
43649
43650
43652
43654
43655
43660
43661
43663
43668
43670
43671
43676
43678
43686
43736
12000
12001
12002
12003
12004
12005
12006
12007
12008
12009
12010
12011
12012
12013
12014
12015
12016
12017
12018
12019
12020
12021
12022
12023
12024
12026
12027
12028
12029
12030
12031
12032
12033
12034
12035
12036
12037
12038
12039
12040
12041
12042
12043
12044
12045
12046
12047
12048
12049
12050
12051
12052
12053
12054
12055
12056
12057
12058
12059
12060
12061
12062
12063
12064
12065
12066
12067
12068
12069
12070
12071
12072
12073
12074
12075
12076
12077
12078
12079
12081
12082
12083
12084
12086
12087
12088
12089
12091
12092
12093
12094
12095
12096
12097
12098
12099
12100
12101
12102
12103
12104
12105
12106
12108
12110
12111
12112
12113
12114
12115
28500
12116
28501
12117
28502
12118
28503
12119
28504
12120
28505
28506
12122
28507
28508
28509
28510
28511
12127
28512
12128
28513
28514
28515
28516
28517
28518
12134
28519
28520
12136
28521
12137
28522
12138
28523
28524
28525
28526
28527
12143
28528
12144
28529
28530
12146
28531
28532
28533
28534
28535
12151
28536
28537
28538
28539
12155
28540
28541
12157
28542
28543
28544
28545
12161
28546
28547
12163
28548
12164
28549
12165
28550
12166
28551
28552
28553
28554
12170
28555
12171
28556
28557
28558
28559
12175
28560
12176
28561
12177
28562
12178
28563
28564
28565
28566
28567
28568
28569
28570
28571
28572
28573
28574
28575
28576
28578
28579
28580
28581
28582
28583
28584
28585
28586
28587
28588
28589
28590
28591
28592
28593
28594
28595
28596
28597
28598
28600
28601
28602
28603
28604
28605
28606
28607
28608
28609
28610
28611
28612
28613
28614
28615
45000
28616
45001
28617
45002
28618
45003
28619
45004
45005
28621
45006
28622
45007
45008
28624
45009
45010
45011
28627
45012
45013
28629
45014
45015
45016
28632
45017
28633
45018
28634
45019
45020
28636
45021
45022
45023
45024
28640
45025
28641
45026
28642
45027
45028
45029
28645
45030
45031
28647
45032
28648
45033
45034
28650
45035
45036
28652
45037
28653
45038
45039
45040
45041
45042
45043
45044
28660
45045
45046
45047
45048
28664
45049
45050
45051
28667
45052
45053
28669
45054
28670
45055
45056
28672
45057
28673
45058
45059
28675
45060
28677
45062
45063
45064
45065
45066
45067
45069
45070
45071
45072
45073
45074
45075
45076
45077
45078
28694
45079
45080
45081
45082
45083
45084
45085
45086
45087
45088
45089
45090
45091
45092
45094
45095
45096
45097
45098
45099
45101
45102
45103
45104
45106
45107
45108
45109
45110
45111
45112
45113
28730
45115
45116
45117
45118
45119
45122
45125
45132
45139
45141
45143
45146
45147
45149
45154
45157
45161
45162
45167
45169
45171
45172
45175
45176
45179
45222
13500
13501
13502
13503
13504
13505
13506
13507
13508
13509
13510
13511
13512
13513
13514
13515
13516
13517
13518
13519
13520
13521
13522
13523
13524
13525
13526
13527
13528
13529
13530
13531
13532
13533
13534
13535
13536
13537
13538
13539
13540
13541
13542
13543
13544
13545
13546
13547
13548
13549
13550
13551
13552
13553
13554
13555
13556
13557
13558
13559
13560
13561
13562
13563
13564
13565
13566
13567
13568
13569
13570
13571
13572
13573
13574
13577
13578
13579
13580
13581
13582
13583
13584
13585
13586
13587
13588
13589
13591
13592
13593
13594
13595
13598
13599
13600
13602
13603
13604
13605
13606
13607
13609
13610
13611
13612
13613
13614
13615
30000
13616
30001
13617
30002
30003
13619
30004
13620
30005
30006
30007
13623
30008
13624
30009
13625
30010
13626
30011
30012
30013
13629
30014
30015
30016
30017
13633
30018
30019
30020
30021
30022
13638
30023
13639
30024
13640
30025
30026
30027
13643
30028
30029
30030
13646
30031
30032
13648
30033
30034
30035
30036
30037
30038
13654
30039
30040
30041
30042
30043
13659
30044
30045
30046
13662
30047
30048
13664
30049
30050
30051
13667
30052
30053
13669
30054
13670
30055
30056
13672
30057
13673
30058
30059
30060
13676
13677
30062
30063
13679
30064
30065
30066
30067
30068
30069
30070
30071
30072
13689
30075
30076
30077
30078
30079
30080
30081
30082
30083
30084
30085
30088
30089
30090
30091
30092
30093
30094
30095
30096
30097
30098
30099
30100
30102
30103
30104
30105
30106
30107
30108
30109
30110
30111
30112
30113
30114
30115
46500
30116
46501
30117
46502
30118
46503
30119
46504
46505
46506
46507
46508
46509
30125
46510
46511
46512
46513
46514
46515
30131
46516
30132
46517
30133
46518
46519
46520
30136
46521
30137
46522
30138
46523
30139
46524
30140
46525
30141
46526
30142
46527
46528
46529
30145
46530
46531
46532
46533
46534
46535
30151
46536
30152
46537
30153
46538
46539
46540
30156
46541
30157
46542
46543
46544
46545
46546
46547
30163
46548
30164
46549
30165
46550
30166
46551
46552
30168
46553
46554
30170
46555
46556
30172
46557
30173
46558
46559
30175
46560
46561
30177
30178
46563
30179
46564
46565
46566
46567
46568
46569
46570
46571
46572
46573
46574
46575
46576
46577
46578
46579
46580
46581
46582
30198
46584
46585
46586
46587
46588
46589
46590
46591
46592
46593
46594
46595
46596
46597
46598
46599
46600
46601
46602
46603
46604
46605
46606
46607
46608
46609
46610
46611
46612
46613
30230
46615
46616
30232
46617
46618
46619
46624
46625
46629
46631
46632
46636
46640
46642
46646
46647
46648
46652
46654
46658
46662
46663
46666
46671
46677
46678
15000
15001
15002
15003
15004
15005
15006
15007
15008
15009
15010
15011
15012
15013
15014
15015
15016
15017
15018
15019
15020
15021
15022
15023
15024
15025
15026
15027
15028
15029
15030
15031
15032
15033
15034
15035
15036
15037
15038
15039
15040
15041
15042
15043
15044
15045
15046
15047
15048
15049
15050
15051
15052
15053
15054
15055
15056
15057
15058
15059
15060
15061
15062
15063
15064
15065
15066
15067
15068
15069
15070
15071
15072
15073
15074
15075
15076
15077
15078
15079
15080
15081
15082
15083
15084
15085
15086
15087
15088
15089
15090
15091
15092
15093
15094
15095
15097
15098
15099
15100
15101
15102
15104
15105
15106
15107
15109
15110
15111
15112
15113
15114
15115
31500
15116
31501
15117
31502
15118
31503
15119
31504
31505
31506
31507
31508
15124
31509
15125
31510
31511
31512
15128
31513
15129
31514
15130
31515
31516
31517
31518
15134
31519
15135
31520
31521
15137
31522
15138
31523
15139
31524
31525
31526
31527
15143
31528
31529
31530
15146
31531
31532
31533
15149
31534
15150
31535
31536
31537
15153
31538
15154
31539
31540
31541
31542
15158
31543
31544
15160
31545
31546
31547
31548
15164
31549
31550
31551
15167
31552
31553
31554
15170
31555
31556
15172
31557
31558
31559
15175
31560
31561
15177
31562
15178
15179
31564
31565
31566
31567
31568
31569
31570
31571
31572
15188
31573
15189
31574
31575
31576
31577
31578
31579
31580
31581
31582
31583
31584
31585
31586
31588
31589
31590
31592
31593
15209
31594
31595
31596
31597
31599
31602
31604
31605
31606
31607
31608
15224
31609
31610
31611
15227
31612
31613
31614
31615
48000
31616
48001
31617
48002
31618
48003
31619
48004
48005
48006
31622
48007
48008
31624
48009
48010
48011
48012
48013
48014
48015
48016
48017
31633
48018
31634
48019
48020
48021
31637
48022
31638
48023
48024
31640
48025
48026
31642
48027
48028
31644
48029
48030
31646
48031
48032
48033
48034
31650
48035
48036
31652
48037
48038
48039
48040
48041
48042
48043
48044
31660
48045
48046
31662
48047
48048
31664
48049
31665
48050
48051
48052
31668
48053
31669
48054
31670
48055
31671
48056
48057
48058
48059
31675
48060
31677
48062
48063
31679
48064
48065
48066
48067
48068
48069
48070
48071
48072
48073
48074
48075
48076
48077
48078
48079
48080
48082
48083
48084
48085
48086
48087
48088
48089
48090
48091
48092
48093
48094
48095
48096
48098
48099
48100
48101
48102
48103
48104
48106
48107
48108
48109
48110
48112
48113
48114
48115
48116
48118
48119
48120
48122
48123
48124
48127
48129
48130
48132
48134
48138
48140
48142
48145
48146
48149
48154
48156
48161
48162
48164
48168
48169
48173
48178
48179
48206
)


// ************************************************************************* //
