     0.004 1.23403e-05
     0.012 5.66782e-05
      0.02 0.000106976
     0.028 0.000153167
     0.036 0.000191575
     0.044 0.000221072
     0.052 0.000241747
      0.06 0.000254299
     0.068 0.000259711
     0.076 0.000259071
     0.084 0.000253473
     0.092 0.000243953
       0.1 0.000231456
     0.108 0.000216824
     0.116 0.000200787
     0.124 0.000183965
     0.132 0.000166875
      0.14 0.000149935
     0.148 0.000133478
     0.156 0.000117758
     0.164 0.000102961
     0.172 8.92177e-05
      0.18 7.66065e-05
     0.188 6.51669e-05
     0.196 5.49042e-05
  0.204065 4.57282e-05
  0.212415 3.74197e-05
  0.221217 2.9905e-05
  0.230495 2.32665e-05
  0.240275 1.75662e-05
  0.250584 1.28415e-05
  0.261452 9.10258e-06
  0.272907 6.33083e-06
  0.284982 4.47835e-06
  0.297711 3.4697e-06
  0.311128 3.20526e-06
  0.325272 3.56625e-06
   0.34018 4.42134e-06
  0.355896 5.6342e-06
  0.372462 7.0714e-06
  0.389924 8.60997e-06
  0.408331 1.01439e-05
  0.427734 1.15887e-05
  0.448188 1.28841e-05
  0.469747 1.39942e-05
  0.492474 1.4905e-05
  0.516431 1.56211e-05
  0.541683 1.61604e-05
  0.568302 1.65491e-05
  0.596362 1.68168e-05
   0.62594 1.69926e-05
  0.657119 1.71024e-05
  0.689984 1.71674e-05
  0.724628 1.72038e-05
  0.761147 1.72229e-05
  0.799642 1.72323e-05
   0.84022 1.72366e-05
  0.882994 1.72384e-05
  0.928082 1.72392e-05
   0.97561 1.72394e-05
