     0.004 4.18275e-19
     0.012 4.28717e-19
      0.02 4.3652e-19
     0.028 4.3464e-19
     0.036 4.24146e-19
     0.044 4.11367e-19
     0.052 4.00256e-19
      0.06 3.9254e-19
     0.068 3.87978e-19
     0.076 3.84648e-19
     0.084 3.79535e-19
     0.092 3.70235e-19
       0.1  3.553e-19
     0.108 3.34728e-19
     0.116 3.09526e-19
     0.124 2.81401e-19
     0.132 2.52055e-19
      0.14 2.23148e-19
     0.148 1.96011e-19
     0.156 1.71555e-19
     0.164 1.50219e-19
     0.172 1.32154e-19
      0.18 1.17268e-19
     0.188 1.05329e-19
     0.196 9.59703e-20
  0.204065 8.87176e-20
  0.212415 8.30065e-20
  0.221217 7.84593e-20
  0.230495 7.47269e-20
  0.240275 7.14645e-20
  0.250584 6.8408e-20
  0.261452 6.54113e-20
  0.272907 6.24098e-20
  0.284982 5.94433e-20
  0.297711 5.65852e-20
  0.311128 5.39481e-20
  0.325272 5.16266e-20
   0.34018 4.9707e-20
  0.355896 4.82394e-20
  0.372462 4.7245e-20
  0.389924 4.67214e-20
  0.408331 4.66472e-20
  0.427734 4.6992e-20
  0.448188 4.77216e-20
  0.469747 4.87979e-20
  0.492474 5.01884e-20
  0.516431 5.18551e-20
  0.541683 5.37629e-20
  0.568302 5.58836e-20
  0.596362 5.81884e-20
   0.62594 6.06524e-20
  0.657119 6.32467e-20
  0.689984 6.59358e-20
  0.724628 6.86644e-20
  0.761147 7.13584e-20
  0.799642 7.39847e-20
   0.84022 7.66016e-20
  0.882994 7.93029e-20
  0.928082 8.19994e-20
   0.97561 8.40561e-20
