     0.004 0.00496797
     0.012  0.0106469
      0.02  0.0146271
     0.028  0.0175024
     0.036  0.0195742
     0.044  0.0210272
     0.052  0.0219885
      0.06  0.0225521
     0.068  0.0227908
     0.076  0.0227628
     0.084  0.0225155
     0.092  0.0220886
       0.1  0.0215154
     0.108  0.0208242
     0.116  0.0200393
     0.124  0.0191815
     0.132  0.0182688
      0.14  0.0173168
     0.148  0.0163388
     0.156  0.0153465
     0.164    0.01435
     0.172   0.013358
      0.18  0.0123779
     0.188  0.0114164
     0.196  0.0104789
  0.204065 0.00956328
  0.212415 0.00865098
  0.221217 0.00773369
  0.230495 0.00682152
  0.240275 0.00592726
  0.250584 0.00506783
  0.261452 0.00426675
  0.272907 0.00355832
  0.284982 0.00299277
  0.297711 0.00263428
  0.311128  0.0025319
  0.325272 0.00267067
   0.34018 0.00297367
  0.355896 0.00335684
  0.372462 0.00376069
  0.389924 0.00414969
  0.408331 0.00450419
  0.427734 0.00481429
  0.448188 0.00507625
  0.469747 0.00529041
  0.492474 0.00545986
  0.516431 0.00558947
  0.541683 0.00568514
  0.568302  0.0057531
  0.596362 0.00579945
   0.62594 0.00582968
  0.657119 0.00584849
  0.689984 0.00585959
  0.724628 0.00586579
  0.761147 0.00586905
  0.799642 0.00587066
   0.84022 0.00587139
  0.882994  0.0058717
  0.928082 0.00587182
   0.97561 0.00587186
