     0.004 0.00484413
     0.012  0.0140589
      0.02  0.0227964
     0.028  0.0310727
     0.036  0.0389051
     0.044  0.0463103
     0.052  0.0533052
      0.06  0.0599061
     0.068  0.0661294
     0.076  0.0719908
     0.084  0.0775061
     0.092  0.0826905
       0.1  0.0875589
     0.108  0.0921261
     0.116  0.0964062
     0.124   0.100413
     0.132    0.10416
      0.14   0.107661
     0.148   0.110928
     0.156   0.113974
     0.164    0.11681
     0.172   0.119448
      0.18     0.1219
     0.188   0.124175
     0.196   0.126284
  0.204065   0.128253
  0.212415   0.130137
  0.221217   0.131961
  0.230495   0.133717
  0.240275   0.135396
  0.250584    0.13699
  0.261452   0.138493
  0.272907   0.139897
  0.284982   0.141198
  0.297711   0.142391
  0.311128   0.143473
  0.325272   0.144443
   0.34018   0.145303
  0.355896   0.146053
  0.372462   0.146699
  0.389924   0.147245
  0.408331   0.147699
  0.427734   0.148068
  0.448188   0.148363
  0.469747   0.148592
  0.492474   0.148766
  0.516431   0.148894
  0.541683   0.148985
  0.568302   0.149048
  0.596362    0.14909
   0.62594   0.149116
  0.657119   0.149133
  0.689984   0.149142
  0.724628   0.149147
  0.761147    0.14915
  0.799642   0.149151
   0.84022   0.149152
  0.882994   0.149152
  0.928082   0.149152
   0.97561   0.149152
