     0.004 -1.32883e-15
     0.012 -3.39731e-15
      0.02 2.08875e-14
     0.028 4.53804e-14
     0.036 1.62414e-14
     0.044 -4.22668e-14
     0.052 -7.36121e-14
      0.06 -3.93227e-14
     0.068 2.80947e-14
     0.076 5.3124e-14
     0.084 4.35936e-14
     0.092 3.42682e-14
       0.1 2.55874e-14
     0.108 1.94128e-14
     0.116 1.22176e-14
     0.124 3.21383e-15
     0.132 -3.4394e-15
      0.14 -3.93779e-15
     0.148 -5.58446e-15
     0.156 -1.09957e-14
     0.164 -1.13325e-14
     0.172 -8.17507e-15
      0.18 -4.52882e-15
     0.188 -2.4571e-15
     0.196 -3.82367e-15
  0.204065 -3.30348e-15
  0.212415 1.2722e-15
  0.221217 3.35159e-16
  0.230495 -4.15232e-15
  0.240275 -4.3529e-15
  0.250584 -2.84806e-15
  0.261452 -1.85665e-15
  0.272907 -2.72642e-15
  0.284982 -3.08261e-15
  0.297711 -2.56534e-15
  0.311128 -2.12591e-15
  0.325272 -2.06636e-15
   0.34018 -1.88068e-15
  0.355896 -1.8157e-15
  0.372462 -8.58414e-16
  0.389924 -3.18933e-16
  0.408331 -6.1916e-16
  0.427734 -3.9161e-16
  0.448188 3.95905e-16
  0.469747 6.1023e-16
  0.492474 1.63294e-15
  0.516431 2.20699e-15
  0.541683 2.49432e-15
  0.568302 2.52168e-15
  0.596362 2.52748e-15
   0.62594 1.47637e-15
  0.657119 4.65089e-16
  0.689984 6.87102e-16
  0.724628 2.96583e-16
  0.761147 -1.02357e-16
  0.799642 -8.65906e-17
   0.84022 6.42449e-16
  0.882994 -2.2565e-15
  0.928082 3.44309e-17
   0.97561 2.21926e-15
