     0.004 7.4231e-10
     0.012 3.25218e-09
      0.02 7.12348e-09
     0.028 1.08285e-08
     0.036 1.29834e-08
     0.044 1.36461e-08
     0.052 1.32205e-08
      0.06 1.23054e-08
     0.068 1.13915e-08
     0.076 1.10931e-08
     0.084 1.15481e-08
     0.092 1.25469e-08
       0.1 1.36843e-08
     0.108 1.46805e-08
     0.116 1.5379e-08
     0.124 1.57506e-08
     0.132  1.578e-08
      0.14 1.55565e-08
     0.148 1.50994e-08
     0.156 1.45099e-08
     0.164 1.3777e-08
     0.172 1.30044e-08
      0.18 1.21722e-08
     0.188 1.13553e-08
     0.196 1.05069e-08
  0.204065 9.74221e-09
  0.212415 8.99757e-09
  0.221217 8.26717e-09
  0.230495 7.49692e-09
  0.240275 6.78958e-09
  0.250584 6.09648e-09
  0.261452 5.48495e-09
  0.272907 4.91236e-09
  0.284982 4.42354e-09
  0.297711 3.99032e-09
  0.311128 3.64121e-09
  0.325272 3.35134e-09
   0.34018 3.13279e-09
  0.355896 2.95403e-09
  0.372462 2.81582e-09
  0.389924 2.68565e-09
  0.408331 2.56358e-09
  0.427734 2.42885e-09
  0.448188 2.28705e-09
  0.469747 2.13137e-09
  0.492474 1.97155e-09
  0.516431 1.8104e-09
  0.541683 1.65634e-09
  0.568302 1.51375e-09
  0.596362 1.38561e-09
   0.62594 1.27081e-09
  0.657119 1.16552e-09
  0.689984 1.06569e-09
  0.724628 9.74863e-10
  0.761147 9.08183e-10
  0.799642 8.85727e-10
   0.84022 8.93694e-10
  0.882994 8.50698e-10
  0.928082 6.52669e-10
   0.97561 2.51448e-10
