     0.004 2.53151e-11
     0.012 5.4401e-11
      0.02 6.8879e-11
     0.028 7.84079e-11
     0.036 8.73394e-11
     0.044 9.6141e-11
     0.052 1.04528e-10
      0.06 1.12247e-10
     0.068 1.19189e-10
     0.076 1.25309e-10
     0.084 1.30601e-10
     0.092 1.35053e-10
       0.1 1.38683e-10
     0.108 1.41483e-10
     0.116 1.43472e-10
     0.124 1.4465e-10
     0.132 1.45067e-10
      0.14 1.44521e-10
     0.148 1.43195e-10
     0.156 1.41025e-10
     0.164 1.37981e-10
     0.172 1.34028e-10
      0.18 1.29127e-10
     0.188 1.23228e-10
     0.196 1.16277e-10
  0.204065 1.08187e-10
  0.212415 9.88746e-11
  0.221217 8.85298e-11
  0.230495 7.75925e-11
  0.240275 6.65459e-11
  0.250584 5.59999e-11
  0.261452 4.67167e-11
  0.272907 3.97283e-11
  0.284982 3.60501e-11
  0.297711 3.60986e-11
  0.311128 3.90122e-11
  0.325272 4.34255e-11
   0.34018 4.81526e-11
  0.355896 5.2498e-11
  0.372462 5.60451e-11
  0.389924 5.86248e-11
  0.408331 6.01627e-11
  0.427734 6.0702e-11
  0.448188 6.03146e-11
  0.469747 5.91335e-11
  0.492474 5.72929e-11
  0.516431 5.49502e-11
  0.541683 5.22522e-11
  0.568302 4.93397e-11
  0.596362 4.63438e-11
   0.62594 4.33685e-11
  0.657119 4.05086e-11
  0.689984 3.78331e-11
  0.724628 3.54026e-11
  0.761147 3.32495e-11
  0.799642 3.14205e-11
   0.84022 2.99265e-11
  0.882994 2.87981e-11
  0.928082 2.80367e-11
   0.97561 2.76344e-11
