/*--------------------------------*- C++ -*----------------------------------*\
| =========                 |                                                 |
| \\      /  F ield         | OpenFOAM: The Open Source CFD Toolbox           |
|  \\    /   O peration     | Version:  2312                                  |
|   \\  /    A nd           | Website:  www.openfoam.com                      |
|    \\/     M anipulation  |                                                 |
\*---------------------------------------------------------------------------*/
FoamFile
{
    version     2.0;
    format      ascii;
    arch        "LSB;label=32;scalar=64";
    class       cellSet;
    location    "constant/polyMesh/sets";
    object      bed;
}
// * * * * * * * * * * * * * * * * * * * * * * * * * * * * * * * * * * * * * //


1554
(
0
1
2
3
5
9
10
11
12
13
16
17
18
21
22
24
25
27
28
30
32
36
38
39
41
42
43
46
47
48
49
50
52
53
56
57
58
59
16501
16503
16504
16505
16506
16507
16510
16512
16514
16515
16516
16517
16518
16522
16524
16525
16526
16530
16531
16532
16536
16537
16538
16539
16540
16543
16546
16547
16548
16550
16551
16552
16555
16557
16558
33000
33001
33003
33005
33006
33007
33008
33009
33011
33012
33013
33014
33015
33016
33017
33018
33021
33022
33024
33026
33027
33029
33030
33031
33032
33033
33034
33035
33036
33037
33038
33039
33040
33041
33042
33043
33044
33045
33046
33047
33049
33050
33051
33052
33054
33057
33058
33059
49500
49501
49502
49503
49504
49505
49510
49511
49515
49516
49517
49518
49519
49520
49521
49522
49523
49524
49525
49526
49527
49528
49529
49530
49531
49535
49536
49537
49538
49539
49540
49542
49543
49544
49546
49547
49548
49549
49551
49552
49553
49554
49555
49556
49558
49559
1501
1502
1503
1504
1505
1508
1509
1511
1514
1515
1517
1518
1522
1523
1524
1525
1526
1527
1529
1531
1532
1535
1536
1537
1539
1541
1543
1544
1545
1546
1547
1548
1549
1552
1554
1555
1558
18000
18001
18002
18004
18005
18006
18007
18009
18010
18011
18013
18015
18017
18018
18019
18020
18022
18024
18026
18028
18029
18030
18033
18034
18035
18039
18041
18043
18044
18046
18047
18048
18049
18051
18053
18054
18055
18057
18058
34501
34502
34504
34505
34508
34509
34510
34512
34516
34517
34518
34521
34522
34523
34524
34525
34528
34529
34530
34531
34532
34533
34534
34537
34538
34539
34540
34541
34544
34545
34546
34547
34548
34549
34550
34551
34552
34554
34556
34557
34558
51000
51001
51002
51003
51004
51005
51010
51011
51015
51016
51017
51018
51019
51020
51021
51022
51023
51024
51025
51026
51027
51028
51029
51030
51031
51035
51036
51037
51038
51039
51040
51042
51043
51044
51046
51047
51048
51049
51051
51052
51053
51054
51055
51056
51058
51059
3001
3002
3003
3004
3005
3008
3009
3011
3014
3015
3017
3018
3022
3023
3024
3025
3026
3027
3029
3031
3032
3035
3036
3037
3039
3041
3043
3044
3045
3046
3047
3048
3049
3052
3054
3055
3058
19500
19501
19502
19503
19504
19509
19510
19516
19519
19520
19521
19524
19526
19527
19529
19531
19535
19536
19538
19539
19540
19541
19542
19543
19544
19545
19546
19547
19550
19552
19554
19555
19556
19558
19559
36000
36001
36003
36004
36005
36008
36009
36011
36012
36013
36016
36018
36019
36020
36022
36023
36024
36026
36027
36029
36030
36031
36033
36034
36035
36036
36038
36040
36041
36045
36049
36051
36052
36053
36054
36055
36056
36058
52501
52502
52503
52506
52507
52508
52510
52511
52512
52514
52517
52518
52519
52520
52521
52522
52523
52524
52525
52526
52527
52529
52530
52531
52532
52533
52534
52535
52537
52538
52539
52543
52544
52545
52546
52547
52549
52550
52551
52552
52554
52555
52557
4500
4501
4502
4503
4504
4505
4506
4507
4508
4510
4511
4512
4513
4514
4516
4518
4519
4520
4521
4523
4524
4527
4528
4529
4531
4533
4534
4535
4536
4538
4541
4542
4544
4546
4547
4548
4549
4551
4552
4554
4555
4556
4557
4558
4559
21000
21001
21003
21004
21005
21006
21007
21008
21011
21013
21015
21016
21018
21021
21022
21023
21024
21025
21028
21029
21031
21032
21033
21034
21035
21036
21038
21039
21043
21044
21045
21046
21047
21049
21050
21051
21052
21054
21055
21056
21057
21059
37500
37501
37503
37504
37505
37508
37509
37511
37512
37513
37516
37518
37519
37520
37522
37523
37524
37526
37527
37529
37530
37531
37533
37534
37535
37536
37538
37540
37541
37545
37549
37551
37552
37553
37554
37555
37556
37558
54000
54002
54003
54010
54011
54012
54013
54014
54016
54017
54018
54019
54020
54021
54022
54023
54024
54025
54026
54027
54028
54032
54033
54034
54035
54036
54037
54038
54039
54040
54044
54046
54047
54048
54050
54051
54052
54053
54055
54056
54057
54059
6004
6005
6008
6009
6011
6014
6016
6017
6021
6022
6023
6027
6030
6032
6033
6034
6038
6039
6040
6041
6042
6044
6045
6048
6049
6050
6053
6056
6057
6059
22500
22501
22503
22504
22505
22506
22507
22508
22511
22513
22515
22516
22518
22521
22522
22523
22524
22525
22528
22529
22531
22532
22533
22534
22535
22536
22538
22539
22543
22544
22545
22546
22547
22549
22550
22551
22552
22554
22555
22556
22557
22559
39001
39002
39004
39005
39006
39007
39009
39010
39011
39012
39013
39015
39016
39017
39019
39020
39021
39022
39023
39025
39026
39028
39033
39034
39035
39036
39038
39039
39040
39041
39042
39044
39048
39050
39051
39052
39053
39054
39056
39057
39058
39059
55500
55502
55506
55507
55508
55509
55511
55512
55513
55514
55515
55516
55518
55519
55520
55523
55526
55527
55531
55536
55537
55539
55543
55544
55546
55547
55549
55550
55552
55553
55554
55555
55556
55557
55559
7504
7505
7508
7509
7511
7514
7516
7517
7521
7522
7523
7527
7530
7532
7533
7534
7538
7539
7540
7541
7542
7544
7545
7548
7549
7550
7553
7556
7557
7559
24000
24001
24002
24003
24004
24005
24006
24007
24008
24010
24011
24012
24014
24015
24016
24017
24019
24020
24022
24024
24025
24028
24029
24031
24032
24033
24034
24037
24039
24041
24042
24043
24044
24045
24046
24047
24049
24051
24052
24054
24055
24057
24059
40501
40502
40503
40504
40505
40506
40507
40508
40510
40512
40513
40514
40515
40516
40517
40518
40519
40520
40521
40522
40523
40528
40529
40530
40532
40536
40539
40541
40543
40544
40545
40546
40547
40549
40550
40551
40556
40557
40558
40559
57000
57002
57006
57007
57008
57009
57011
57012
57013
57014
57015
57016
57018
57019
57020
57023
57026
57027
57031
57036
57037
57039
57043
57044
57046
57047
57049
57050
57052
57053
57054
57055
57056
57057
57059
9000
9001
9002
9003
9004
9005
9006
9007
9008
9010
9011
9012
9015
9016
9017
9018
9021
9022
9023
9024
9025
9029
9032
9033
9034
9035
9036
9038
9039
9040
9041
9043
9044
9045
9048
9049
9050
9051
9052
9053
9055
9057
9058
9059
25500
25502
25503
25505
25506
25507
25508
25510
25511
25516
25517
25518
25519
25520
25521
25522
25526
25527
25530
25531
25532
25533
25534
25535
25536
25537
25540
25542
25543
25545
25546
25547
25548
25549
25550
25551
25552
25553
25554
25555
25556
25558
42001
42002
42003
42004
42005
42006
42007
42008
42010
42012
42013
42014
42015
42016
42017
42018
42019
42020
42021
42022
42023
42028
42029
42030
42032
42036
42039
42041
42043
42044
42045
42046
42047
42049
42050
42051
42056
42057
42058
42059
58501
58502
58505
58506
58507
58508
58510
58512
58513
58514
58515
58516
58517
58521
58522
58524
58525
58526
58527
58528
58529
58530
58533
58534
58535
58540
58541
58542
58545
58548
58549
58550
58551
58552
58553
58554
58556
58558
58559
10500
10501
10502
10503
10504
10506
10507
10508
10510
10511
10512
10513
10514
10517
10519
10520
10521
10524
10525
10527
10528
10531
10532
10533
10534
10535
10537
10539
10540
10541
10542
10543
10546
10547
10548
10549
10551
10552
10553
10555
10556
10558
27000
27002
27003
27005
27006
27007
27008
27010
27011
27016
27017
27018
27019
27020
27021
27022
27026
27027
27030
27031
27032
27033
27034
27035
27036
27037
27040
27042
27043
27045
27046
27047
27048
27049
27050
27051
27052
27053
27054
27055
27056
27058
43502
43503
43506
43507
43510
43511
43512
43514
43515
43516
43518
43522
43523
43527
43530
43531
43535
43536
43540
43544
43545
43546
43547
43551
43553
43555
43556
43557
43558
12000
12001
12002
12003
12004
12006
12007
12008
12010
12011
12012
12013
12014
12017
12019
12020
12021
12024
12025
12027
12028
12031
12032
12033
12034
12035
12037
12039
12040
12041
12042
12043
12046
12047
12048
12049
12051
12052
12053
12055
12056
12058
28500
28501
28502
28504
28505
28506
28507
28508
28509
28510
28511
28512
28513
28514
28515
28517
28518
28523
28525
28526
28528
28529
28530
28531
28535
28539
28540
28541
28542
28544
28549
28551
28552
28554
28557
28559
45002
45003
45004
45005
45008
45009
45010
45012
45013
45014
45015
45019
45020
45025
45027
45028
45029
45030
45032
45033
45034
45035
45036
45038
45039
45041
45042
45045
45046
45047
45049
45050
45051
45052
45055
45056
45058
45059
13500
13501
13502
13503
13508
13509
13510
13511
13512
13513
13514
13521
13523
13524
13525
13528
13530
13532
13537
13541
13542
13543
13544
13548
13549
13552
13555
13556
13557
13558
13559
30000
30003
30004
30005
30008
30011
30012
30016
30017
30018
30022
30024
30025
30026
30027
30031
30032
30035
30036
30037
30038
30044
30046
30047
30048
30049
30051
30052
30053
30054
30056
30058
30059
46502
46503
46504
46505
46508
46509
46510
46512
46513
46514
46515
46519
46520
46525
46527
46528
46529
46530
46532
46533
46534
46535
46536
46538
46539
46541
46542
46545
46546
46547
46549
46550
46551
46552
46555
46556
46558
46559
15001
15003
15004
15005
15006
15007
15010
15012
15014
15015
15016
15017
15018
15022
15024
15025
15026
15030
15031
15032
15036
15037
15038
15039
15040
15043
15046
15047
15048
15050
15051
15052
15055
15057
15058
31500
31503
31504
31505
31508
31511
31512
31516
31517
31518
31522
31524
31525
31526
31527
31531
31532
31535
31536
31537
31538
31544
31546
31547
31548
31549
31551
31552
31553
31554
31556
31558
31559
48002
48004
48005
48006
48007
48008
48009
48010
48011
48012
48014
48017
48018
48019
48020
48022
48023
48024
48025
48026
48027
48028
48029
48030
48036
48037
48038
48039
48041
48042
48043
48045
48046
48047
48051
48052
48053
48054
48055
48056
48057
48058
48059
)


// ************************************************************************* //
