     0.004 1.27622e-05
     0.012 5.83196e-05
      0.02 0.000109661
     0.028 0.00015647
     0.036 0.000195051
     0.044 0.000224335
     0.052 0.000244497
      0.06 0.000256322
     0.068 0.000260875
     0.076 0.000259317
     0.084 0.000252797
     0.092 0.000242398
       0.1  0.0002291
     0.108 0.000213768
     0.116 0.000197145
     0.124 0.000179861
     0.132 0.00016243
      0.14 0.000145268
     0.148 0.000128699
     0.156 0.000112968
     0.164 9.82494e-05
     0.172 8.46585e-05
      0.18 7.2262e-05
     0.188 6.1086e-05
     0.196 5.11235e-05
  0.204065 4.22753e-05
  0.212415 3.43214e-05
  0.221217 2.7186e-05
  0.230495 2.09422e-05
  0.240275 1.56413e-05
  0.250584 1.13095e-05
  0.261452 7.94536e-06
  0.272907 5.5188e-06
  0.284982 3.97169e-06
  0.297711 3.21999e-06
  0.311128 3.1578e-06
  0.325272 3.66299e-06
   0.34018  4.604e-06
  0.355896 5.84752e-06
  0.372462 7.26614e-06
  0.389924 8.74535e-06
  0.408331 1.01893e-05
  0.427734 1.15244e-05
  0.448188 1.27011e-05
  0.469747 1.36928e-05
  0.492474 1.44931e-05
  0.516431 1.51118e-05
  0.541683 1.55698e-05
  0.568302 1.58941e-05
  0.596362 1.61134e-05
   0.62594 1.62545e-05
  0.657119 1.63408e-05
  0.689984 1.63908e-05
  0.724628 1.64181e-05
  0.761147 1.64321e-05
  0.799642 1.64388e-05
   0.84022 1.64418e-05
  0.882994 1.6443e-05
  0.928082 1.64435e-05
   0.97561 1.64436e-05
