     0.004 4.34779e-19
     0.012 4.45618e-19
      0.02  4.537e-19
     0.028 4.51703e-19
     0.036 4.40751e-19
     0.044 4.2743e-19
     0.052 4.15828e-19
      0.06 4.0771e-19
     0.068 4.02792e-19
     0.076 3.99059e-19
     0.084 3.93379e-19
     0.092 3.83279e-19
       0.1 3.67295e-19
     0.108 3.45471e-19
     0.116 3.18898e-19
     0.124 2.89387e-19
     0.132 2.58733e-19
      0.14 2.28668e-19
     0.148 2.00572e-19
     0.156 1.75377e-19
     0.164 1.53516e-19
     0.172 1.35118e-19
      0.18 1.20057e-19
     0.188 1.08058e-19
     0.196 9.87111e-20
  0.204065 9.15028e-20
  0.212415 8.58367e-20
  0.221217 8.13102e-20
  0.230495 7.75555e-20
  0.240275 7.42196e-20
  0.250584 7.10421e-20
  0.261452 6.78891e-20
  0.272907 6.47117e-20
  0.284982 6.15704e-20
  0.297711 5.85543e-20
  0.311128 5.57867e-20
  0.325272 5.33684e-20
   0.34018 5.13874e-20
  0.355896 4.9892e-20
  0.372462 4.88989e-20
  0.389924 4.84006e-20
  0.408331 4.83703e-20
  0.427734 4.87732e-20
  0.448188 4.95717e-20
  0.469747 5.07248e-20
  0.492474 5.21987e-20
  0.516431 5.39544e-20
  0.541683 5.59561e-20
  0.568302 5.81756e-20
  0.596362 6.05837e-20
   0.62594 6.31556e-20
  0.657119 6.58617e-20
  0.689984 6.86654e-20
  0.724628 7.15096e-20
  0.761147 7.43173e-20
  0.799642 7.70541e-20
   0.84022 7.97809e-20
  0.882994 8.25953e-20
  0.928082 8.54046e-20
   0.97561 8.75475e-20
