     0.004 0.00505218
     0.012     0.0108
      0.02  0.0148095
     0.028  0.0176901
     0.036   0.019751
     0.044  0.0211818
     0.052  0.0221132
      0.06  0.0226416
     0.068  0.0228419
     0.076  0.0227735
     0.084  0.0224854
     0.092  0.0220181
       0.1  0.0214056
     0.108  0.0206769
     0.116  0.0198568
     0.124  0.0189663
     0.132  0.0180239
      0.14  0.0170451
     0.148  0.0160436
     0.156  0.0150312
     0.164  0.0140178
     0.172  0.0130122
      0.18  0.0120218
     0.188  0.0110531
     0.196  0.0101117
  0.204065 0.00919514
  0.212415  0.0082851
  0.221217 0.00737374
  0.230495 0.00647181
  0.240275 0.00559309
  0.250584 0.00475594
  0.261452 0.00398632
  0.272907 0.00332229
  0.284982  0.0028184
  0.297711 0.00253771
  0.311128 0.00251309
  0.325272 0.00270665
   0.34018 0.00303447
  0.355896  0.0034198
  0.372462 0.00381212
  0.389924 0.00418219
  0.408331 0.00451427
  0.427734 0.00480093
  0.448188 0.00504006
  0.469747 0.00523312
  0.492474 0.00538387
  0.516431  0.0054976
  0.541683  0.0055803
  0.568302 0.00563811
  0.596362 0.00567686
   0.62594 0.00570167
  0.657119 0.00571679
  0.689984 0.00572552
  0.724628 0.00573029
  0.761147 0.00573273
  0.799642  0.0057339
   0.84022 0.00573442
  0.882994 0.00573463
  0.928082 0.00573471
   0.97561 0.00573474
