     0.004 0.00493004
     0.012  0.0142989
      0.02  0.0231729
     0.028   0.031569
     0.036  0.0395055
     0.044  0.0470001
     0.052  0.0540706
      0.06  0.0607342
     0.068  0.0670083
     0.076  0.0729094
     0.084  0.0784542
     0.092  0.0836587
       0.1  0.0885387
     0.108  0.0931095
     0.116  0.0973862
     0.124   0.101383
     0.132   0.105115
      0.14   0.108596
     0.148   0.111838
     0.156   0.114855
     0.164   0.117659
     0.172   0.120262
      0.18   0.122676
     0.188   0.124912
     0.196   0.126981
  0.204065   0.128908
  0.212415   0.130747
  0.221217   0.132524
  0.230495    0.13423
  0.240275   0.135857
  0.250584   0.137397
  0.261452   0.138843
  0.272907    0.14019
  0.284982   0.141433
  0.297711   0.142568
  0.311128   0.143593
  0.325272   0.144507
   0.34018   0.145313
  0.355896   0.146012
  0.372462   0.146609
  0.389924   0.147111
  0.408331   0.147525
  0.427734   0.147859
  0.448188   0.148123
  0.469747   0.148326
  0.492474   0.148478
  0.516431   0.148589
  0.541683   0.148667
  0.568302    0.14872
  0.596362   0.148755
   0.62594   0.148776
  0.657119   0.148789
  0.689984   0.148797
  0.724628   0.148801
  0.761147   0.148803
  0.799642   0.148804
   0.84022   0.148804
  0.882994   0.148804
  0.928082   0.148804
   0.97561   0.148804
