     0.004 -1.35981e-15
     0.012 -3.63244e-15
      0.02 2.10035e-14
     0.028 4.61597e-14
     0.036 1.64683e-14
     0.044 -4.32999e-14
     0.052 -7.49951e-14
      0.06 -3.96517e-14
     0.068 2.92182e-14
     0.076 5.45414e-14
     0.084 4.44535e-14
     0.092 3.46226e-14
       0.1 2.55812e-14
     0.108 1.91236e-14
     0.116 1.16804e-14
     0.124 2.60049e-15
     0.132 -3.5465e-15
      0.14 -4.1465e-15
     0.148 -6.12422e-15
     0.156 -1.12188e-14
     0.164 -1.14682e-14
     0.172 -8.28328e-15
      0.18 -4.62524e-15
     0.188 -2.50365e-15
     0.196 -3.82126e-15
  0.204065 -3.39139e-15
  0.212415 8.93372e-16
  0.221217 -3.56307e-16
  0.230495 -4.4995e-15
  0.240275 -4.18896e-15
  0.250584 -2.11207e-15
  0.261452 -1.65597e-15
  0.272907 -3.33599e-15
  0.284982 -3.25836e-15
  0.297711 -2.70759e-15
  0.311128 -2.33156e-15
  0.325272 -2.24163e-15
   0.34018 -1.97171e-15
  0.355896 -1.8619e-15
  0.372462 -7.77506e-16
  0.389924 -2.11603e-16
  0.408331 -5.12011e-16
  0.427734 -2.26822e-16
  0.448188 6.31708e-16
  0.469747 9.06287e-16
  0.492474 1.86012e-15
  0.516431 2.3718e-15
  0.541683 2.60235e-15
  0.568302 2.50737e-15
  0.596362 2.48506e-15
   0.62594 1.28807e-15
  0.657119 2.28464e-16
  0.689984 5.45986e-16
  0.724628 1.68787e-16
  0.761147 -1.67564e-16
  0.799642 -1.02037e-16
   0.84022 6.39299e-16
  0.882994 -2.07458e-15
  0.928082 9.77962e-17
   0.97561 2.05407e-15
