     0.004 7.5727e-10
     0.012 3.31168e-09
      0.02 7.24994e-09
     0.028 1.10154e-08
     0.036 1.31974e-08
     0.044 1.38573e-08
     0.052 1.34101e-08
      0.06 1.24701e-08
     0.068 1.1543e-08
     0.076 1.12562e-08
     0.084 1.1745e-08
     0.092 1.27845e-08
       0.1 1.39577e-08
     0.108 1.4979e-08
     0.116 1.56906e-08
     0.124 1.60644e-08
     0.132 1.60857e-08
      0.14 1.58469e-08
     0.148 1.53681e-08
     0.156 1.47537e-08
     0.164 1.39924e-08
     0.172 1.31911e-08
      0.18 1.23291e-08
     0.188 1.14841e-08
     0.196 1.06083e-08
  0.204065 9.81937e-09
  0.212415 9.05221e-09
  0.221217 8.30238e-09
  0.230495 7.51618e-09
  0.240275 6.79708e-09
  0.250584 6.09656e-09
  0.261452 5.48207e-09
  0.272907 4.91127e-09
  0.284982 4.42828e-09
  0.297711 4.00485e-09
  0.311128 3.66768e-09
  0.325272 3.38987e-09
   0.34018 3.18136e-09
  0.355896 3.00839e-09
  0.372462 2.87122e-09
  0.389924 2.73734e-09
  0.408331 2.60818e-09
  0.427734 2.46455e-09
  0.448188 2.31365e-09
  0.469747 2.15019e-09
  0.492474 1.9847e-09
  0.516431 1.82057e-09
  0.541683 1.66594e-09
  0.568302 1.52465e-09
  0.596362 1.39874e-09
   0.62594 1.2862e-09
  0.657119 1.18254e-09
  0.689984 1.08341e-09
  0.724628 9.92531e-10
  0.761147 9.25604e-10
  0.799642 9.03342e-10
   0.84022 9.1182e-10
  0.882994 8.68102e-10
  0.928082 6.66069e-10
   0.97561 2.56617e-10
