     0.004 2.55521e-11
     0.012 5.42997e-11
      0.02 6.78395e-11
     0.028 7.61848e-11
     0.036  8.398e-11
     0.044 9.17885e-11
     0.052 9.9329e-11
      0.06 1.06332e-10
     0.068 1.12671e-10
     0.076 1.18289e-10
     0.084 1.23168e-10
     0.092 1.27287e-10
       0.1 1.30657e-10
     0.108 1.33261e-10
     0.116 1.35113e-10
     0.124 1.36212e-10
     0.132 1.36608e-10
      0.14 1.36078e-10
     0.148 1.34822e-10
     0.156 1.32774e-10
     0.164  1.299e-10
     0.172 1.26171e-10
      0.18 1.21547e-10
     0.188 1.1598e-10
     0.196 1.09418e-10
  0.204065 1.01787e-10
  0.212415 9.30193e-11
  0.221217 8.33162e-11
  0.230495 7.31195e-11
  0.240275 6.29102e-11
  0.250584 5.32937e-11
  0.261452 4.50003e-11
  0.272907 3.89692e-11
  0.284982 3.5995e-11
  0.297711 3.62699e-11
  0.311128 3.89463e-11
  0.325272 4.28615e-11
   0.34018 4.70054e-11
  0.355896 5.07856e-11
  0.372462 5.38312e-11
  0.389924 5.59991e-11
  0.408331 5.72226e-11
  0.427734 5.75473e-11
  0.448188 5.70387e-11
  0.469747 5.58202e-11
  0.492474 5.40125e-11
  0.516431 5.17583e-11
  0.541683 4.91881e-11
  0.568302 4.64284e-11
  0.596362 4.35972e-11
   0.62594 4.07877e-11
  0.657119 3.80886e-11
  0.689984 3.55598e-11
  0.724628 3.32618e-11
  0.761147 3.12224e-11
  0.799642 2.94886e-11
   0.84022 2.80686e-11
  0.882994 2.69917e-11
  0.928082 2.62648e-11
   0.97561 2.58717e-11
