     0.004 5.20545e-05
     0.012 0.000173657
      0.02 0.000253784
     0.028 0.000283961
     0.036 0.000277099
     0.044 0.000247905
     0.052 0.000208249
      0.06 0.000166376
     0.068 0.000127331
     0.076 9.37168e-05
     0.084 6.6448e-05
     0.092 4.53866e-05
       0.1 2.98186e-05
     0.108 1.87866e-05
     0.116 1.13017e-05
     0.124 6.4629e-06
     0.132 3.5138e-06
      0.14 1.85627e-06
     0.148 1.04076e-06
     0.156 7.44502e-07
     0.164 7.45817e-07
     0.172 8.99429e-07
      0.18 1.11508e-06
     0.188 1.3404e-06
     0.196 1.54785e-06
  0.204065 1.72698e-06
  0.212415 1.87774e-06
  0.221217 2.00048e-06
  0.230495 2.0958e-06
  0.240275 2.16651e-06
  0.250584 2.21664e-06
  0.261452 2.25056e-06
  0.272907 2.27245e-06
  0.284982 2.28588e-06
  0.297711 2.29371e-06
  0.311128 2.29801e-06
  0.325272 2.30024e-06
   0.34018 2.30132e-06
  0.355896 2.30181e-06
  0.372462 2.30201e-06
  0.389924 2.30209e-06
  0.408331 2.30212e-06
  0.427734 2.30212e-06
  0.448188 2.30212e-06
  0.469747 2.30212e-06
  0.492474 2.30211e-06
  0.516431 2.30211e-06
  0.541683 2.30211e-06
  0.568302 2.30211e-06
  0.596362 2.30211e-06
   0.62594 2.3021e-06
  0.657119 2.3021e-06
  0.689984 2.3021e-06
  0.724628 2.3021e-06
  0.761147 2.3021e-06
  0.799642 2.3021e-06
   0.84022 2.3021e-06
  0.882994 2.3021e-06
  0.928082 2.3021e-06
   0.97561 2.3021e-06
