     0.004 2.42964e-18
     0.012 2.48808e-18
      0.02 2.52863e-18
     0.028 2.51207e-18
     0.036 2.44645e-18
     0.044 2.36603e-18
     0.052 2.28699e-18
      0.06 2.21264e-18
     0.068 2.13909e-18
     0.076 2.05868e-18
     0.084 1.96255e-18
     0.092 1.84709e-18
       0.1 1.71301e-18
     0.108 1.56545e-18
     0.116 1.41131e-18
     0.124 1.25811e-18
     0.132 1.11157e-18
      0.14 9.76161e-19
     0.148 8.5471e-19
     0.156 7.48579e-19
     0.164 6.57805e-19
     0.172 5.81706e-19
      0.18 5.19118e-19
     0.188 4.68557e-19
     0.196 4.28381e-19
  0.204065 3.96689e-19
  0.212415 3.71306e-19
  0.221217 3.50697e-19
  0.230495 3.33765e-19
  0.240275 3.19567e-19
  0.250584 3.07427e-19
  0.261452 2.96887e-19
  0.272907 2.87708e-19
  0.284982 2.79854e-19
  0.297711 2.7336e-19
  0.311128 2.68342e-19
  0.325272 2.64888e-19
   0.34018 2.63071e-19
  0.355896 2.62915e-19
  0.372462 2.64399e-19
  0.389924 2.67507e-19
  0.408331 2.72182e-19
  0.427734 2.78373e-19
  0.448188 2.86028e-19
  0.469747 2.95078e-19
  0.492474 3.05483e-19
  0.516431 3.1715e-19
  0.541683 3.29979e-19
  0.568302 3.4389e-19
  0.596362 3.58775e-19
   0.62594 3.7453e-19
  0.657119 3.91013e-19
  0.689984 4.08024e-19
  0.724628 4.25238e-19
  0.761147  4.422e-19
  0.799642 4.58711e-19
   0.84022 4.7514e-19
  0.882994 4.92074e-19
  0.928082 5.08963e-19
   0.97561 5.21858e-19
