     0.004  0.0102034
     0.012  0.0186364
      0.02  0.0225293
     0.028  0.0238311
     0.036  0.0235414
     0.044  0.0222668
     0.052  0.0204083
      0.06  0.0182415
     0.068  0.0159582
     0.076  0.0136906
     0.084  0.0115281
     0.092 0.00952749
       0.1 0.00772251
     0.108  0.0061297
     0.116 0.00475429
     0.124 0.00359525
     0.132 0.00265096
      0.14 0.00192679
     0.148 0.00144275
     0.156 0.00122025
     0.164 0.00122132
     0.172 0.00134122
      0.18 0.00149337
     0.188 0.00163731
     0.196 0.00175946
  0.204065 0.00185848
  0.212415 0.00193791
  0.221217 0.00200024
  0.230495 0.00204734
  0.240275 0.00208159
  0.250584 0.00210553
  0.261452 0.00212159
  0.272907 0.00213188
  0.284982 0.00213817
  0.297711 0.00214182
  0.311128 0.00214383
  0.325272 0.00214487
   0.34018 0.00214538
  0.355896 0.00214561
  0.372462  0.0021457
  0.389924 0.00214574
  0.408331 0.00214575
  0.427734 0.00214575
  0.448188 0.00214575
  0.469747 0.00214575
  0.492474 0.00214575
  0.516431 0.00214575
  0.541683 0.00214574
  0.568302 0.00214574
  0.596362 0.00214574
   0.62594 0.00214574
  0.657119 0.00214574
  0.689984 0.00214574
  0.724628 0.00214574
  0.761147 0.00214574
  0.799642 0.00214574
   0.84022 0.00214574
  0.882994 0.00214574
  0.928082 0.00214574
   0.97561 0.00214574
