     0.004   0.011122
     0.012  0.0307761
      0.02  0.0479399
     0.028  0.0628341
     0.036  0.0756795
     0.044  0.0866882
     0.052  0.0960622
      0.06   0.103992
     0.068   0.110655
     0.076   0.116214
     0.084   0.120822
     0.092   0.124613
       0.1    0.12771
     0.108   0.130221
     0.116   0.132243
     0.124   0.133858
     0.132   0.135138
      0.14   0.136146
     0.148   0.136932
     0.156   0.137541
     0.164    0.13801
     0.172   0.138367
      0.18   0.138636
     0.188   0.138839
     0.196    0.13899
  0.204065   0.139102
  0.212415   0.139186
  0.221217   0.139249
  0.230495   0.139295
  0.240275   0.139327
  0.250584   0.139349
  0.261452   0.139363
  0.272907   0.139372
  0.284982   0.139378
  0.297711   0.139381
  0.311128   0.139383
  0.325272   0.139383
   0.34018   0.139384
  0.355896   0.139384
  0.372462   0.139384
  0.389924   0.139384
  0.408331   0.139384
  0.427734   0.139384
  0.448188   0.139384
  0.469747   0.139384
  0.492474   0.139384
  0.516431   0.139384
  0.541683   0.139384
  0.568302   0.139384
  0.596362   0.139384
   0.62594   0.139384
  0.657119   0.139384
  0.689984   0.139384
  0.724628   0.139384
  0.761147   0.139384
  0.799642   0.139384
   0.84022   0.139384
  0.882994   0.139384
  0.928082   0.139384
   0.97561   0.139384
