     0.004 -1.53228e-14
     0.012 -9.87631e-14
      0.02 -1.10299e-13
     0.028 -6.27822e-15
     0.036 6.97671e-14
     0.044 9.14822e-14
     0.052 1.68103e-13
      0.06 1.88558e-13
     0.068 8.10507e-14
     0.076 -3.61644e-14
     0.084 -6.46493e-14
     0.092 -2.4773e-14
       0.1 6.72327e-15
     0.108 5.0204e-15
     0.116 -4.7479e-15
     0.124 -8.24708e-15
     0.132 -5.60667e-15
      0.14 -3.0183e-15
     0.148 -2.16463e-15
     0.156 -2.39439e-15
     0.164 -2.03199e-15
     0.172 -1.14637e-15
      0.18 -1.67101e-17
     0.188 5.02356e-16
     0.196 1.91055e-16
  0.204065 -4.49797e-16
  0.212415 -7.20803e-16
  0.221217 -1.41661e-15
  0.230495 -3.72791e-15
  0.240275 -4.56461e-15
  0.250584 -3.31196e-15
  0.261452 -1.22064e-15
  0.272907 1.38519e-15
  0.284982 3.64733e-15
  0.297711 4.87564e-15
  0.311128 4.86571e-15
  0.325272 4.35307e-15
   0.34018 3.65443e-15
  0.355896 2.68063e-15
  0.372462 1.32503e-15
  0.389924 2.29154e-16
  0.408331 -6.01906e-16
  0.427734 -8.16252e-16
  0.448188 -1.01264e-15
  0.469747 -9.80811e-16
  0.492474 -9.17682e-16
  0.516431 -1.02755e-15
  0.541683 -1.07896e-15
  0.568302 -9.28786e-16
  0.596362 -8.41781e-16
   0.62594 -6.73964e-16
  0.657119 -1.3784e-16
  0.689984 -3.49452e-16
  0.724628 -2.29223e-16
  0.761147 2.52991e-16
  0.799642 4.95534e-16
   0.84022 1.72546e-16
  0.882994 9.08478e-16
  0.928082 3.63374e-16
   0.97561 -2.00051e-16
