     0.004 1.81293e-09
     0.012 7.24438e-09
      0.02 1.55358e-08
     0.028 2.32888e-08
     0.036 2.73537e-08
     0.044 2.80963e-08
     0.052 2.68175e-08
      0.06 2.50474e-08
     0.068 2.39237e-08
     0.076 2.42899e-08
     0.084 2.58786e-08
     0.092 2.79425e-08
       0.1 2.97557e-08
     0.108 3.09643e-08
     0.116 3.14172e-08
     0.124 3.12092e-08
     0.132 3.03956e-08
      0.14 2.92032e-08
     0.148 2.76967e-08
     0.156 2.60654e-08
     0.164 2.43047e-08
     0.172 2.25663e-08
      0.18 2.08238e-08
     0.188 1.91793e-08
     0.196  1.757e-08
  0.204065 1.61231e-08
  0.212415 1.47551e-08
  0.221217 1.34652e-08
  0.230495 1.22099e-08
  0.240275 1.10914e-08
  0.250584 1.00696e-08
  0.261452 9.19564e-09
  0.272907 8.42718e-09
  0.284982 7.77408e-09
  0.297711 7.2088e-09
  0.311128 6.72338e-09
  0.325272 6.29914e-09
   0.34018 5.92529e-09
  0.355896 5.5898e-09
  0.372462 5.28666e-09
  0.389924 5.00816e-09
  0.408331 4.74981e-09
  0.427734 4.50792e-09
  0.448188 4.27918e-09
  0.469747 4.06041e-09
  0.492474 3.85102e-09
  0.516431 3.6498e-09
  0.541683 3.45599e-09
  0.568302 3.26902e-09
  0.596362 3.08695e-09
   0.62594 2.90467e-09
  0.657119 2.71587e-09
  0.689984 2.51659e-09
  0.724628 2.32391e-09
  0.761147 2.1833e-09
  0.799642 2.15027e-09
   0.84022 2.19062e-09
  0.882994 2.09919e-09
  0.928082 1.61626e-09
   0.97561 6.23507e-10
