     0.004 5.53364e-11
     0.012 1.07435e-10
      0.02 1.1843e-10
     0.028 1.13401e-10
     0.036 1.05921e-10
     0.044 9.95271e-11
     0.052 9.46253e-11
      0.06 9.10275e-11
     0.068 8.85812e-11
     0.076 8.71808e-11
     0.084 8.6735e-11
     0.092 8.69746e-11
       0.1 8.77959e-11
     0.108 8.88876e-11
     0.116 9.01531e-11
     0.124 9.14426e-11
     0.132 9.29987e-11
      0.14 9.3026e-11
     0.148 9.30891e-11
     0.156  9.277e-11
     0.164 9.18866e-11
     0.172 9.03583e-11
      0.18 8.80641e-11
     0.188 8.48419e-11
     0.196 8.0482e-11
  0.204065 7.47795e-11
  0.212415 6.77375e-11
  0.221217 5.97542e-11
  0.230495 5.15161e-11
  0.240275  4.359e-11
  0.250584 3.67002e-11
  0.261452 3.13839e-11
  0.272907 2.83852e-11
  0.284982 2.76179e-11
  0.297711 2.87858e-11
  0.311128 3.07981e-11
  0.325272 3.31732e-11
   0.34018 3.52409e-11
  0.355896 3.69928e-11
  0.372462 3.81448e-11
  0.389924 3.88793e-11
  0.408331 3.90764e-11
  0.427734 3.89501e-11
  0.448188 3.8444e-11
  0.469747 3.77387e-11
  0.492474 3.68223e-11
  0.516431 3.58192e-11
  0.541683 3.47368e-11
  0.568302 3.36396e-11
  0.596362 3.25676e-11
   0.62594 3.1545e-11
  0.657119 3.05897e-11
  0.689984 2.97217e-11
  0.724628 2.89654e-11
  0.761147 2.82954e-11
  0.799642 2.77668e-11
   0.84022 2.73297e-11
  0.882994 2.70039e-11
  0.928082 2.6865e-11
   0.97561 2.68214e-11
