     0.004 1.32166e-05
     0.012 6.0073e-05
      0.02 0.000112509
     0.028 0.000159945
     0.036 0.000198672
     0.044 0.000227691
     0.052 0.000247271
      0.06 0.000258295
     0.068 0.000261917
     0.076 0.000259373
     0.084 0.000251874
     0.092 0.000240553
       0.1 0.000226422
     0.108 0.000210372
     0.116 0.00019316
     0.124 0.000175419
     0.132 0.000157664
      0.14 0.000140305
     0.148 0.000123656
     0.156 0.000107949
     0.164 9.3345e-05
     0.172 7.99451e-05
      0.18 6.7801e-05
     0.188 5.69247e-05
     0.196 4.72958e-05
  0.204065 3.88056e-05
  0.212415 3.12336e-05
  0.221217 2.45015e-05
  0.230495 1.86723e-05
  0.240275 1.37859e-05
  0.250584 9.85676e-06
  0.261452 6.87147e-06
  0.272907 4.78874e-06
  0.284982 3.5405e-06
  0.297711 3.03484e-06
  0.311128 3.16065e-06
  0.325272 3.79363e-06
   0.34018 4.80342e-06
  0.355896 6.0611e-06
  0.372462 7.44652e-06
  0.389924 8.85469e-06
  0.408331 1.02005e-05
  0.427734 1.14216e-05
  0.448188 1.24787e-05
  0.469747 1.33542e-05
  0.492474 1.40486e-05
  0.516431 1.4576e-05
  0.541683 1.49594e-05
  0.568302 1.52257e-05
  0.596362 1.54022e-05
   0.62594 1.55135e-05
  0.657119  1.558e-05
  0.689984 1.56176e-05
  0.724628 1.56376e-05
  0.761147 1.56476e-05
  0.799642 1.56523e-05
   0.84022 1.56543e-05
  0.882994 1.5655e-05
  0.928082 1.56553e-05
   0.97561 1.56554e-05
