     0.004 4.52671e-19
     0.012 4.63941e-19
      0.02 4.72323e-19
     0.028 4.70197e-19
     0.036 4.58748e-19
     0.044 4.44836e-19
     0.052 4.32699e-19
      0.06 4.24136e-19
     0.068 4.18818e-19
     0.076 4.14627e-19
     0.084 4.08307e-19
     0.092 3.97314e-19
       0.1 3.80168e-19
     0.108 3.56969e-19
     0.116 3.28902e-19
     0.124 2.97893e-19
     0.132 2.65835e-19
      0.14 2.34539e-19
     0.148 2.05434e-19
     0.156 1.7947e-19
     0.164 1.57076e-19
     0.172 1.38348e-19
      0.18 1.23121e-19
     0.188 1.11073e-19
     0.196 1.01747e-19
  0.204065 9.45863e-20
  0.212415 8.89602e-20
  0.221217 8.44415e-20
  0.230495 8.06447e-20
  0.240275 7.72101e-20
  0.250584 7.3884e-20
  0.261452 7.05476e-20
  0.272907 6.71711e-20
  0.284982 6.3837e-20
  0.297711 6.06507e-20
  0.311128 5.77464e-20
  0.325272 5.52303e-20
   0.34018 5.31906e-20
  0.355896 5.16727e-20
  0.372462 5.06876e-20
  0.389924 5.02219e-20
  0.408331 5.02429e-20
  0.427734 5.0711e-20
  0.448188 5.15851e-20
  0.469747 5.28218e-20
  0.492474 5.4386e-20
  0.516431 5.62379e-20
  0.541683 5.8341e-20
  0.568302 6.06673e-20
  0.596362 6.31874e-20
   0.62594 6.58762e-20
  0.657119 6.87036e-20
  0.689984 7.16318e-20
  0.724628 7.46017e-20
  0.761147 7.75329e-20
  0.799642 8.03898e-20
   0.84022 8.32361e-20
  0.882994 8.61735e-20
  0.928082 8.91054e-20
   0.97561 9.13419e-20
