     0.004 0.00514133
     0.012  0.0109611
      0.02  0.0150006
     0.028  0.0178854
     0.036  0.0199335
     0.044  0.0213397
     0.052  0.0222383
      0.06  0.0227286
     0.068  0.0228874
     0.076   0.022776
     0.084  0.0224444
     0.092  0.0219341
       0.1  0.0212802
     0.108  0.0205121
     0.116   0.019655
     0.124  0.0187307
     0.132  0.0177575
      0.14  0.0167514
     0.148  0.0157262
     0.156  0.0146935
     0.164  0.0136635
     0.172  0.0126448
      0.18  0.0116448
     0.188    0.01067
     0.196 0.00972582
  0.204065 0.00880972
  0.212415 0.00790362
  0.221217 0.00700022
  0.230495 0.00611102
  0.240275 0.00525089
  0.250584 0.00443999
  0.261452 0.00370715
  0.272907 0.00309475
  0.284982 0.00266101
  0.297711 0.00246367
  0.311128 0.00251422
  0.325272  0.0027545
   0.34018 0.00309949
  0.355896 0.00348169
  0.372462 0.00385915
  0.389924 0.00420825
  0.408331 0.00451675
  0.427734 0.00477946
  0.448188 0.00499574
  0.469747 0.00516802
  0.492474 0.00530067
  0.516431 0.00539926
  0.541683  0.0054698
  0.568302 0.00551828
  0.596362 0.00555017
   0.62594 0.00557018
  0.657119 0.00558211
  0.689984 0.00558885
  0.724628 0.00559243
  0.761147 0.00559421
  0.799642 0.00559504
   0.84022  0.0055954
  0.882994 0.00559554
  0.928082  0.0055956
   0.97561 0.00559561
