     0.004 0.00502156
     0.012  0.0145542
      0.02  0.0235729
     0.028  0.0320957
     0.036  0.0401418
     0.044  0.0477302
     0.052  0.0548796
      0.06  0.0616084
     0.068  0.0679347
     0.076  0.0738763
     0.084  0.0794506
     0.092  0.0846745
       0.1  0.0895649
     0.108  0.0941378
     0.116  0.0984091
     0.124   0.102394
     0.132   0.106108
      0.14   0.109565
     0.148   0.112779
     0.156   0.115764
     0.164   0.118533
     0.172   0.121098
      0.18   0.123472
     0.188   0.125666
     0.196   0.127691
  0.204065   0.129573
  0.212415   0.131365
  0.221217   0.133091
  0.230495   0.134745
  0.240275   0.136316
  0.250584   0.137799
  0.261452   0.139187
  0.272907   0.140475
  0.284982   0.141657
  0.297711   0.142732
  0.311128   0.143698
  0.325272   0.144556
   0.34018   0.145306
  0.355896   0.145954
  0.372462   0.146503
  0.389924   0.146961
  0.408331   0.147335
  0.427734   0.147635
  0.448188   0.147869
  0.469747   0.148047
  0.492474   0.148179
  0.516431   0.148274
  0.541683   0.148339
  0.568302   0.148383
  0.596362   0.148412
   0.62594   0.148429
  0.657119   0.148439
  0.689984   0.148445
  0.724628   0.148448
  0.761147   0.148449
  0.799642    0.14845
   0.84022    0.14845
  0.882994    0.14845
  0.928082    0.14845
   0.97561    0.14845
