     0.004 -1.39476e-15
     0.012 -3.903e-15
      0.02 2.10845e-14
     0.028 4.6945e-14
     0.036 1.66886e-14
     0.044 -4.43627e-14
     0.052 -7.63898e-14
      0.06 -3.99305e-14
     0.068 3.04442e-14
     0.076 5.60409e-14
     0.084 4.53425e-14
     0.092 3.49581e-14
       0.1 2.55184e-14
     0.108 1.87614e-14
     0.116 1.10606e-14
     0.124 1.91163e-15
     0.132 -3.50964e-15
      0.14 -4.07797e-15
     0.148 -6.57552e-15
     0.156 -1.14565e-14
     0.164 -1.15906e-14
     0.172 -8.37424e-15
      0.18 -4.71063e-15
     0.188 -2.5415e-15
     0.196 -3.79246e-15
  0.204065 -3.51545e-15
  0.212415 3.66794e-16
  0.221217 -5.65775e-16
  0.230495 -4.21547e-15
  0.240275 -3.91964e-15
  0.250584 -1.5664e-15
  0.261452 -1.56508e-15
  0.272907 -3.77865e-15
  0.284982 -3.34217e-15
  0.297711 -2.8167e-15
  0.311128 -2.56803e-15
  0.325272 -2.41258e-15
   0.34018 -2.04992e-15
  0.355896 -1.89397e-15
  0.372462 -6.74471e-16
  0.389924 -9.23726e-17
  0.408331 -3.92872e-16
  0.427734 -3.79037e-17
  0.448188 8.97041e-16
  0.469747 1.20827e-15
  0.492474 2.07601e-15
  0.516431 2.52019e-15
  0.541683 2.68279e-15
  0.568302 2.46443e-15
  0.596362 2.40419e-15
   0.62594 1.04984e-15
  0.657119 -2.23129e-17
  0.689984 4.15982e-16
  0.724628 5.06129e-17
  0.761147 -2.3038e-16
  0.799642 -1.173e-16
   0.84022 6.51593e-16
  0.882994 -1.92117e-15
  0.928082 1.59616e-16
   0.97561 1.94816e-15
