     0.004 7.7318e-10
     0.012 3.37466e-09
      0.02 7.3836e-09
     0.028 1.12127e-08
     0.036 1.34229e-08
     0.044 1.40794e-08
     0.052 1.36089e-08
      0.06 1.26428e-08
     0.068 1.17026e-08
     0.076 1.14295e-08
     0.084 1.19552e-08
     0.092 1.30384e-08
       0.1 1.42495e-08
     0.108 1.52968e-08
     0.116 1.60214e-08
     0.124 1.63964e-08
     0.132 1.64079e-08
      0.14 1.61518e-08
     0.148 1.56488e-08
     0.156 1.5007e-08
     0.164 1.42147e-08
     0.172 1.33822e-08
      0.18 1.24881e-08
     0.188 1.16131e-08
     0.196 1.07085e-08
  0.204065 9.89411e-09
  0.212415 9.10368e-09
  0.221217 8.33417e-09
  0.230495 7.53242e-09
  0.240275 6.80239e-09
  0.250584 6.09588e-09
  0.261452 5.48018e-09
  0.272907 4.91326e-09
  0.284982 4.43818e-09
  0.297711 4.02629e-09
  0.311128 3.70217e-09
  0.325272 3.43652e-09
   0.34018 3.23718e-09
  0.355896 3.06834e-09
  0.372462 2.93024e-09
  0.389924 2.79076e-09
  0.408331 2.65301e-09
  0.427734 2.49958e-09
  0.448188 2.33925e-09
  0.469747 2.16827e-09
  0.492474 1.99775e-09
  0.516431 1.83148e-09
  0.541683 1.67706e-09
  0.568302 1.53765e-09
  0.596362 1.41424e-09
   0.62594 1.30395e-09
  0.657119 1.2017e-09
  0.689984 1.10297e-09
  0.724628 1.01176e-09
  0.761147 9.44371e-10
  0.799642 9.22192e-10
   0.84022 9.31153e-10
  0.882994 8.86642e-10
  0.928082 6.80338e-10
   0.97561 2.6212e-10
