     0.004 2.58403e-11
     0.012 5.43387e-11
      0.02 6.70161e-11
     0.028 7.42376e-11
     0.036 8.09454e-11
     0.044 8.7808e-11
     0.052 9.45527e-11
      0.06 1.00892e-10
     0.068 1.06684e-10
     0.076 1.11855e-10
     0.084 1.16376e-10
     0.092 1.20213e-10
       0.1 1.23369e-10
     0.108 1.25819e-10
     0.116 1.27572e-10
     0.124 1.28621e-10
     0.132 1.2902e-10
      0.14 1.28523e-10
     0.148 1.27349e-10
     0.156 1.25428e-10
     0.164 1.22727e-10
     0.172 1.19218e-10
      0.18 1.14864e-10
     0.188 1.09619e-10
     0.196 1.03438e-10
  0.204065 9.6254e-11
  0.212415 8.8022e-11
  0.221217 7.89475e-11
  0.230495 6.94707e-11
  0.240275 6.00631e-11
  0.250584 5.13119e-11
  0.261452 4.38937e-11
  0.272907 3.86295e-11
  0.284982 3.61186e-11
  0.297711 3.64165e-11
  0.311128 3.87506e-11
  0.325272 4.21446e-11
   0.34018 4.57324e-11
  0.355896 4.90018e-11
  0.372462 5.1617e-11
  0.389924 5.34518e-11
  0.408331 5.44415e-11
  0.427734 5.46286e-11
  0.448188 5.40683e-11
  0.469747 5.28714e-11
  0.492474 5.11426e-11
  0.516431 4.90091e-11
  0.541683 4.65857e-11
  0.568302 4.39855e-11
  0.596362 4.13152e-11
   0.62594 3.86606e-11
  0.657119 3.61033e-11
  0.689984 3.37019e-11
  0.724628 3.15134e-11
  0.761147 2.95659e-11
  0.799642 2.79065e-11
   0.84022 2.65417e-11
  0.882994 2.55003e-11
  0.928082 2.47945e-11
   0.97561 2.44013e-11
