     0.004 3.41197e-05
     0.012 0.00012852
      0.02 0.000207871
     0.028 0.000257124
     0.036 0.000278129
     0.044 0.000277058
     0.052 0.000260618
      0.06 0.000234726
     0.068 0.000204095
     0.076 0.00017221
     0.084 0.000141464
     0.092 0.000113359
       0.1 8.87015e-05
     0.108 6.77951e-05
     0.116 5.05939e-05
     0.124 3.68306e-05
     0.132 2.61131e-05
      0.14 1.79958e-05
     0.148 1.20287e-05
     0.156 7.7889e-06
     0.164 4.8988e-06
     0.172 3.03453e-06
      0.18 1.92749e-06
     0.188 1.36148e-06
     0.196 1.16739e-06
  0.204065 1.21783e-06
  0.212415 1.42789e-06
  0.221217 1.7398e-06
  0.230495 2.10427e-06
  0.240275 2.48116e-06
  0.250584 2.84032e-06
  0.261452 3.16152e-06
  0.272907 3.43357e-06
  0.284982 3.65288e-06
  0.297711 3.82153e-06
  0.311128 3.94536e-06
  0.325272 4.03215e-06
   0.34018 4.09015e-06
  0.355896 4.12704e-06
  0.372462 4.14933e-06
  0.389924 4.16207e-06
  0.408331 4.16894e-06
  0.427734 4.17241e-06
  0.448188 4.17406e-06
  0.469747 4.17478e-06
  0.492474 4.17507e-06
  0.516431 4.17517e-06
  0.541683 4.1752e-06
  0.568302 4.17521e-06
  0.596362 4.17521e-06
   0.62594 4.1752e-06
  0.657119 4.1752e-06
  0.689984 4.1752e-06
  0.724628 4.17519e-06
  0.761147 4.17519e-06
  0.799642 4.17519e-06
   0.84022 4.17519e-06
  0.882994 4.17518e-06
  0.928082 4.17518e-06
   0.97561 4.17518e-06
