     0.004 1.40574e-18
     0.012 1.43958e-18
      0.02 1.4632e-18
     0.028 1.45353e-18
     0.036 1.41528e-18
     0.044 1.36898e-18
     0.052 1.32479e-18
      0.06 1.28488e-18
     0.068 1.24622e-18
     0.076 1.20298e-18
     0.084 1.14866e-18
     0.092 1.08065e-18
       0.1  9.998e-19
     0.108 9.10496e-19
     0.116 8.18423e-19
     0.124 7.29261e-19
     0.132 6.4694e-19
      0.14 5.73847e-19
     0.148 5.10772e-19
     0.156 4.57284e-19
     0.164 4.1214e-19
     0.172 3.73898e-19
      0.18 3.41174e-19
     0.188 3.12875e-19
     0.196 2.88165e-19
  0.204065 2.66346e-19
  0.212415 2.4669e-19
  0.221217 2.29055e-19
  0.230495 2.13475e-19
  0.240275 1.9992e-19
  0.250584 1.88356e-19
  0.261452 1.7869e-19
  0.272907 1.70772e-19
  0.284982 1.64452e-19
  0.297711 1.59564e-19
  0.311128 1.55982e-19
  0.325272 1.53587e-19
   0.34018 1.52295e-19
  0.355896 1.52041e-19
  0.372462 1.52771e-19
  0.389924 1.54454e-19
  0.408331 1.57045e-19
  0.427734 1.60511e-19
  0.448188 1.64822e-19
  0.469747 1.69936e-19
  0.492474 1.75833e-19
  0.516431 1.82459e-19
  0.541683 1.89756e-19
  0.568302 1.97681e-19
  0.596362 2.06169e-19
   0.62594 2.15161e-19
  0.657119 2.24575e-19
  0.689984 2.34297e-19
  0.724628 2.44137e-19
  0.761147 2.53835e-19
  0.799642 2.63278e-19
   0.84022 2.72675e-19
  0.882994 2.82361e-19
  0.928082 2.92019e-19
   0.97561 2.99393e-19
