     0.004 0.00826072
     0.012  0.0160324
      0.02  0.0203898
     0.028   0.022677
     0.036  0.0235851
     0.044  0.0235397
     0.052  0.0228306
      0.06  0.0216668
     0.068  0.0202037
     0.076  0.0185585
     0.084  0.0168205
     0.092  0.0150572
       0.1  0.0133193
     0.108  0.0116443
     0.116  0.0100592
     0.124 0.00858261
     0.132 0.00722677
      0.14  0.0059993
     0.148 0.00490484
     0.156 0.00394687
     0.164 0.00313011
     0.172 0.00246355
      0.18 0.00196341
     0.188 0.00165014
     0.196   0.001528
  0.204065 0.00156066
  0.212415 0.00168991
  0.221217 0.00186537
  0.230495 0.00205147
  0.240275 0.00222763
  0.250584 0.00238341
  0.261452 0.00251456
  0.272907 0.00262052
  0.284982 0.00270292
  0.297711 0.00276461
  0.311128 0.00280904
  0.325272 0.00283977
   0.34018 0.00286012
  0.355896 0.00287299
  0.372462 0.00288074
  0.389924 0.00288516
  0.408331 0.00288754
  0.427734 0.00288874
  0.448188 0.00288931
  0.469747 0.00288956
  0.492474 0.00288966
  0.516431  0.0028897
  0.541683 0.00288971
  0.568302 0.00288971
  0.596362 0.00288971
   0.62594 0.00288971
  0.657119 0.00288971
  0.689984  0.0028897
  0.724628  0.0028897
  0.761147  0.0028897
  0.799642  0.0028897
   0.84022  0.0028897
  0.882994  0.0028897
  0.928082  0.0028897
   0.97561  0.0028897
