     0.004 0.00856902
     0.012  0.0241768
      0.02  0.0382826
     0.028  0.0509848
     0.036  0.0623836
     0.044  0.0725771
     0.052  0.0816602
      0.06  0.0897245
     0.068  0.0968578
     0.076   0.103144
     0.084   0.108662
     0.092   0.113488
       0.1   0.117691
     0.108   0.121337
     0.116   0.124487
     0.124   0.127198
     0.132   0.129521
      0.14   0.131504
     0.148   0.133188
     0.156   0.134613
     0.164   0.135813
     0.172    0.13682
      0.18   0.137661
     0.188    0.13836
     0.196   0.138938
  0.204065   0.139418
  0.212415   0.139824
  0.221217   0.140169
  0.230495   0.140456
  0.240275    0.14069
  0.250584   0.140878
  0.261452   0.141025
  0.272907   0.141136
  0.284982    0.14122
  0.297711   0.141279
  0.311128   0.141321
  0.325272   0.141349
   0.34018   0.141367
  0.355896   0.141378
  0.372462   0.141385
  0.389924   0.141389
  0.408331   0.141391
  0.427734   0.141392
  0.448188   0.141392
  0.469747   0.141392
  0.492474   0.141393
  0.516431   0.141393
  0.541683   0.141393
  0.568302   0.141393
  0.596362   0.141393
   0.62594   0.141393
  0.657119   0.141393
  0.689984   0.141393
  0.724628   0.141393
  0.761147   0.141393
  0.799642   0.141393
   0.84022   0.141393
  0.882994   0.141393
  0.928082   0.141393
   0.97561   0.141393
