     0.004 -6.67842e-15
     0.012 -4.07397e-14
      0.02 -2.37243e-14
     0.028 3.49662e-14
     0.036 2.79542e-14
     0.044 -2.97019e-14
     0.052 -2.94063e-14
      0.06 3.66839e-14
     0.068 1.03832e-13
     0.076 9.5141e-14
     0.084 2.91832e-14
     0.092 -2.08372e-14
       0.1 -2.57213e-14
     0.108 -2.47408e-15
     0.116 1.02003e-14
     0.124 6.63068e-15
     0.132 6.00211e-16
      0.14 -4.18132e-15
     0.148 -8.26737e-15
     0.156 -8.99982e-15
     0.164 -6.9062e-15
     0.172 -3.21788e-15
      0.18 -7.90675e-17
     0.188 1.03221e-15
     0.196 6.82868e-16
  0.204065 9.06999e-16
  0.212415 1.98763e-15
  0.221217 8.48174e-16
  0.230495 -1.28298e-15
  0.240275 -2.87138e-15
  0.250584 -4.93503e-15
  0.261452 -6.10246e-15
  0.272907 -5.88491e-15
  0.284982 -4.78048e-15
  0.297711 -2.59645e-15
  0.311128 -3.4637e-16
  0.325272 1.63315e-15
   0.34018 2.97873e-15
  0.355896 3.21565e-15
  0.372462 3.74521e-15
  0.389924 3.76788e-15
  0.408331 1.78557e-15
  0.427734 7.39007e-16
  0.448188 3.48044e-16
  0.469747 -5.93075e-16
  0.492474 -6.7934e-16
  0.516431 -8.90563e-16
  0.541683 -9.53269e-16
  0.568302 -9.25075e-16
  0.596362 -7.00581e-16
   0.62594 -1.11413e-15
  0.657119 -1.11577e-15
  0.689984 -4.65542e-16
  0.724628 -3.70302e-16
  0.761147 -2.01524e-16
  0.799642 4.15279e-16
   0.84022 6.06688e-16
  0.882994 -2.25474e-16
  0.928082 1.15958e-15
   0.97561 1.09845e-15
