     0.004 1.3793e-09
     0.012 5.61921e-09
      0.02 1.20699e-08
     0.028 1.80801e-08
     0.036 2.12082e-08
     0.044 2.17234e-08
     0.052 2.06156e-08
      0.06 1.91573e-08
     0.068 1.83777e-08
     0.076 1.9015e-08
     0.084 2.07707e-08
     0.092 2.28848e-08
       0.1 2.46851e-08
     0.108 2.5852e-08
     0.116 2.62485e-08
     0.124 2.59825e-08
     0.132 2.51007e-08
      0.14 2.38586e-08
     0.148 2.23275e-08
     0.156 2.07309e-08
     0.164 1.90781e-08
     0.172 1.75346e-08
      0.18 1.60776e-08
     0.188 1.47936e-08
     0.196 1.36199e-08
  0.204065 1.26378e-08
  0.212415 1.17563e-08
  0.221217 1.09381e-08
  0.230495 1.01174e-08
  0.240275 9.36355e-09
  0.250584 8.62149e-09
  0.261452 7.94489e-09
  0.272907 7.29178e-09
  0.284982 6.70299e-09
  0.297711 6.15292e-09
  0.311128 5.66624e-09
  0.325272 5.22672e-09
   0.34018 4.84469e-09
  0.355896 4.50732e-09
  0.372462 4.21545e-09
  0.389924 3.95848e-09
  0.408331 3.73125e-09
  0.427734 3.5264e-09
  0.448188 3.33848e-09
  0.469747 3.1624e-09
  0.492474 2.9959e-09
  0.516431 2.83693e-09
  0.541683 2.68424e-09
  0.568302 2.53704e-09
  0.596362 2.39375e-09
   0.62594 2.25054e-09
  0.657119 2.10275e-09
  0.689984 1.94748e-09
  0.724628 1.79739e-09
  0.761147 1.68603e-09
  0.799642 1.65448e-09
   0.84022 1.67756e-09
  0.882994 1.60147e-09
  0.928082 1.23045e-09
   0.97561 4.7432e-10
