     0.004 4.27491e-11
     0.012 8.37232e-11
      0.02 9.3759e-11
     0.028 9.2132e-11
     0.036 8.91393e-11
     0.044 8.72492e-11
     0.052 8.65601e-11
      0.06 8.67703e-11
     0.068 8.76345e-11
     0.076 8.89811e-11
     0.084 9.06692e-11
     0.092 9.25074e-11
       0.1 9.44131e-11
     0.108 9.62198e-11
     0.116 9.78738e-11
     0.124 9.93015e-11
     0.132 1.00631e-10
      0.14 1.00899e-10
     0.148 1.00925e-10
     0.156 1.00463e-10
     0.164 9.93916e-11
     0.172 9.76425e-11
      0.18 9.51237e-11
     0.188 9.17264e-11
     0.196 8.73205e-11
  0.204065 8.17809e-11
  0.212415 7.50947e-11
  0.221217 6.7534e-11
  0.230495 5.95759e-11
  0.240275 5.16536e-11
  0.250584 4.42891e-11
  0.261452 3.79552e-11
  0.272907 3.32996e-11
  0.284982 3.06803e-11
  0.297711 3.02444e-11
  0.311128 3.13997e-11
  0.325272 3.35265e-11
   0.34018 3.58561e-11
  0.355896 3.80616e-11
  0.372462 3.9781e-11
  0.389924 4.09941e-11
  0.408331 4.15829e-11
  0.427734 4.1659e-11
  0.448188 4.12095e-11
  0.469747 4.03842e-11
  0.492474 3.92219e-11
  0.516431 3.78505e-11
  0.541683 3.63197e-11
  0.568302 3.47193e-11
  0.596362 3.31035e-11
   0.62594 3.15297e-11
  0.657119 3.00295e-11
  0.689984 2.86423e-11
  0.724628 2.73976e-11
  0.761147 2.62951e-11
  0.799642 2.53781e-11
   0.84022 2.46169e-11
  0.882994 2.40393e-11
  0.928082 2.36837e-11
   0.97561 2.34829e-11
