     0.004 6.34152e-06
     0.012 2.2441e-05
      0.02 4.11174e-05
     0.028 6.14808e-05
     0.036 8.24872e-05
     0.044 0.000103165
     0.052 0.000122705
      0.06 0.000140484
     0.068 0.000156055
     0.076 0.000169135
     0.084 0.000179573
     0.092 0.000187332
       0.1 0.000192461
     0.108 0.000195076
     0.116 0.000195347
     0.124 0.000193475
     0.132 0.000189688
      0.14 0.000184227
     0.148 0.000177338
     0.156 0.000169266
     0.164 0.000160248
     0.172 0.000150515
      0.18 0.000140281
     0.188 0.000129746
     0.196 0.000119092
  0.204065 0.000108416
  0.212415 9.76272e-05
  0.221217 8.67087e-05
  0.230495 7.58245e-05
  0.240275 6.51496e-05
  0.250584 5.48661e-05
  0.261452 4.51584e-05
  0.272907 3.62067e-05
  0.284982 2.81793e-05
  0.297711 2.12246e-05
  0.311128 1.54622e-05
  0.325272 1.09737e-05
   0.34018 7.79548e-06
  0.355896 5.91228e-06
  0.372462 5.25372e-06
  0.389924 5.69463e-06
  0.408331 7.05989e-06
  0.427734 9.13434e-06
  0.448188 1.16779e-05
  0.469747 1.44447e-05
  0.492474 1.7205e-05
  0.516431 1.97663e-05
  0.541683 2.19896e-05
  0.568302 2.37992e-05
  0.596362 2.51802e-05
   0.62594 2.61678e-05
  0.657119 2.6829e-05
  0.689984 2.72428e-05
  0.724628 2.74844e-05
  0.761147 2.76159e-05
  0.799642 2.76823e-05
   0.84022 2.77133e-05
  0.882994 2.77267e-05
  0.928082 2.77319e-05
   0.97561 2.77336e-05
