     0.004 9.17034e-15
     0.012 7.58318e-15
      0.02 6.22365e-15
     0.028 5.10278e-15
     0.036 4.17884e-15
     0.044 3.41004e-15
     0.052 2.77421e-15
      0.06 2.25416e-15
     0.068 1.83277e-15
     0.076 1.49377e-15
     0.084 1.22251e-15
     0.092 1.00628e-15
       0.1 8.34228e-16
     0.108 6.97338e-16
     0.116 5.88226e-16
     0.124 5.00967e-16
     0.132 4.30867e-16
      0.14 3.74238e-16
     0.148 3.28199e-16
     0.156 2.90509e-16
     0.164 2.5943e-16
     0.172 2.33614e-16
      0.18 2.12019e-16
     0.188 1.93833e-16
     0.196 1.78418e-16
  0.204065 1.65175e-16
  0.212415 1.53466e-16
  0.221217 1.42947e-16
  0.230495 1.33507e-16
  0.240275 1.2503e-16
  0.250584 1.17403e-16
  0.261452 1.10522e-16
  0.272907 1.04288e-16
  0.284982 9.8615e-17
  0.297711 9.3426e-17
  0.311128 8.86555e-17
  0.325272 8.42487e-17
   0.34018 8.01603e-17
  0.355896 7.6353e-17
  0.372462 7.27965e-17
  0.389924 6.94655e-17
  0.408331 6.63389e-17
  0.427734 6.33992e-17
  0.448188 6.0632e-17
  0.469747 5.80258e-17
  0.492474 5.55712e-17
  0.516431 5.32614e-17
  0.541683 5.10913e-17
  0.568302 4.90577e-17
  0.596362 4.71594e-17
   0.62594 4.53965e-17
  0.657119 4.37706e-17
  0.689984 4.2285e-17
  0.724628 4.09439e-17
  0.761147 3.97535e-17
  0.799642 3.87213e-17
   0.84022 3.78582e-17
  0.882994 3.71821e-17
  0.928082 3.67153e-17
   0.97561 3.64758e-17
