     0.004 -1.38243e-05
     0.012  -1.62e-05
      0.02 -1.54914e-05
     0.028 -1.47227e-05
     0.036 -1.39076e-05
     0.044 -1.30949e-05
     0.052 -1.23064e-05
      0.06 -1.15513e-05
     0.068 -1.08325e-05
     0.076 -1.01502e-05
     0.084 -9.50367e-06
     0.092 -8.89141e-06
       0.1 -8.31192e-06
     0.108 -7.76366e-06
     0.116 -7.24517e-06
     0.124 -6.75506e-06
     0.132 -6.29202e-06
      0.14 -5.85482e-06
     0.148 -5.4423e-06
     0.156 -5.0534e-06
     0.164 -4.68712e-06
     0.172 -4.34254e-06
      0.18 -4.0189e-06
     0.188 -3.71561e-06
     0.196 -3.43086e-06
  0.204065 -3.17639e-06
  0.212415 -2.96224e-06
  0.221217 -2.74548e-06
  0.230495 -2.5295e-06
  0.240275 -2.3148e-06
  0.250584 -2.10227e-06
  0.261452 -1.89314e-06
  0.272907 -1.68878e-06
  0.284982 -1.49073e-06
  0.297711 -1.30054e-06
  0.311128 -1.11982e-06
  0.325272 -9.50091e-07
   0.34018 -7.92812e-07
  0.355896 -6.49264e-07
  0.372462 -5.20505e-07
  0.389924 -4.07298e-07
  0.408331 -3.10036e-07
  0.427734 -2.28685e-07
  0.448188 -1.62733e-07
  0.469747 -1.11174e-07
  0.492474 -7.2532e-08
  0.516431 -4.49479e-08
  0.541683 -2.63192e-08
  0.568302 -1.44942e-08
  0.596362 -7.47848e-09
   0.62594 -3.60436e-09
  0.657119 -1.61838e-09
  0.689984 -6.74833e-10
  0.724628 -2.60133e-10
  0.761147 -9.21039e-11
  0.799642 -2.97052e-11
   0.84022 -8.63962e-12
  0.882994 -2.23426e-12
  0.928082 -4.90795e-13
   0.97561 -5.87749e-14
