     0.004 -1.74277e-05
     0.012 -1.57298e-05
      0.02 -1.44864e-05
     0.028 -1.38917e-05
     0.036 -1.34724e-05
     0.044 -1.31133e-05
     0.052 -1.27734e-05
      0.06 -1.24369e-05
     0.068 -1.20979e-05
     0.076 -1.17546e-05
     0.084 -1.14073e-05
     0.092 -1.10568e-05
       0.1 -1.07042e-05
     0.108 -1.03506e-05
     0.116 -9.99719e-06
     0.124 -9.64493e-06
     0.132 -9.29474e-06
      0.14 -8.94744e-06
     0.148 -8.60378e-06
     0.156 -8.26439e-06
     0.164 -7.92983e-06
     0.172 -7.60055e-06
      0.18 -7.27683e-06
     0.188 -6.95873e-06
     0.196 -6.64301e-06
  0.204065 -6.31815e-06
  0.212415 -5.97483e-06
  0.221217 -5.62043e-06
  0.230495 -5.26433e-06
  0.240275 -4.90832e-06
  0.250584 -4.55393e-06
  0.261452 -4.20256e-06
  0.272907 -3.8556e-06
  0.284982 -3.51444e-06
  0.297711 -3.18055e-06
  0.311128 -2.85548e-06
  0.325272 -2.54086e-06
   0.34018 -2.23838e-06
  0.355896 -1.94983e-06
  0.372462 -1.677e-06
  0.389924 -1.42169e-06
  0.408331 -1.18565e-06
  0.427734 -9.70484e-07
  0.448188 -7.77593e-07
  0.469747 -6.0804e-07
  0.492474 -4.62429e-07
  0.516431 -3.40763e-07
  0.541683 -2.42319e-07
  0.568302 -1.6558e-07
  0.596362 -1.08253e-07
   0.62594 -6.74279e-08
  0.657119 -3.98466e-08
  0.689984 -2.22485e-08
  0.724628 -1.16882e-08
  0.761147 -5.75214e-09
  0.799642 -2.63937e-09
   0.84022 -1.12316e-09
  0.882994 -4.39762e-10
  0.928082 -1.54002e-10
   0.97561 -3.6229e-11
