     0.004 0.00356133
     0.012 0.00669941
      0.02 0.00906834
     0.028  0.0110888
     0.036  0.0128442
     0.044  0.0143642
     0.052  0.0156656
      0.06  0.0167621
     0.068  0.0176667
     0.076  0.0183921
     0.084  0.0189512
     0.092  0.0193562
       0.1  0.0196194
     0.108  0.0197523
     0.116   0.019766
     0.124  0.0196711
     0.132  0.0194776
      0.14  0.0191952
     0.148  0.0188329
     0.156  0.0183992
     0.164  0.0179024
     0.172  0.0173502
      0.18    0.01675
     0.188  0.0161087
     0.196  0.0154332
  0.204065  0.0147252
  0.212415  0.0139733
  0.221217  0.0131688
  0.230495  0.0123146
  0.240275  0.0114149
  0.250584  0.0104753
  0.261452 0.00950352
  0.272907  0.0085096
  0.284982 0.00750723
  0.297711 0.00651531
  0.311128 0.00556096
  0.325272  0.0046848
   0.34018 0.00394854
  0.355896 0.00343869
  0.372462 0.00324152
  0.389924  0.0033748
  0.408331 0.00375763
  0.427734 0.00427419
  0.448188 0.00483278
  0.469747 0.00537488
  0.492474 0.00586601
  0.516431 0.00628749
  0.541683 0.00663169
  0.568302 0.00689916
  0.596362 0.00709651
   0.62594 0.00723434
  0.657119 0.00732516
  0.689984 0.00738143
  0.724628  0.0074141
  0.761147 0.00743181
  0.799642 0.00744074
   0.84022 0.00744491
  0.882994  0.0074467
  0.928082  0.0074474
   0.97561 0.00744763
