     0.004 0.00384104
     0.012  0.0108349
      0.02  0.0170871
     0.028   0.023034
     0.036  0.0287854
     0.044  0.0343792
     0.052  0.0398282
      0.06  0.0451358
     0.068  0.0503014
     0.076  0.0553234
     0.084     0.0602
     0.092  0.0649295
       0.1   0.069511
     0.108  0.0739436
     0.116  0.0782272
     0.124  0.0823623
     0.132  0.0863493
      0.14  0.0901894
     0.148   0.093884
     0.156  0.0974347
     0.164   0.100843
     0.172   0.104112
      0.18   0.107244
     0.188    0.11024
     0.196   0.113104
  0.204065   0.115857
  0.212415    0.11856
  0.221217   0.121246
  0.230495   0.123904
  0.240275   0.126522
  0.250584   0.129089
  0.261452   0.131592
  0.272907   0.134021
  0.284982   0.136362
  0.297711   0.138603
  0.311128   0.140732
  0.325272   0.142739
   0.34018   0.144611
  0.355896    0.14634
  0.372462   0.147918
  0.389924   0.149337
  0.408331   0.150596
  0.427734   0.151691
  0.448188   0.152626
  0.469747   0.153405
  0.492474   0.154038
  0.516431   0.154537
  0.541683   0.154917
  0.568302   0.155195
  0.596362   0.155391
   0.62594   0.155522
  0.657119   0.155605
  0.689984   0.155655
  0.724628   0.155684
  0.761147   0.155699
  0.799642   0.155706
   0.84022    0.15571
  0.882994   0.155711
  0.928082   0.155712
   0.97561   0.155712
