     0.004 -1.21835e-12
     0.012 1.55411e-12
      0.02 7.23792e-13
     0.028 -5.51355e-13
     0.036 1.08874e-13
     0.044 4.08721e-13
     0.052 1.57276e-13
      0.06 -2.608e-14
     0.068 -1.01284e-13
     0.076 -1.10049e-13
     0.084 -1.9214e-14
     0.092 1.60468e-13
       0.1 3.05885e-13
     0.108 3.95251e-13
     0.116  4.212e-13
     0.124 3.96955e-13
     0.132 3.23963e-13
      0.14 2.55953e-13
     0.148 2.07787e-13
     0.156 1.48145e-13
     0.164 9.65453e-14
     0.172 5.03723e-14
      0.18 2.0625e-14
     0.188 -4.9165e-15
     0.196 -2.53534e-14
  0.204065 -2.46733e-14
  0.212415 -1.75341e-14
  0.221217 -3.26977e-14
  0.230495 -6.54607e-14
  0.240275 -8.99865e-14
  0.250584 -1.26984e-13
  0.261452 -1.33994e-13
  0.272907 -5.99519e-14
  0.284982 2.46328e-14
  0.297711 5.49639e-14
  0.311128 4.07335e-14
  0.325272 8.03999e-15
   0.34018 -1.25519e-15
  0.355896 5.52875e-15
  0.372462 7.85251e-15
  0.389924 1.30118e-14
  0.408331 1.98048e-14
  0.427734 2.72118e-14
  0.448188 3.1226e-14
  0.469747 3.58023e-14
  0.492474 4.53036e-14
  0.516431 5.85451e-14
  0.541683 6.95353e-14
  0.568302 6.99423e-14
  0.596362 6.40364e-14
   0.62594 5.92757e-14
  0.657119 5.11245e-14
  0.689984 4.29959e-14
  0.724628 3.6095e-14
  0.761147 3.23944e-14
  0.799642 3.35802e-14
   0.84022 3.04494e-14
  0.882994 6.34153e-15
  0.928082 9.33457e-15
   0.97561 1.43735e-14
