     0.004 2.67906e-07
     0.012 6.94237e-07
      0.02 6.20701e-07
     0.028 5.26019e-07
     0.036 4.64946e-07
     0.044 4.21194e-07
     0.052 3.85202e-07
      0.06 3.5284e-07
     0.068 3.22256e-07
     0.076 2.93254e-07
     0.084 2.6625e-07
     0.092 2.41596e-07
       0.1 2.19413e-07
     0.108 1.99644e-07
     0.116 1.82097e-07
     0.124 1.66562e-07
     0.132 1.52804e-07
      0.14 1.40645e-07
     0.148 1.29914e-07
     0.156 1.20473e-07
     0.164 1.12175e-07
     0.172 1.04878e-07
      0.18 9.84273e-08
     0.188 9.26813e-08
     0.196 8.74835e-08
  0.204065 8.26725e-08
  0.212415 7.79673e-08
  0.221217 7.32454e-08
  0.230495 6.8536e-08
  0.240275 6.39809e-08
  0.250584 5.95996e-08
  0.261452 5.54893e-08
  0.272907 5.16368e-08
  0.284982 4.80925e-08
  0.297711 4.48186e-08
  0.311128 4.1816e-08
  0.325272 3.90259e-08
   0.34018 3.64332e-08
  0.355896 3.40023e-08
  0.372462 3.1729e-08
  0.389924 2.95953e-08
  0.408331 2.75992e-08
  0.427734 2.57252e-08
  0.448188 2.39659e-08
  0.469747 2.23047e-08
  0.492474 2.07295e-08
  0.516431 1.92226e-08
  0.541683 1.77709e-08
  0.568302 1.63604e-08
  0.596362 1.49824e-08
   0.62594 1.36291e-08
  0.657119 1.22925e-08
  0.689984 1.09647e-08
  0.724628 9.63878e-09
  0.761147 8.31412e-09
  0.799642 7.01992e-09
   0.84022 5.80304e-09
  0.882994 4.59411e-09
  0.928082 3.15116e-09
   0.97561 1.18714e-09
