     0.004 4.8041e-07
     0.012 6.84094e-07
      0.02 6.57944e-07
     0.028 5.45957e-07
     0.036 4.12713e-07
     0.044 2.96604e-07
     0.052 2.15928e-07
      0.06 1.69904e-07
     0.068 1.44993e-07
     0.076 1.28256e-07
     0.084 1.13968e-07
     0.092 1.01032e-07
       0.1 8.95888e-08
     0.108 7.9703e-08
     0.116 7.12115e-08
     0.124 6.38855e-08
     0.132 5.75225e-08
      0.14 5.19719e-08
     0.148 4.71142e-08
     0.156 4.28547e-08
     0.164 3.91122e-08
     0.172 3.58208e-08
      0.18 3.29238e-08
     0.188 3.03755e-08
     0.196 2.8135e-08
  0.204065 2.61512e-08
  0.212415 2.43478e-08
  0.221217 2.26848e-08
  0.230495 2.1155e-08
  0.240275 1.97489e-08
  0.250584 1.84538e-08
  0.261452 1.72583e-08
  0.272907 1.61498e-08
  0.284982 1.51174e-08
  0.297711 1.41503e-08
  0.311128 1.32391e-08
  0.325272 1.23751e-08
   0.34018 1.15518e-08
  0.355896 1.07644e-08
  0.372462 1.00099e-08
  0.389924 9.28633e-09
  0.408331 8.5924e-09
  0.427734 7.92767e-09
  0.448188 7.29208e-09
  0.469747 6.68595e-09
  0.492474 6.10997e-09
  0.516431 5.56504e-09
  0.541683 5.05249e-09
  0.568302 4.57361e-09
  0.596362 4.12961e-09
   0.62594 3.72163e-09
  0.657119 3.35038e-09
  0.689984 3.01544e-09
  0.724628 2.71492e-09
  0.761147 2.4454e-09
  0.799642 2.20358e-09
   0.84022 1.99972e-09
  0.882994 1.87563e-09
  0.928082 1.87181e-09
   0.97561 2.00575e-09
