     0.004 2.58414e-05
     0.012 0.000103875
      0.02 0.000177017
     0.028 0.000230276
     0.036 0.000262057
     0.044 0.000274995
     0.052 0.000273004
      0.06 0.000260092
     0.068 0.000239857
     0.076 0.000215303
     0.084 0.000188802
     0.092 0.00016214
       0.1 0.000136581
     0.108 0.000112964
     0.116 9.17817e-05
     0.124 7.32609e-05
     0.132 5.74336e-05
      0.14 4.41942e-05
     0.148 3.33471e-05
     0.156 2.46443e-05
     0.164 1.7814e-05
     0.172 1.25812e-05
      0.18 8.68213e-06
     0.188 5.87364e-06
     0.196 3.93856e-06
  0.204065 2.67986e-06
  0.212415 1.93484e-06
  0.221217 1.60141e-06
  0.230495 1.59914e-06
  0.240275 1.84656e-06
  0.250584 2.26546e-06
  0.261452 2.7848e-06
  0.272907 3.34388e-06
  0.284982 3.8944e-06
  0.297711 4.4014e-06
  0.311128 4.84292e-06
  0.325272 5.2086e-06
   0.34018 5.49745e-06
  0.355896 5.71535e-06
  0.372462 5.87236e-06
  0.389924 5.9803e-06
  0.408331 6.05101e-06
  0.427734 6.09505e-06
  0.448188 6.12105e-06
  0.469747 6.13555e-06
  0.492474 6.14315e-06
  0.516431 6.1469e-06
  0.541683 6.1486e-06
  0.568302 6.14935e-06
  0.596362 6.1496e-06
   0.62594 6.1497e-06
  0.657119 6.14975e-06
  0.689984 6.14975e-06
  0.724628 6.14975e-06
  0.761147 6.14975e-06
  0.799642 6.14975e-06
   0.84022 6.1497e-06
  0.882994 6.1497e-06
  0.928082 6.1497e-06
   0.97561 6.1497e-06
