     0.004 9.97542e-19
     0.012 1.02173e-18
      0.02 1.03887e-18
     0.028 1.03239e-18
     0.036 1.00553e-18
     0.044 9.7318e-19
     0.052 9.43283e-19
      0.06 9.17975e-19
     0.068 8.95183e-19
     0.076 8.70116e-19
     0.084 8.36958e-19
     0.092 7.92553e-19
       0.1 7.36537e-19
     0.108 6.7168e-19
     0.116 6.02371e-19
     0.124 5.33568e-19
     0.132 4.69139e-19
      0.14 4.1188e-19
     0.148  3.632e-19
     0.156 3.23252e-19
     0.164 2.91184e-19
     0.172 2.65673e-19
      0.18 2.45207e-19
     0.188 2.28383e-19
     0.196 2.14002e-19
  0.204065 2.01103e-19
  0.212415 1.88889e-19
  0.221217 1.77107e-19
  0.230495 1.6576e-19
  0.240275 1.54924e-19
  0.250584 1.44821e-19
  0.261452 1.35734e-19
  0.272907 1.27866e-19
  0.284982 1.21339e-19
  0.297711 1.16157e-19
  0.311128 1.1228e-19
  0.325272 1.09606e-19
   0.34018 1.08017e-19
  0.355896 1.07388e-19
  0.372462 1.0761e-19
  0.389924 1.08606e-19
  0.408331 1.10306e-19
  0.427734 1.1266e-19
  0.448188 1.1563e-19
  0.469747 1.19178e-19
  0.492474 1.23282e-19
  0.516431 1.27902e-19
  0.541683 1.32995e-19
  0.568302 1.3853e-19
  0.596362 1.4446e-19
   0.62594 1.50745e-19
  0.657119 1.57326e-19
  0.689984 1.64123e-19
  0.724628 1.71005e-19
  0.761147 1.77788e-19
  0.799642 1.84393e-19
   0.84022 1.90967e-19
  0.882994 1.97743e-19
  0.928082 2.04502e-19
   0.97561 2.09661e-19
