     0.004 0.00718907
     0.012  0.0144136
      0.02  0.0188158
     0.028  0.0214605
     0.036  0.0228936
     0.044  0.0234519
     0.052  0.0233668
      0.06  0.0228075
     0.068  0.0219024
     0.076   0.020751
     0.084  0.0194321
     0.092  0.0180078
       0.1  0.0165276
     0.108  0.0150309
     0.116  0.0135486
     0.124  0.0121046
     0.132  0.0107176
      0.14 0.00940151
     0.148 0.00816665
     0.156 0.00702059
     0.164 0.00596893
     0.172 0.00501622
      0.18 0.00416704
     0.188 0.00342743
     0.196 0.00280662
  0.204065 0.00231511
  0.212415 0.00196715
  0.221217 0.00178964
  0.230495 0.00178837
  0.240275 0.00192175
  0.250584 0.00212859
  0.261452    0.00236
  0.272907 0.00258607
  0.284982 0.00279084
  0.297711 0.00296695
  0.311128 0.00311221
  0.325272 0.00322757
   0.34018 0.00331586
  0.355896 0.00338093
  0.372462 0.00342706
  0.389924 0.00345841
  0.408331  0.0034788
  0.427734 0.00349143
  0.448188 0.00349887
  0.469747 0.00350301
  0.492474 0.00350518
  0.516431 0.00350625
  0.541683 0.00350674
  0.568302 0.00350695
  0.596362 0.00350702
   0.62594 0.00350705
  0.657119 0.00350706
  0.689984 0.00350706
  0.724628 0.00350706
  0.761147 0.00350706
  0.799642 0.00350706
   0.84022 0.00350705
  0.882994 0.00350705
  0.928082 0.00350705
   0.97561 0.00350705
