     0.004 0.00727539
     0.012  0.0207294
      0.02  0.0330961
     0.028  0.0444346
     0.036  0.0548055
     0.044  0.0642686
     0.052  0.0728822
      0.06  0.0807031
     0.068  0.0877862
     0.076  0.0941846
     0.084  0.0999495
     0.092    0.10513
       0.1   0.109772
     0.108   0.113922
     0.116    0.11762
     0.124   0.120907
     0.132    0.12382
      0.14   0.126395
     0.148   0.128664
     0.156   0.130658
     0.164   0.132405
     0.172    0.13393
      0.18   0.135259
     0.188   0.136413
     0.196   0.137411
  0.204065    0.13828
  0.212415   0.139051
  0.221217   0.139741
  0.230495    0.14035
  0.240275    0.14088
  0.250584   0.141334
  0.261452   0.141716
  0.272907   0.142033
  0.284982    0.14229
  0.297711   0.142494
  0.311128   0.142652
  0.325272   0.142771
   0.34018   0.142859
  0.355896   0.142921
  0.372462   0.142964
  0.389924   0.142993
  0.408331   0.143011
  0.427734   0.143022
  0.448188   0.143028
  0.469747   0.143031
  0.492474   0.143033
  0.516431   0.143034
  0.541683   0.143034
  0.568302   0.143035
  0.596362   0.143035
   0.62594   0.143035
  0.657119   0.143035
  0.689984   0.143035
  0.724628   0.143035
  0.761147   0.143035
  0.799642   0.143035
   0.84022   0.143035
  0.882994   0.143035
  0.928082   0.143035
   0.97561   0.143035
