     0.004 -3.60241e-15
     0.012 -2.02112e-14
      0.02 4.67147e-15
     0.028 4.89065e-14
     0.036 2.03184e-14
     0.044 -5.35114e-14
     0.052 -7.61572e-14
      0.06 -1.58346e-14
     0.068 7.05974e-14
     0.076 8.7929e-14
     0.084 5.43487e-14
     0.092 2.51554e-14
       0.1 -3.8704e-16
     0.108 -1.23919e-14
     0.116 -3.97962e-15
     0.124 2.2054e-15
     0.132 -1.5041e-15
      0.14 -3.82941e-15
     0.148 -6.61646e-15
     0.156 -9.48567e-15
     0.164 -9.78462e-15
     0.172 -6.82058e-15
      0.18 -2.72723e-15
     0.188 -5.42561e-16
     0.196 -8.40771e-16
  0.204065 3.52946e-16
  0.212415 2.51623e-15
  0.221217 5.22659e-16
  0.230495 -1.60294e-15
  0.240275 -1.89244e-15
  0.250584 -3.10095e-15
  0.261452 -4.73893e-15
  0.272907 -6.1798e-15
  0.284982 -6.15617e-15
  0.297711 -4.81519e-15
  0.311128 -3.54739e-15
  0.325272 -2.14609e-15
   0.34018 6.62064e-17
  0.355896 1.81467e-15
  0.372462 2.61564e-15
  0.389924 3.64247e-15
  0.408331 3.6258e-15
  0.427734 2.73549e-15
  0.448188 2.21637e-15
  0.469747 1.00916e-15
  0.492474 4.64868e-16
  0.516431 -7.64338e-17
  0.541683 -3.86758e-16
  0.568302 -7.02034e-16
  0.596362 -6.24523e-16
   0.62594 -1.2662e-15
  0.657119 -1.46615e-15
  0.689984 -5.9112e-16
  0.724628 -4.86655e-16
  0.761147 -3.81963e-16
  0.799642 1.84888e-16
   0.84022 8.5107e-16
  0.882994 -1.01951e-15
  0.928082 1.18265e-15
   0.97561 2.09372e-15
