     0.004 1.15969e-09
     0.012 4.82641e-09
      0.02 1.04204e-08
     0.028 1.56557e-08
     0.036 1.84369e-08
     0.044 1.89525e-08
     0.052 1.79768e-08
      0.06 1.65741e-08
     0.068 1.56535e-08
     0.076 1.60095e-08
     0.084 1.75044e-08
     0.092 1.94791e-08
       0.1 2.12954e-08
     0.108 2.26075e-08
     0.116  2.326e-08
     0.124 2.33036e-08
     0.132 2.27552e-08
      0.14 2.18207e-08
     0.148 2.05478e-08
     0.156 1.91391e-08
     0.164 1.75941e-08
     0.172 1.60918e-08
      0.18 1.46136e-08
     0.188 1.32784e-08
     0.196 1.20375e-08
  0.204065 1.10038e-08
  0.212415 1.00984e-08
  0.221217 9.30628e-09
  0.230495 8.56897e-09
  0.240275 7.94334e-09
  0.250584 7.36875e-09
  0.261452 6.87441e-09
  0.272907 6.40303e-09
  0.284982 5.97844e-09
  0.297711 5.5608e-09
  0.311128 5.17406e-09
  0.325272 4.79192e-09
   0.34018 4.43764e-09
  0.355896 4.09828e-09
  0.372462 3.79224e-09
  0.389924 3.51334e-09
  0.408331 3.26873e-09
  0.427734 3.05307e-09
  0.448188 2.86413e-09
  0.469747 2.69521e-09
  0.492474 2.54223e-09
  0.516431 2.4008e-09
  0.541683 2.26784e-09
  0.568302 2.14127e-09
  0.596362 2.01889e-09
   0.62594 1.89704e-09
  0.657119 1.77157e-09
  0.689984 1.63996e-09
  0.724628 1.51267e-09
  0.761147 1.41763e-09
  0.799642 1.3892e-09
   0.84022 1.40663e-09
  0.882994 1.34162e-09
  0.928082 1.03032e-09
   0.97561 3.97093e-10
