     0.004 3.65504e-11
     0.012 7.25657e-11
      0.02 8.29994e-11
     0.028 8.41578e-11
     0.036 8.4603e-11
     0.044 8.61438e-11
     0.052 8.86297e-11
      0.06 9.16467e-11
     0.068 9.48994e-11
     0.076 9.81926e-11
     0.084 1.01389e-10
     0.092 1.04341e-10
       0.1 1.06992e-10
     0.108 1.09235e-10
     0.116 1.11046e-10
     0.124 1.12383e-10
     0.132 1.13339e-10
      0.14 1.13317e-10
     0.148 1.12838e-10
     0.156 1.11749e-10
     0.164 1.0998e-10
     0.172 1.07489e-10
      0.18 1.0422e-10
     0.188 1.00104e-10
     0.196 9.50601e-11
  0.204065 8.90001e-11
  0.212415 8.18893e-11
  0.221217 7.39251e-11
  0.230495 6.5522e-11
  0.240275 5.70553e-11
  0.250584 4.90087e-11
  0.261452 4.18631e-11
  0.272907 3.62901e-11
  0.284982 3.28295e-11
  0.297711 3.18222e-11
  0.311128 3.28608e-11
  0.325272 3.52448e-11
   0.34018 3.8117e-11
  0.355896 4.09663e-11
  0.372462 4.33759e-11
  0.389924 4.5213e-11
  0.408331 4.63452e-11
  0.427734 4.68169e-11
  0.448188 4.66265e-11
  0.469747 4.5894e-11
  0.492474 4.46821e-11
  0.516431 4.31191e-11
  0.541683 4.1288e-11
  0.568302 3.92977e-11
  0.596362 3.72305e-11
   0.62594 3.51634e-11
  0.657119 3.31557e-11
  0.689984 3.1261e-11
  0.724628 2.95268e-11
  0.761147 2.79696e-11
  0.799642 2.66385e-11
   0.84022 2.55246e-11
  0.882994 2.46569e-11
  0.928082 2.40744e-11
   0.97561 2.37198e-11
