     0.004 1.80033e-05
     0.012 5.31874e-05
      0.02 8.75387e-05
     0.028 0.00012017
     0.036 0.000149368
     0.044 0.000173694
     0.052 0.00019225
      0.06 0.000204667
     0.068 0.000211026
     0.076 0.000211748
     0.084 0.00020749
     0.092 0.000199046
       0.1 0.000187273
     0.108 0.000173031
     0.116 0.000157141
     0.124 0.000140349
     0.132 0.000123309
      0.14 0.000106573
     0.148 9.05872e-05
     0.156 7.56903e-05
     0.164 6.21241e-05
     0.172 5.00395e-05
      0.18 3.95087e-05
     0.188 3.05366e-05
     0.196 2.30738e-05
  0.204065 1.69901e-05
  0.212415 1.20895e-05
  0.221217 8.27735e-06
  0.230495 5.51751e-06
  0.240275 3.73033e-06
  0.250584 2.79675e-06
  0.261452 2.56622e-06
  0.272907 2.86799e-06
  0.284982 3.52526e-06
  0.297711 4.37074e-06
  0.311128 5.26136e-06
  0.325272 6.08943e-06
   0.34018 6.78801e-06
  0.355896 7.32927e-06
  0.372462 7.71667e-06
  0.389924 7.97351e-06
  0.408331 8.13141e-06
  0.427734 8.22142e-06
  0.448188 8.26893e-06
  0.469747 8.2921e-06
  0.492474 8.3025e-06
  0.516431 8.30678e-06
  0.541683 8.30838e-06
  0.568302 8.30893e-06
  0.596362 8.30908e-06
   0.62594 8.30912e-06
  0.657119 8.30912e-06
  0.689984 8.30912e-06
  0.724628 8.30911e-06
  0.761147 8.3091e-06
  0.799642 8.30909e-06
   0.84022 8.30909e-06
  0.882994 8.30908e-06
  0.928082 8.30908e-06
   0.97561 8.30908e-06
