     0.004 2.19634e-14
     0.012 1.76958e-14
      0.02 1.38522e-14
     0.028 1.08164e-14
     0.036 8.48717e-15
     0.044 6.67487e-15
     0.052 5.25917e-15
      0.06 4.15976e-15
     0.068 3.31144e-15
     0.076 2.65958e-15
     0.084 2.15952e-15
     0.092 1.7756e-15
       0.1 1.47988e-15
     0.108 1.25076e-15
     0.116 1.07182e-15
     0.124 9.30705e-16
     0.132 8.18246e-16
      0.14 7.27626e-16
     0.148 6.53784e-16
     0.156 5.92948e-16
     0.164 5.42297e-16
     0.172 4.99708e-16
      0.18 4.63568e-16
     0.188 4.32639e-16
     0.196 4.05959e-16
  0.204065 3.82589e-16
  0.212415 3.61476e-16
  0.221217 3.42034e-16
  0.230495 3.24096e-16
  0.240275 3.07492e-16
  0.250584 2.92064e-16
  0.261452 2.77667e-16
  0.272907 2.64177e-16
  0.284982 2.51485e-16
  0.297711  2.395e-16
  0.311128 2.28148e-16
  0.325272 2.17367e-16
   0.34018 2.07108e-16
  0.355896 1.97331e-16
  0.372462 1.88002e-16
  0.389924 1.79096e-16
  0.408331 1.70594e-16
  0.427734 1.62478e-16
  0.448188 1.54738e-16
  0.469747 1.47366e-16
  0.492474 1.40358e-16
  0.516431 1.33711e-16
  0.541683 1.27426e-16
  0.568302 1.21509e-16
  0.596362 1.15964e-16
   0.62594 1.10801e-16
  0.657119 1.0603e-16
  0.689984 1.01666e-16
  0.724628 9.77235e-17
  0.761147 9.42236e-17
  0.799642 9.11893e-17
   0.84022 8.86547e-17
  0.882994 8.66742e-17
  0.928082 8.53156e-17
   0.97561 8.46282e-17
