     0.004 -3.14668e-05
     0.012 -3.45234e-05
      0.02 -3.15106e-05
     0.028 -2.88312e-05
     0.036 -2.62624e-05
     0.044 -2.38374e-05
     0.052 -2.1571e-05
      0.06 -1.9465e-05
     0.068 -1.75154e-05
     0.076 -1.57152e-05
     0.084 -1.4057e-05
     0.092 -1.2533e-05
       0.1 -1.11356e-05
     0.108 -9.85774e-06
     0.116 -8.69243e-06
     0.124 -7.63306e-06
     0.132 -6.67325e-06
      0.14 -5.80686e-06
     0.148 -5.02791e-06
     0.156 -4.33062e-06
     0.164 -3.70939e-06
     0.172 -3.15876e-06
      0.18 -2.67345e-06
     0.188 -2.2484e-06
     0.196 -1.87808e-06
  0.204065 -1.56278e-06
  0.212415 -1.29708e-06
  0.221217 -1.0559e-06
  0.230495 -8.41594e-07
  0.240275 -6.5471e-07
  0.250584 -4.95387e-07
  0.261452 -3.63154e-07
  0.272907 -2.56805e-07
  0.284982 -1.74353e-07
  0.297711 -1.13085e-07
  0.311128 -6.97133e-08
  0.325272 -4.06453e-08
   0.34018 -2.23078e-08
  0.355896 -1.14751e-08
  0.372462 -5.50849e-09
  0.389924 -2.45613e-09
  0.408331 -1.01157e-09
  0.427734 -3.82245e-10
  0.448188 -1.31475e-10
  0.469747 -4.07976e-11
  0.492474 -1.13127e-11
  0.516431 -2.77467e-12
  0.541683 -5.95054e-13
  0.568302 -1.09812e-13
  0.596362 -1.68695e-14
   0.62594 -1.92387e-15
  0.657119 -4.89374e-17
  0.689984 6.83452e-17
  0.724628 3.60544e-17
  0.761147 1.65957e-17
  0.799642 9.37894e-18
   0.84022 6.98133e-18
  0.882994 6.06789e-18
  0.928082 5.66343e-18
   0.97561 2.79825e-18
