     0.004 -2.62657e-05
     0.012 -2.29539e-05
      0.02 -2.07217e-05
     0.028 -1.95805e-05
     0.036 -1.86923e-05
     0.044 -1.78749e-05
     0.052 -1.70714e-05
      0.06 -1.62644e-05
     0.068 -1.54508e-05
     0.076 -1.46331e-05
     0.084 -1.38154e-05
     0.092 -1.30025e-05
       0.1 -1.21987e-05
     0.108 -1.1408e-05
     0.116 -1.0634e-05
     0.124 -9.8798e-06
     0.132 -9.14806e-06
      0.14 -8.44112e-06
     0.148 -7.76095e-06
     0.156 -7.10922e-06
     0.164 -6.4873e-06
     0.172 -5.89625e-06
      0.18 -5.33689e-06
     0.188 -4.80968e-06
     0.196 -4.31321e-06
  0.204065 -3.83999e-06
  0.212415 -3.38038e-06
  0.221217 -2.93661e-06
  0.230495 -2.51657e-06
  0.240275 -2.1238e-06
  0.250584 -1.76148e-06
  0.261452 -1.43241e-06
  0.272907 -1.13888e-06
  0.284982 -8.82535e-07
  0.297711 -6.64177e-07
  0.311128 -4.8354e-07
  0.325272 -3.39121e-07
   0.34018 -2.28112e-07
  0.355896 -1.46516e-07
  0.372462 -8.9459e-08
  0.389924 -5.16945e-08
  0.408331 -2.81454e-08
  0.427734 -1.43726e-08
  0.448188 -6.85131e-09
  0.469747 -3.03342e-09
  0.492474 -1.24047e-09
  0.516431 -4.65313e-10
  0.541683 -1.58411e-10
  0.568302 -4.7807e-11
  0.596362 -1.18329e-11
   0.62594 -1.45474e-12
  0.657119 1.05938e-12
  0.689984 1.43853e-12
  0.724628 1.32731e-12
  0.761147 1.14106e-12
  0.799642 9.70148e-13
   0.84022 8.31891e-13
  0.882994 7.32931e-13
  0.928082 6.7478e-13
   0.97561 3.27696e-13
