     0.004 0.00600055
     0.012  0.0103138
      0.02  0.0132317
     0.028  0.0155029
     0.036   0.017284
     0.044  0.0186384
     0.052  0.0196087
      0.06   0.020232
     0.068  0.0205439
     0.076   0.020579
     0.084  0.0203711
     0.092  0.0199522
       0.1  0.0193532
     0.108  0.0186028
     0.116   0.017728
     0.124   0.016754
     0.132  0.0157041
      0.14  0.0145995
     0.148  0.0134601
     0.156  0.0123037
     0.164  0.0111467
     0.172   0.010004
      0.18 0.00888917
     0.188 0.00781494
     0.196  0.0067932
  0.204065 0.00582925
  0.212415 0.00491722
  0.221217 0.00406875
  0.230495  0.0033219
  0.240275 0.00273142
  0.250584 0.00236506
  0.261452 0.00226549
  0.272907 0.00239499
  0.284982 0.00265528
  0.297711  0.0029566
  0.311128 0.00324387
  0.325272 0.00348982
   0.34018 0.00368456
  0.355896 0.00382865
  0.372462 0.00392853
  0.389924 0.00399337
  0.408331 0.00403272
  0.427734 0.00405498
  0.448188 0.00406668
  0.469747 0.00407237
  0.492474 0.00407492
  0.516431 0.00407597
  0.541683 0.00407637
  0.568302  0.0040765
  0.596362 0.00407654
   0.62594 0.00407655
  0.657119 0.00407655
  0.689984 0.00407655
  0.724628 0.00407655
  0.761147 0.00407654
  0.799642 0.00407654
   0.84022 0.00407654
  0.882994 0.00407654
  0.928082 0.00407654
   0.97561 0.00407654
