     0.004 0.00589763
     0.012  0.0162208
      0.02  0.0252273
     0.028  0.0336707
     0.036  0.0417161
     0.044  0.0494115
     0.052  0.0567687
      0.06  0.0637875
     0.068   0.070465
     0.076  0.0767987
     0.084  0.0827876
     0.092  0.0884327
       0.1   0.093737
     0.108  0.0987053
     0.116   0.103344
     0.124    0.10766
     0.132   0.111664
      0.14   0.115364
     0.148   0.118772
     0.156   0.121899
     0.164   0.124759
     0.172   0.127362
      0.18   0.129724
     0.188   0.131857
     0.196   0.133774
  0.204065   0.135503
  0.212415   0.137088
  0.221217   0.138549
  0.230495   0.139877
  0.240275   0.141068
  0.250584   0.142118
  0.261452   0.143026
  0.272907   0.143796
  0.284982   0.144432
  0.297711   0.144944
  0.311128   0.145342
  0.325272   0.145642
   0.34018   0.145858
  0.355896   0.146008
  0.372462   0.146106
  0.389924   0.146167
  0.408331   0.146203
  0.427734   0.146222
  0.448188   0.146232
  0.469747   0.146237
  0.492474   0.146239
  0.516431    0.14624
  0.541683   0.146241
  0.568302   0.146241
  0.596362   0.146241
   0.62594   0.146241
  0.657119   0.146241
  0.689984   0.146241
  0.724628   0.146241
  0.761147   0.146241
  0.799642   0.146241
   0.84022   0.146241
  0.882994   0.146241
  0.928082   0.146241
   0.97561   0.146241
