     0.004 -3.87939e-12
     0.012 4.90906e-12
      0.02 2.40191e-12
     0.028 -1.61792e-12
     0.036 -6.325e-14
     0.044 6.90779e-13
     0.052 3.13858e-13
      0.06 2.41735e-14
     0.068 -1.49732e-13
     0.076 -1.26685e-13
     0.084 1.06778e-13
     0.092 4.69885e-13
       0.1 7.16076e-13
     0.108 7.4537e-13
     0.116 6.81408e-13
     0.124 6.09285e-13
     0.132 4.93201e-13
      0.14 3.54573e-13
     0.148 2.20125e-13
     0.156 1.04561e-13
     0.164 3.50944e-14
     0.172 -9.8992e-15
      0.18 -2.93737e-14
     0.188 -3.09611e-14
     0.196 -2.02342e-14
  0.204065 -7.43428e-15
  0.212415 -1.28463e-15
  0.221217 -3.74674e-15
  0.230495 -1.02397e-14
  0.240275 -1.37104e-14
  0.250584 -1.02198e-14
  0.261452 -7.33255e-15
  0.272907 -6.44145e-15
  0.284982 -6.00843e-16
  0.297711 5.65419e-15
  0.311128 2.61733e-16
  0.325272 -9.39601e-15
   0.34018 -5.20107e-15
  0.355896 2.89022e-15
  0.372462 1.00774e-14
  0.389924  2.456e-14
  0.408331 3.62273e-14
  0.427734 3.52396e-14
  0.448188 3.08083e-14
  0.469747 2.97016e-14
  0.492474 2.86703e-14
  0.516431 2.5991e-14
  0.541683 2.38958e-14
  0.568302 2.42574e-14
  0.596362 2.41787e-14
   0.62594 2.41707e-14
  0.657119 2.45574e-14
  0.689984 2.6354e-14
  0.724628 2.60861e-14
  0.761147 2.2924e-14
  0.799642 2.61664e-14
   0.84022 2.15067e-14
  0.882994 1.6554e-14
  0.928082 1.48899e-14
   0.97561 -6.48491e-15
