     0.004 4.65036e-07
     0.012 1.09953e-06
      0.02 9.48305e-07
     0.028 7.77716e-07
     0.036 6.79112e-07
     0.044 6.11241e-07
     0.052 5.54054e-07
      0.06 5.0156e-07
     0.068 4.52244e-07
     0.076 4.06482e-07
     0.084 3.64867e-07
     0.092 3.27586e-07
       0.1 2.94529e-07
     0.108 2.65443e-07
     0.116 2.39927e-07
     0.124 2.17576e-07
     0.132 1.97969e-07
      0.14 1.80791e-07
     0.148 1.65762e-07
     0.156 1.52649e-07
     0.164 1.41206e-07
     0.172 1.31191e-07
      0.18 1.22342e-07
     0.188 1.14438e-07
     0.196 1.07234e-07
  0.204065 1.00575e-07
  0.212415 9.41123e-08
  0.221217 8.77507e-08
  0.230495 8.15317e-08
  0.240275 7.56861e-08
  0.250584 7.0222e-08
  0.261452 6.52632e-08
  0.272907 6.07486e-08
  0.284982 5.67036e-08
  0.297711 5.30278e-08
  0.311128 4.96971e-08
  0.325272 4.66296e-08
   0.34018 4.38036e-08
  0.355896 4.11683e-08
  0.372462 3.87065e-08
  0.389924 3.63892e-08
  0.408331 3.42026e-08
  0.427734 3.21262e-08
  0.448188 3.01437e-08
  0.469747 2.82393e-08
  0.492474 2.63979e-08
  0.516431 2.46068e-08
  0.541683 2.28548e-08
  0.568302 2.1134e-08
  0.596362 1.9437e-08
   0.62594 1.7757e-08
  0.657119 1.60842e-08
  0.689984 1.44115e-08
  0.724628 1.27371e-08
  0.761147 1.10711e-08
  0.799642 9.49439e-09
   0.84022 8.1235e-09
  0.882994 6.77552e-09
  0.928082 4.89032e-09
   0.97561 1.90562e-09
