     0.004 5.88657e-07
     0.012 6.89689e-07
      0.02 6.16079e-07
     0.028 5.07602e-07
     0.036 4.03553e-07
     0.044 3.23041e-07
     0.052 2.69727e-07
      0.06 2.34728e-07
     0.068 2.07869e-07
     0.076 1.84172e-07
     0.084 1.62644e-07
     0.092 1.43559e-07
       0.1 1.27044e-07
     0.108 1.1289e-07
     0.116 1.00733e-07
     0.124 9.02389e-08
     0.132 8.11325e-08
      0.14 7.3207e-08
     0.148 6.62872e-08
     0.156 6.02342e-08
     0.164 5.4926e-08
     0.172 5.02658e-08
      0.18 4.61677e-08
     0.188 4.25624e-08
     0.196 3.93852e-08
  0.204065 3.65592e-08
  0.212415 3.39725e-08
  0.221217 3.15687e-08
  0.230495 2.93366e-08
  0.240275 2.72642e-08
  0.250584 2.53354e-08
  0.261452 2.35376e-08
  0.272907 2.18568e-08
  0.284982 2.02825e-08
  0.297711 1.88031e-08
  0.311128 1.7411e-08
  0.325272 1.60993e-08
   0.34018 1.4864e-08
  0.355896 1.3701e-08
  0.372462 1.26075e-08
  0.389924 1.15808e-08
  0.408331 1.06184e-08
  0.427734 9.71807e-09
  0.448188 8.87731e-09
  0.469747 8.09382e-09
  0.492474 7.3656e-09
  0.516431 6.69066e-09
  0.541683 6.06763e-09
  0.568302 5.49512e-09
  0.596362 4.97185e-09
   0.62594 4.49663e-09
  0.657119 4.0678e-09
  0.689984 3.68142e-09
  0.724628 3.33032e-09
  0.761147 3.00367e-09
  0.799642 2.69086e-09
   0.84022 2.41792e-09
  0.882994 2.29718e-09
  0.928082 2.4271e-09
   0.97561 2.81544e-09
